100,'1-Holiday1-10000001',845,,32428,51,,,1,100,,32429,51,,,1,72,,32430,51,,,1,31,,32431,51,,,1,70,,32432,51,,,1,30,,32433,51,,,1,70,,32434,51,,,1,30,,32435,51,,,1,70,,32436,51,,,1,30,,32437,51,,,1,70,,32438,51,,,1,30,,32439,51,,,1,70,,32440,51,,,1,30,,32441,51,,,1,70,,32442,51,,,1,30,,32443,51,,,1,70,,32444,51,,,1,30,,32445,51,,,1,68,,32446,51,,,1,29,,32447,51,,,1,100,,32448,51,,,1,100,,32449,51,,,1,100,,32450,51,,,1,100,,32451,51,,,1,100,,32452,51,,,1,100,,32453,51,,,1
100,'1-Saturday-10000010',645,,32454,51,,,1,70,,32455,51,,,1,30,,32456,51,,,1,70,,32457,51,,,1,30,,32458,51,,,1,72,,32459,51,,,1,31,,32460,51,,,1,70,,32461,51,,,1,30,,32462,51,,,1,70,,32463,51,,,1,30,,32464,51,,,1,70,,32465,51,,,1,30,,32466,51,,,1,70,,32467,51,,,1,30,,32468,51,,,1,70,,32469,51,,,1,30,,32470,51,,,1,70,,32471,51,,,1,30,,32472,51,,,1,70,,32473,51,,,1,30,,32474,51,,,1,70,,32475,51,,,1,30,,32476,51,,,1,68,,32477,51,,,1,29,,32478,51,,,1,70,,32479,51,,,1,30,,32480,51,,,1,70,,32481,51,,,1,30,,32482,51,,,1,70,,32483,51,,,1,30,,32484,51,,,1,70,,32485,51,,,1,30,,32486,51,,,1,70,,32487,51,,,1,30,,32488,51,,,1,100,,32489,51,,,1
100,'1-Sunday-10000001',845,,32490,51,,,1,100,,32491,51,,,1,72,,32492,51,,,1,31,,32493,51,,,1,70,,32494,51,,,1,30,,32495,51,,,1,70,,32496,51,,,1,30,,32497,51,,,1,70,,32498,51,,,1,30,,32499,51,,,1,70,,32500,51,,,1,30,,32501,51,,,1,70,,32502,51,,,1,30,,32503,51,,,1,70,,32504,51,,,1,30,,32505,51,,,1,70,,32506,51,,,1,30,,32507,51,,,1,68,,32508,51,,,1,29,,32509,51,,,1,100,,32510,51,,,1,100,,32511,51,,,1,100,,32512,51,,,1,100,,32513,51,,,1,100,,32514,51,,,1,100,,32515,51,,,1
100,'1-Weekday-11111100',616,,32552,51,,,1,30,,32549,51,,,1,69,,32550,51,,,1,17,,32553,51,,,1,18,,32516,51,,,1,70,,32517,51,,,1,30,,32518,51,,,1,70,,32519,51,,,1,30,,32520,51,,,1,70,,32521,51,,,1,30,,32530,51,,,1,70,,32531,51,,,1,30,,32532,51,,,1,70,,32533,51,,,1,30,,32534,51,,,1,70,,32535,51,,,1,30,,32536,51,,,1,70,,32537,51,,,1,32,,32538,51,,,1,70,,32522,51,,,1,30,,32523,51,,,1,70,,32524,51,,,1,30,,32525,51,,,1,70,,32526,51,,,1,30,,32527,51,,,1,67,,32528,51,,,1,28,,32529,51,,,1,70,,32539,51,,,1,30,,32540,51,,,1,70,,32541,51,,,1,30,,32542,51,,,1,70,,32543,51,,,1,30,,32544,51,,,1,67,,32545,51,,,1,28,,32546,51,,,1,70,,32547,51,,,1,30,,32548,51,,,1,100,,32551,51,,,1
2301,'23-Saturday-10000010',733,,36731,24,,,1,70,,36732,24,,,1,30,,36733,24,,,1,70,,36734,24,,,1,31,,36735,24,,,1,70,,36736,24,,,1,30,,36737,24,,,1,70,,36738,24,,,1,30,,36739,24,,,1,70,,36740,24,,,1,30,,36741,24,,,1,70,,36742,24,,,1,30,,36743,24,,,1,70,,36744,24,,,1,30,,36745,24,,,1,70,,36746,24,,,1,30,,36747,24,,,1,70,,36748,24,,,1,30,,36749,24,,,1,70,,36750,24,,,1,30,,36751,24,,,1,70,,36752,24,,,1,29,,36753,24,,,1,70,,36754,24,,,1,30,,36755,24,,,1,70,,36759,24,,,1,30,,36756,24,,,1,70,,36757,24,,,1,30,,36758,24,,,1
2301,'23-Sunday-10000001',802,,36764,24,,,1,30,,36765,24,,,1,70,,36766,24,,,1,31,,36767,24,,,1,70,,36768,24,,,1,30,,36769,24,,,1,70,,36770,24,,,1,30,,36771,24,,,1,70,,36772,24,,,1,30,,36762,24,,,1,70,,36773,24,,,1,30,,36774,24,,,1,70,,36775,24,,,1,30,,36776,24,,,1,70,,36777,24,,,1,30,,36778,24,,,1,70,,36779,24,,,1,30,,36780,24,,,1,70,,36781,24,,,1,30,,36782,24,,,1,70,,36783,24,,,1,30,,36784,24,,,1,70,,36785,24,,,1,30,,36786,24,,,1,70,,36787,24,,,1,30,,36761,24,,,1,70,,36763,24,,,1,30,,36760,24,,,1
2301,'23-Weekday-11111100',549,,36821,24,,,1,85,,36820,24,,,1,70,,36819,24,,,1,31,,36818,24,,,1,70,,36817,24,,,1,30,,36816,24,,,1,70,,36815,24,,,1,30,,36814,24,,,1,69,,36813,24,,,1,30,,36812,24,,,1,70,,36811,24,,,1,30,,36810,24,,,1,70,,36809,24,,,1,30,,36808,24,,,1,70,,36807,24,,,1,30,,36806,24,,,1,70,,36805,24,,,1,30,,36804,24,,,1,72,,36803,24,,,1,30,,36802,24,,,1,70,,36801,24,,,1,30,,36800,24,,,1,70,,36799,24,,,1,30,,36798,24,,,1,69,,36797,24,,,1,28,,36796,24,,,1,70,,36795,24,,,1,30,,36794,24,,,1,70,,36793,24,,,1,30,,36792,24,,,1,70,,36791,24,,,1,30,,36790,24,,,1,70,,36788,24,,,1,29,,36789,24,,,1
2701,'27-Holiday1-10000001',751,,36973,11,,,1,70,,36974,11,,,1,30,,36975,11,,,1,70,,36976,11,,,1,30,,36977,11,,,1,70,,36978,11,,,1,30,,36979,11,,,1,70,,36980,11,,,1,30,,36981,11,,,1,70,,36982,11,,,1,30,,36983,11,,,1,70,,36984,11,,,1,30,,36985,11,,,1,70,,36986,11,,,1,30,,36987,11,,,1,70,,36988,11,,,1,30,,36989,11,,,1,70,,36990,11,,,1,30,,36991,11,,,1,70,,36992,11,,,1,30,,36993,11,,,1,70,,36994,11,,,1,30,,36995,11,,,1,70,,36996,11,,,1,30,,36997,11,,,1,70,,36998,11,,,1,30,,36999,11,,,1,70,,37000,11,,,1,30,,37001,11,,,1,70,,36971,11,,,1,30,,36972,11,,,1
2701,'27-Saturday-10000010',656,,37031,11,,,1,75,,37002,11,,,1,75,,37026,11,,,1,35,,37003,11,,,1,75,,37004,11,,,1,36,,37005,11,,,1,75,,37006,11,,,1,75,,37007,11,,,1,35,,37008,11,,,1,75,,37009,11,,,1,35,,37010,11,,,1,75,,37011,11,,,1,35,,37012,11,,,1,75,,37013,11,,,1,75,,37014,11,,,1,35,,37015,11,,,1,75,,37016,11,,,1,35,,37017,11,,,1,75,,37018,11,,,1,75,,37019,11,,,1,34,,37020,11,,,1,75,,37021,11,,,1,35,,37022,11,,,1,75,,37023,11,,,1,35,,37024,11,,,1,75,,37025,11,,,1,75,,37027,11,,,1,35,,37028,11,,,1,75,,37029,11,,,1,35,,37030,11,,,1
2701,'27-Sunday-10000001',731,,37032,11,,,1,75,,37033,11,,,1,35,,37034,11,,,1,75,,37035,11,,,1,35,,37036,11,,,1,75,,37037,11,,,1,75,,37038,11,,,1,35,,37039,11,,,1,75,,37040,11,,,1,35,,37041,11,,,1,75,,37042,11,,,1,35,,37043,11,,,1,75,,37044,11,,,1,75,,37045,11,,,1,35,,37046,11,,,1,75,,37047,11,,,1,35,,37048,11,,,1,75,,37049,11,,,1,75,,37050,11,,,1,35,,37051,11,,,1,75,,37052,11,,,1,35,,37053,11,,,1,75,,37054,11,,,1,35,,37055,11,,,1,75,,37056,11,,,1,75,,37057,11,,,1,35,,37058,11,,,1,75,,37059,11,,,1
2701,'27-Weekday-11111100',551,,37087,11,,,1,70,,37060,11,,,1,35,,37061,11,,,1,77,,37062,11,,,1,75,,37063,11,,,1,35,,37064,11,,,1,75,,37065,11,,,1,34,,37066,11,,,1,75,,37067,11,,,1,75,,37068,11,,,1,35,,37069,11,,,1,75,,37070,11,,,1,35,,37071,11,,,1,75,,37072,11,,,1,35,,37073,11,,,1,75,,37074,11,,,1,76,,37075,11,,,1,35,,37076,11,,,1,75,,37077,11,,,1,35,,37078,11,,,1,75,,37079,11,,,1,75,,37080,11,,,1,34,,37081,11,,,1,75,,37082,11,,,1,35,,37083,11,,,1,75,,37084,11,,,1,35,,37085,11,,,1,75,,37086,11,,,1,75,,37088,11,,,1,35,,37089,11,,,1,75,,37090,11,,,1,35,,37091,11,,,1
