700,'7-Holiday1-10000001',820,,33487,23,,,1,30,,33488,23,,,1,70,,33489,23,,,1,30,,33490,23,,,1,70,,33491,23,,,1,30,,33492,23,,,1,70,,33493,23,,,1,30,,33494,23,,,1,70,,33495,23,,,1,30,,33496,23,,,1,70,,33497,23,,,1,30,,33498,23,,,1,70,,33499,23,,,1,30,,33500,23,,,1,70,,33501,23,,,1,30,,33502,23,,,1,70,,33503,23,,,1,30,,33504,23,,,1,70,,33505,23,,,1,30,,33506,23,,,1,70,,33507,23,,,1,30,,33508,23,,,1,70,,33509,23,,,1,30,,33510,23,,,1,70,,33511,23,,,1,30,,33512,23,,,1,70,,33513,23,,,1,30,,33514,23,,,1,70,,33516,23,,,1,30,,33518,23,,,1,70,,33519,23,,,1,30,,33517,23,,,1,70,,33515,23,,,1
700,'7-Saturday-10000010',550,,33520,10,,,1,70,,33522,23,,,1,30,,33521,23,,,1,70,,33523,23,,,1,15,,33524,23,,,1,15,,33525,23,,,1,55,,33526,23,,,1,15,,33527,23,,,1,15,,33528,23,,,1,15,,33529,23,,,1,57,,33530,23,,,1,18,,33531,23,,,1,15,,33532,23,,,1,15,,33533,23,,,1,55,,33534,23,,,1,15,,33535,23,,,1,15,,33536,23,,,1,15,,33537,23,,,1,55,,33538,23,,,1,15,,33539,23,,,1,15,,33540,23,,,1,15,,33541,23,,,1,55,,33542,23,,,1,15,,33543,23,,,1,15,,33544,23,,,1,15,,33545,23,,,1,55,,33546,23,,,1,15,,33547,23,,,1,15,,33548,23,,,1,15,,33549,23,,,1,55,,33550,23,,,1,15,,33551,23,,,1,15,,33552,23,,,1,15,,33553,23,,,1,55,,33554,23,,,1,15,,33555,23,,,1,15,,33556,23,,,1,15,,33557,23,,,1,55,,33558,23,,,1,15,,33559,23,,,1,15,,33560,23,,,1,15,,33561,23,,,1,55,,33562,23,,,1,15,,33563,23,,,1,15,,33564,23,,,1,15,,33565,23,,,1,52,,33566,23,,,1,13,,33567,23,,,1,15,,33568,23,,,1,15,,33569,23,,,1,55,,33570,23,,,1,15,,33571,23,,,1,15,,33572,23,,,1,15,,33573,23,,,1,55,,33574,23,,,1,15,,33575,23,,,1,15,,33576,23,,,1,15,,33577,23,,,1,55,,33578,23,,,1,15,,33579,23,,,1,15,,33580,23,,,1,15,,33581,23,,,1,55,,33582,23,,,1,15,,33583,23,,,1,15,,33584,23,,,1,15,,33585,23,,,1,55,,33586,23,,,1,15,,33587,23,,,1,15,,33588,23,,,1,15,,33589,23,,,1,70,,33590,23,,,1
700,'7-Sunday-10000001',822,,33591,23,,,1,30,,33592,23,,,1,70,,33593,23,,,1,15,,33594,23,,,1,15,,33595,23,,,1,57,,33596,23,,,1,15,,33597,23,,,1,15,,33598,23,,,1,15,,33599,23,,,1,55,,33600,23,,,1,15,,33601,23,,,1,15,,33602,23,,,1,15,,33603,23,,,1,55,,33604,23,,,1,15,,33605,23,,,1,15,,33606,23,,,1,15,,33607,23,,,1,55,,33608,23,,,1,15,,33609,23,,,1,15,,33610,23,,,1,15,,33611,23,,,1,55,,33612,23,,,1,15,,33613,23,,,1,15,,33614,23,,,1,15,,33615,23,,,1,55,,33616,23,,,1,15,,33617,23,,,1,15,,33618,23,,,1,15,,33619,23,,,1,55,,33620,23,,,1,15,,33621,23,,,1,15,,33622,23,,,1,15,,33623,23,,,1,55,,33624,23,,,1,15,,33625,23,,,1,15,,33626,23,,,1,15,,33627,23,,,1,53,,33628,23,,,1,13,,33629,23,,,1,15,,33630,23,,,1,15,,33631,23,,,1,55,,33632,23,,,1,15,,33633,23,,,1,15,,33634,23,,,1,15,,33635,23,,,1,55,,33636,23,,,1,15,,33637,23,,,1,15,,33638,23,,,1,15,,33639,23,,,1,55,,33640,23,,,1,15,,33641,23,,,1,15,,33642,23,,,1,15,,33643,23,,,1,55,,33649,23,,,1,15,,33645,23,,,1,15,,33650,23,,,1,15,,33647,23,,,1,55,,33651,23,,,1,15,,33648,23,,,1,15,,33652,23,,,1,15,,33646,23,,,1,70,,33644,23,,,1
700,'7-Weekday-11111100',535,,33726,10,,,1,15,,33727,23,,,1,55,,33653,23,,,1,15,,33654,23,,,1,15,,33655,23,,,1,15,,33656,23,,,1,57,,33657,23,,,1,16,,33658,23,,,1,15,,33659,23,,,1,15,,33660,23,,,1,55,,33661,23,,,1,15,,33662,23,,,1,15,,33663,23,,,1,15,,33664,23,,,1,55,,33665,23,,,1,15,,33666,23,,,1,16,,33667,23,,,1,16,,33668,23,,,1,55,,33669,23,,,1,15,,33670,23,,,1,15,,33671,23,,,1,15,,33672,23,,,1,55,,33673,23,,,1,15,,33674,23,,,1,15,,33675,23,,,1,15,,33676,23,,,1,55,,33677,23,,,1,15,,33678,23,,,1,15,,33679,23,,,1,15,,33680,23,,,1,55,,33681,23,,,1,15,,33682,23,,,1,15,,33683,23,,,1,15,,33684,23,,,1,55,,33685,23,,,1,15,,33686,23,,,1,16,,33687,23,,,1,15,,33688,23,,,1,55,,33689,23,,,1,15,,33690,23,,,1,15,,33691,23,,,1,15,,33692,23,,,1,55,,33693,23,,,1,15,,33694,23,,,1,15,,33695,23,,,1,15,,33696,23,,,1,55,,33697,23,,,1,15,,33698,23,,,1,15,,33699,23,,,1,15,,33700,23,,,1,53,,33701,23,,,1,14,,33702,23,,,1,15,,33703,23,,,1,15,,33704,23,,,1,55,,33705,23,,,1,15,,33706,23,,,1,15,,33707,23,,,1,15,,33708,23,,,1,55,,33709,23,,,1,15,,33710,23,,,1,15,,33711,23,,,1,15,,33712,23,,,1,55,,33713,23,,,1,15,,33714,23,,,1,15,,33715,23,,,1,15,,33716,23,,,1,53,,33717,23,,,1,13,,33718,23,,,1,15,,33719,23,,,1,15,,33720,23,,,1,55,,33721,23,,,1,15,,33722,23,,,1,15,,33723,23,,,1,15,,33724,23,,,1,70,,33725,23,,,1
800,'8-Holiday1-10000001',752,,34002,21,,,1,70,,33969,21,,,1,30,,33970,21,,,1,70,,33971,21,,,1,30,,33972,21,,,1,71,,33973,21,,,1,30,,33974,21,,,1,70,,33975,21,,,1,30,,33976,21,,,1,70,,33977,21,,,1,30,,33978,21,,,1,70,,33979,21,,,1,30,,33980,21,,,1,70,,33981,21,,,1,30,,33982,21,,,1,70,,33983,21,,,1,30,,33984,21,,,1,70,,33985,21,,,1,30,,33986,21,,,1,70,,33987,21,,,1,30,,33988,21,,,1,69,,33989,21,,,1,30,,33990,21,,,1,70,,33991,21,,,1,30,,33992,21,,,1,70,,33993,21,,,1,30,,33994,21,,,1,70,,33995,21,,,1,30,,33996,21,,,1,70,,33997,21,,,1,30,,33998,21,,,1,70,,33999,21,,,1,30,,34000,21,,,1,70,,34001,21,,,1
800,'8-Saturday-10000010',652,,34003,21,,,1,70,,34004,21,,,1,30,,34005,21,,,1,70,,34006,21,,,1,30,,34007,21,,,1,72,,34008,21,,,1,30,,34009,21,,,1,70,,34010,21,,,1,30,,34011,21,,,1,70,,34012,21,,,1,30,,34013,21,,,1,70,,34014,21,,,1,30,,34015,21,,,1,70,,34016,21,,,1,30,,34017,21,,,1,70,,34018,21,,,1,30,,34019,21,,,1,70,,34020,21,,,1,30,,34021,21,,,1,70,,34022,21,,,1,30,,34023,21,,,1,70,,34024,21,,,1,30,,34025,21,,,1,68,,34026,21,,,1,30,,34027,21,,,1,70,,34028,21,,,1,30,,34029,21,,,1,70,,34030,21,,,1,30,,34031,21,,,1,70,,34032,21,,,1,30,,34033,21,,,1,70,,34034,21,,,1,30,,34035,21,,,1,70,,34036,21,,,1,30,,34037,21,,,1,70,,34038,21,,,1
800,'8-Sunday-10000001',722,,34073,21,,,1,30,,34072,21,,,1,70,,34039,21,,,1,30,,34040,21,,,1,70,,34041,21,,,1,30,,34042,21,,,1,71,,34043,21,,,1,30,,34044,21,,,1,70,,34045,21,,,1,30,,34046,21,,,1,70,,34047,21,,,1,30,,34048,21,,,1,70,,34049,21,,,1,30,,34050,21,,,1,70,,34051,21,,,1,30,,34052,21,,,1,70,,34053,21,,,1,30,,34054,21,,,1,70,,34055,21,,,1,30,,34056,21,,,1,70,,34057,21,,,1,30,,34058,21,,,1,69,,34059,21,,,1,30,,34060,21,,,1,70,,34061,21,,,1,30,,34062,21,,,1,70,,34063,21,,,1,30,,34064,21,,,1,70,,34065,21,,,1,30,,34066,21,,,1,70,,34067,21,,,1,30,,34068,21,,,1,70,,34069,21,,,1,30,,34070,21,,,1,70,,34071,21,,,1
800,'8-Weekday-11111100',553,,34124,8,,,1,70,,34074,21,,,1,30,,34075,21,,,1,62,,34123,21,,,1,10,,34144,8,,,1,5,,34076,21,,,1,15,,34077,21,,,1,55,,34078,21,,,1,15,,34079,21,,,1,15,,34080,21,,,1,15,,34081,21,,,1,55,,34082,21,,,1,15,,34083,21,,,1,15,,34084,21,,,1,15,,34085,21,,,1,55,,34086,21,,,1,15,,34134,21,,,1,15,,34087,21,,,1,15,,34126,21,,,1,55,,34088,21,,,1,15,,34127,21,,,1,15,,34089,21,,,1,15,,34128,21,,,1,55,,34090,21,,,1,15,,34129,21,,,1,15,,34091,21,,,1,15,,34130,21,,,1,55,,34092,21,,,1,15,,34131,21,,,1,15,,34093,21,,,1,15,,34132,21,,,1,55,,34094,21,,,1,15,,34133,21,,,1,15,,34095,21,,,1,12,,34143,21,4,,1,4,,34125,21,,,1,56,,34096,21,,,1,15,,34097,21,,,1,15,,34098,21,,,1,15,,34099,21,,,1,55,,34100,21,,,1,15,,34101,21,,,1,15,,34102,21,,,1,15,,34103,21,,,1,55,,34104,21,,,1,15,,34105,21,,,1,15,,34106,21,,,1,15,,34107,21,,,1,55,,34108,21,,,1,13,,34109,21,,,1,19,,34110,21,,,1,20,,34111,21,,,1,55,,34137,21,,,1,15,,34112,21,,,1,15,,34138,21,,,1,15,,34113,21,,,1,55,,34139,21,,,1,15,,34114,21,,,1,15,,34140,21,,,1,15,,34115,21,,,1,55,,34136,21,,,1,15,,34116,21,,,1,15,,34141,21,,,1,15,,34117,21,,,1,54,,34142,21,,,1,14,,34118,21,,,1,30,,34119,21,,,1,70,,34120,21,,,1,30,,34121,21,,,1,70,,34122,21,,,1,30,,34135,21,,,1
9100,'91-Saturday-10000010',2404,,40692,3,0,21 22 23,1,30,,40693,3,0,21 22 23,1,70,,40694,3,0,21 22 23,1,30,,40695,3,0,21 22 23,1,70,,40696,3,0,21 22 23,1
9100,'91-Weekday-10001100',2404,,40697,3,0,21 22 23,1,30,,40698,3,0,21 22 23,1,70,,40699,3,0,21 22 23,1,30,,40700,3,0,21 22 23,1,70,,40701,3,0,21 22 23,1
20400,'204-Holiday1-10000001',741,,41627,17,,,1,70,,41628,17,,,1,30,,41629,17,,,1,70,,41630,17,,,1,30,,41631,17,,,1,70,,41632,17,,,1,30,,41633,17,,,1,70,,41634,17,,,1,30,,41635,17,,,1,70,,41626,17,,,1,30,,41636,17,,,1,70,,41637,17,,,1,30,,41638,17,,,1,70,,41639,17,,,1,30,,41640,17,,,1,70,,41641,17,,,1,30,,41642,17,,,1,70,,41643,17,,,1,30,,41644,17,,,1,70,,41645,17,,,1,30,,41646,17,,,1,70,,41647,17,,,1,30,,41648,17,,,1,70,,41649,17,,,1,30,,41650,17,,,1,70,,41651,17,,,1,30,,41652,17,,,1,70,,41653,17,,,1,30,,41654,17,,,1,70,,41655,17,,,1,30,,41656,17,,,1,70,,41657,17,,,1,30,,41658,17,,,1,70,,41659,17,,,1
20400,'204-Saturday-10000010',639,,41660,17,,,1,70,,41661,17,,,1,30,,41662,17,,,1,70,,41663,17,,,1,30,,41664,17,,,1,71,,41665,17,,,1,31,,41666,17,,,1,70,,41667,17,,,1,30,,41668,17,,,1,70,,41669,17,,,1,30,,41670,17,,,1,70,,41671,17,,,1,30,,41672,17,,,1,70,,41673,17,,,1,30,,41674,17,,,1,70,,41675,17,,,1,30,,41676,17,,,1,70,,41677,17,,,1,30,,41678,17,,,1,70,,41679,17,,,1,30,,41680,17,,,1,70,,41681,17,,,1,30,,41682,17,,,1,70,,41683,17,,,1,29,,41684,17,,,1,70,,41685,17,,,1,30,,41686,17,,,1,70,,41687,17,,,1,30,,41688,17,,,1,70,,41689,17,,,1,30,,41690,17,,,1,70,,41691,17,,,1,30,,41692,17,,,1,70,,41693,17,,,1,30,,41694,17,,,1,70,,41695,17,,,1
20400,'204-Sunday-10000001',740,,41697,17,,,1,70,,41698,17,,,1,30,,41699,17,,,1,70,,41700,17,,,1,30,,41701,17,,,1,70,,41702,17,,,1,31,,41703,17,,,1,70,,41704,17,,,1,30,,41705,17,,,1,70,,41696,17,,,1,30,,41706,17,,,1,70,,41707,17,,,1,30,,41708,17,,,1,70,,41709,17,,,1,30,,41710,17,,,1,70,,41711,17,,,1,30,,41712,17,,,1,70,,41713,17,,,1,30,,41714,17,,,1,70,,41715,17,,,1,30,,41716,17,,,1,69,,41717,17,,,1,29,,41718,17,,,1,70,,41719,17,,,1,30,,41720,17,,,1,70,,41721,17,,,1,30,,41722,17,,,1,70,,41723,17,,,1,30,,41724,17,,,1,70,,41725,17,,,1,30,,41726,17,,,1,70,,41727,17,,,1,30,,41728,17,,,1,70,,41729,17,,,1
20400,'204-Weekday-11111100',610,,41788,17,,,1,30,,41730,17,,,1,71,,41731,17,,,1,18,,41732,17,,,1,15,,41733,17,,,1,15,,41734,17,,,1,55,,41735,17,,,1,15,,41736,17,,,1,15,,41737,17,,,1,15,,41738,17,,,1,55,,41739,17,,,1,15,,41740,17,,,1,14,,41741,17,,,1,14,,41742,17,,,1,55,,41743,17,,,1,15,,41744,17,,,1,15,,41745,17,,,1,15,,41746,17,,,1,55,,41747,17,,,1,15,,41748,17,,,1,15,,41749,17,,,1,15,,41750,17,,,1,55,,41751,17,,,1,15,,41752,17,,,1,15,,41753,17,,,1,15,,41754,17,,,1,55,,41755,17,,,1,15,,41756,17,,,1,15,,41757,17,,,1,15,,41758,17,,,1,55,,41759,17,,,1,15,,41760,17,,,1,16,,41761,17,,,1,16,,41762,17,,,1,55,,41763,17,,,1,15,,41764,17,,,1,15,,41765,17,,,1,15,,41766,17,,,1,55,,41767,17,,,1,15,,41768,17,,,1,15,,41769,17,,,1,15,,41770,17,,,1,55,,41771,17,,,1,15,,41772,17,,,1,15,,41773,17,,,1,15,,41774,17,,,1,54,,41775,17,,,1,14,,41789,17,,,1,15,,41776,17,,,1,70,,41777,17,,,1,30,,41778,17,,,1,70,,41779,17,,,1,30,,41780,17,,,1,70,,41781,17,,,1,30,,41782,17,,,1,70,,41783,17,,,1,28,,41784,17,,,1,70,,41785,17,,,1,30,,41786,17,,,1,70,,41787,17,,,1
