5300,'53-Holiday1-10000001',847,,38743,26,,,1,100,,38744,26,,,1,103,,38745,26,,,1,100,,38746,26,,,1,100,,38747,26,,,1,100,,38748,26,,,1,100,,38749,26,,,1,100,,38750,26,,,1,100,,38751,26,,,1,100,,38752,26,,,1,97,,38753,26,,,1,100,,38754,26,,,1,100,,38755,26,,,1,100,,38756,26,,,1,100,,38757,26,,,1,100,,38758,26,,,1
5300,'53-Saturday-10000010',720,,38759,26,,,1,30,,38760,26,,,1,70,,38761,26,,,1,30,,38762,26,,,1,71,,38763,26,,,1,30,,38764,26,,,1,70,,38765,26,,,1,30,,38766,26,,,1,70,,38767,26,,,1,30,,38768,26,,,1,70,,38769,26,,,1,30,,38770,26,,,1,70,,38771,26,,,1,30,,38772,26,,,1,70,,38773,26,,,1,30,,38774,26,,,1,70,,38775,26,,,1,30,,38776,26,,,1,70,,38777,26,,,1,30,,38778,26,,,1,70,,38779,26,,,1,30,,38780,26,,,1,69,,38781,26,,,1,30,,38782,26,,,1,100,,38783,26,,,1,100,,38784,26,,,1,100,,38785,26,,,1,100,,38786,26,,,1,100,,38787,26,,,1
5300,'53-Sunday-10000001',817,,38788,26,,,1,100,,38789,26,,,1,103,,38790,26,,,1,30,,38791,26,,,1,70,,38792,26,,,1,30,,38793,26,,,1,70,,38794,26,,,1,30,,38795,26,,,1,70,,38796,26,,,1,30,,38797,26,,,1,70,,38798,26,,,1,30,,38799,26,,,1,70,,38800,26,,,1,30,,38801,26,,,1,70,,38802,26,,,1,30,,38803,26,,,1,70,,38804,26,,,1,30,,38805,26,,,1,97,,38806,26,,,1,100,,38807,26,,,1,100,,38808,26,,,1,100,,38809,26,,,1,100,,38810,26,,,1,100,,38811,26,,,1
5300,'53-Weekday-11111100',624,,38839,31,,,1,30,,38840,31,,,1,70,,38841,31,,,1,30,,38842,31,,,1,70,,38843,31,,,1,27,,38828,26,,,1,70,,38829,26,,,1,30,,38830,26,,,1,70,,38821,26,,,1,30,,38822,26,,,1,70,,38823,26,,,1,30,,38824,26,,,1,70,,38825,26,,,1,30,,38826,26,,,1,70,,38827,26,,,1,30,,38846,26,,,1,80,,38831,31,,,1,74,,38847,31,,,1,30,,38834,31,,,1,70,,38838,31,,,1,30,,38837,31,,,1,70,,38836,31,,,1,30,,38835,31,,,1,70,,38844,31,,,1,19,,38845,31,,,1,25,,38820,26,,,1,70,,38814,26,,,1,30,,38815,26,,,1,70,,38816,26,,,1,30,,38817,26,,,1,70,,38813,26,,,1,30,,38812,26,,,1,72,,38833,31,,,1,30,,38832,31,,,1,65,,38818,26,,,1,35,,38819,26,,,1
5800,'58-Holiday1-11111111',829,,39497,17,,,1,100,,39496,17,,,1,100,,39495,17,,,1,100,,39494,17,,,1,100,,39493,17,,,1,100,,39492,17,,,1,100,,39491,17,,,1,100,,39490,17,,,1,100,,39489,17,,,1,100,,39488,17,,,1,100,,39487,17,,,1,100,,39486,17,,,1,100,,39485,17,,,1,100,,39484,17,,,1,100,,39483,17,,,1,100,,39482,17,,,1
5800,'58-Saturday-10000010',730,,39504,17,,,1,70,,39503,17,,,1,30,,39502,17,,,1,70,,39501,17,,,1,30,,39500,17,,,1,70,,39499,17,,,1,30,,39498,17,,,1,70,,39519,17,,,1,30,,39518,17,,,1,70,,39517,17,,,1,30,,39516,17,,,1,70,,39515,17,,,1,30,,39514,17,,,1,70,,39513,17,,,1,30,,39512,17,,,1,70,,39511,17,,,1,30,,39510,17,,,1,70,,39509,17,,,1,30,,39508,17,,,1,70,,39507,17,,,1,30,,39506,17,,,1,70,,39505,17,,,1,30,,39525,17,,,1,100,,39524,17,,,1,100,,39523,17,,,1,100,,39522,17,,,1,100,,39521,17,,,1,100,,39520,17,,,1
5800,'58-Sunday-10000001',859,,39526,17,,,1,100,,39528,17,,,1,100,,39527,17,,,1,70,,39543,17,,,1,30,,39542,17,,,1,70,,39541,17,,,1,30,,39540,17,,,1,70,,39539,17,,,1,30,,39538,17,,,1,70,,39537,17,,,1,30,,39536,17,,,1,70,,39535,17,,,1,30,,39534,17,,,1,70,,39533,17,,,1,30,,39532,17,,,1,70,,39531,17,,,1,30,,39530,17,,,1,70,,39529,17,,,1,100,,39548,17,,,1,100,,39547,17,,,1,100,,39546,17,,,1,100,,39545,17,,,1,100,,39544,17,,,1
5800,'58-Weekday-11111100',549,,39549,17,,,1,70,,39550,17,,,1,25,,39551,17,,,1,70,,39552,17,,,1,31,,39553,17,,,1,70,,39554,17,,,1,30,,39555,17,,,1,70,,39556,17,,,1,30,,39557,17,,,1,70,,39558,17,,,1,30,,39559,17,,,1,70,,39560,17,,,1,30,,39561,17,,,1,70,,39562,17,,,1,30,,39563,17,,,1,70,,39564,17,,,1,30,,39565,17,,,1,70,,39585,17,,,1,86,,39566,17,,,1,30,,39567,17,,,1,70,,39568,17,,,1,30,,39569,17,,,1,70,,39570,17,,,1,30,,39571,17,,,1,70,,39572,17,,,1,13,,39573,17,,,1,30,,39574,17,,,1,70,,39575,17,,,1,30,,39576,17,,,1,70,,39577,17,,,1,30,,39578,17,,,1,70,,39579,17,,,1,30,,39580,17,,,1,68,,39581,17,,,1,15,,39582,17,,,1,30,,39583,17,,,1,70,,39584,17,,,1
20300,'203-Holiday1-20000001',906,,41458,5,0,6 7,1,100,,41459,5,0,6 7,1,100,,41460,5,0,6 7,1,100,,41461,5,0,6 7,1,100,,41462,5,0,6 7,1,100,,41463,5,0,6 7,1,100,,41464,5,0,6 7,1,100,,41465,5,0,6 7,1,100,,41466,5,0,6 7,1,100,,41467,5,0,6 7,1,100,,41468,5,0,6 7,1,100,,41469,5,0,6 7,1,100,,41470,5,0,6 7,1
20300,'203-Saturday-10000010',636,,41471,5,0,6 7,1,100,,41472,5,0,6 7,1,100,,41473,5,0,6 7,1,100,,41474,5,0,6 7,1,70,,41475,5,0,6 7,1,30,,41476,5,0,6 7,1,70,,41477,5,0,6 7,1,30,,41478,5,0,6 7,1,70,,41479,5,0,6 7,1,30,,41480,5,0,6 7,1,70,,41481,5,0,6 7,1,30,,41482,5,0,6 7,1,70,,41483,5,0,6 7,1,30,,41484,5,0,6 7,1,70,,41485,5,0,6 7,1,30,,41486,5,0,6 7,1,70,,41487,5,0,6 7,1,30,,41488,5,0,6 7,1,70,,41489,5,0,6 7,1,30,,41490,5,0,6 7,1,70,,41491,5,0,6 7,1,100,,41492,5,0,6 7,1,100,,41493,5,0,6 7,1,100,,41494,5,0,6 7,1
20300,'203-Sunday-10000001',906,,41495,5,0,6 7,1,100,,41496,5,0,6 7,1,100,,41497,5,0,6 7,1,100,,41498,5,0,6 7,1,100,,41499,5,0,6 7,1,100,,41500,5,0,6 7,1,100,,41501,5,0,6 7,1,100,,41502,5,0,6 7,1,100,,41503,5,0,6 7,1,100,,41504,5,0,6 7,1,100,,41505,5,0,6 7,1,100,,41506,5,0,6 7,1,100,,41507,5,0,6 7,1
20300,'203-Weekday-21111100',606,,41508,5,,,1,30,,41509,5,,,1,70,,41510,5,,,1,30,,41511,5,,,1,70,,41539,5,,,1,30,,41512,5,,,1,70,,41536,5,,,1,30,,41535,5,,,1,70,,41540,5,,,1,30,,41534,5,,,1,70,,41533,5,,,1,30,,41532,5,,,1,70,,41541,5,,,1,30,,41531,5,,,1,70,,41530,5,,,1,30,,41529,5,,,1,70,,41528,5,,,1,32,,41537,5,,,1,70,,41513,5,,,1,30,,41514,5,,,1,70,,41515,5,,,1,30,,41516,5,,,1,70,,41517,5,,,1,30,,41518,5,,,1,73,,41519,5,,,1,35,,41520,5,,,1,70,,41521,5,,,1,30,,41522,5,,,1,70,,41523,5,,,1,30,,41524,5,,,1,70,,41525,5,,,1,30,,41526,5,,,1,70,,41527,5,,,1,30,,41538,5,,,1
