1201,'12-Holiday1-10000001',739,,35058,5,,,1,70,,35056,5,,,1,30,,35024,5,,,1,70,,35025,5,,,1,30,,35026,5,,,1,71,,35027,5,,,1,31,,35028,5,,,1,70,,35029,5,,,1,30,,35030,5,,,1,70,,35031,5,,,1,30,,35032,5,,,1,70,,35033,5,,,1,30,,35034,5,,,1,70,,35035,5,,,1,30,,35036,5,,,1,70,,35037,5,,,1,30,,35038,5,,,1,70,,35039,5,,,1,30,,35040,5,,,1,70,,35041,5,,,1,30,,35042,5,,,1,69,,35043,5,,,1,29,,35044,5,,,1,70,,35045,5,,,1,30,,35046,5,,,1,70,,35047,5,,,1,30,,35048,5,,,1,70,,35049,5,,,1,30,,35050,5,,,1,70,,35051,5,,,1,30,,35052,5,,,1,70,,35053,5,,,1,30,,35054,5,,,1,70,,35055,5,,,1
1201,'12-Saturday-10000010',639,,35059,5,,,1,70,,35060,5,,,1,30,,35061,5,,,1,70,,35062,5,,,1,30,,35063,5,,,1,71,,35064,5,,,1,34,,35065,5,,,1,70,,35066,5,,,1,30,,35067,5,,,1,70,,35068,5,,,1,30,,35069,5,,,1,70,,35070,5,,,1,30,,35071,5,,,1,70,,35072,5,,,1,30,,35073,5,,,1,70,,35074,5,,,1,30,,35075,5,,,1,70,,35076,5,,,1,30,,35077,5,,,1,70,,35078,5,,,1,30,,35079,5,,,1,70,,35080,5,,,1,30,,35081,5,,,1,68,,35082,5,,,1,27,,35083,5,,,1,70,,35084,5,,,1,30,,35085,5,,,1,70,,35086,5,,,1,30,,35087,5,,,1,70,,35088,5,,,1,30,,35089,5,,,1,70,,35090,5,,,1,30,,35091,5,,,1,70,,35092,5,,,1,30,,35093,5,,,1,70,,35094,5,,,1
1201,'12-Sunday-10000001',739,,35130,5,,,1,70,,35128,5,,,1,30,,35096,5,,,1,70,,35097,5,,,1,30,,35098,5,,,1,71,,35099,5,,,1,31,,35100,5,,,1,70,,35101,5,,,1,30,,35102,5,,,1,70,,35103,5,,,1,30,,35104,5,,,1,70,,35105,5,,,1,30,,35106,5,,,1,70,,35107,5,,,1,30,,35108,5,,,1,70,,35109,5,,,1,30,,35110,5,,,1,70,,35111,5,,,1,30,,35112,5,,,1,70,,35113,5,,,1,30,,35114,5,,,1,69,,35115,5,,,1,29,,35116,5,,,1,70,,35117,5,,,1,30,,35118,5,,,1,70,,35119,5,,,1,30,,35120,5,,,1,70,,35121,5,,,1,30,,35122,5,,,1,70,,35123,5,,,1,30,,35124,5,,,1,70,,35125,5,,,1,30,,35126,5,,,1,70,,35127,5,,,1
1201,'12-Weekday-11111100',547,,35131,5,,,1,62,,35132,5,,,1,30,,35134,5,,,1,72,,35136,5,,,1,24,,35176,5,,,1,15,,35138,5,,,1,55,,35139,5,,,1,15,,35140,5,,,1,15,,35141,5,,,1,15,,35142,5,,,1,55,,35143,5,,,1,15,,35144,5,,,1,15,,35145,5,,,1,15,,35146,5,,,1,55,,35184,5,,,1,15,,35148,5,,,1,15,,35185,5,,,1,15,,35183,5,,,1,55,,35186,5,,,1,15,,35149,5,,,1,15,,35187,5,,,1,15,,35151,5,,,1,55,,35188,5,,,1,15,,35153,5,,,1,15,,35189,5,,,1,15,,35155,5,,,1,55,,35190,5,,,1,15,,35156,5,,,1,15,,35191,5,,,1,15,,35158,5,,,1,55,,35192,5,,,1,15,,35160,5,,,1,15,,35182,5,,,1,17,,35162,5,,,1,56,,35164,5,,,1,16,,35177,5,,,1,15,,35166,5,,,1,15,,35178,5,,,1,55,,35167,5,,,1,15,,35168,5,,,1,15,,35169,5,,,1,15,,35170,5,,,1,55,,35171,5,,,1,15,,35172,5,,,1,15,,35173,5,,,1,15,,35174,5,,,1,55,,35175,5,,,1,13,,35133,5,,,1,13,,35137,5,,,1,19,,35181,5,,,1,60,,35180,5,,,1,15,,35193,5,,,1,15,,35163,5,,,1,15,,35194,5,,,1,55,,35152,5,,,1,15,,35195,5,,,1,15,,35159,5,,,1,15,,35196,5,,,1,55,,35165,5,,,1,15,,35197,5,,,1,15,,35161,5,,,1,67,,35157,5,,,1,27,,35154,5,,,1,70,,35150,5,,,1,30,,35147,5,,,1,70,,35135,5,,,1
1901,'19-Holiday1-10000001',902,,35915,23,,,1,100,,35916,23,,,1,106,,35917,23,,,1,100,,35914,23,,,1,100,,35918,23,,,1,100,,35919,23,,,1,100,,35920,23,,,1,100,,35921,23,,,1,100,,35922,23,,,1,100,,35923,18,,,1,94,,35924,18,,,1,100,,35925,18,,,1,100,,35926,18,,,1,100,,35927,18,,,1,100,,35928,18,,,1,100,,35929,18,,,1
1901,'19-Saturday-10000010',705,,35931,23,,,1,30,,35932,18,,,1,70,,35933,23,,,1,30,,35930,18,,,1,70,,35934,23,,,1,33,,35935,18,,,1,70,,35936,23,,,1,30,,35937,18,,,1,70,,35938,23,,,1,30,,35939,18,,,1,70,,35940,23,,,1,30,,35941,18,,,1,70,,35942,23,,,1,30,,35943,18,,,1,70,,35944,23,,,1,30,,35945,18,,,1,70,,35946,23,,,1,30,,35947,18,,,1,70,,35948,23,,,1,30,,35949,18,,,1,70,,35950,23,,,1,30,,35951,18,,,1,70,,35952,18,,,1,29,,35953,23,,,1,68,,35954,18,,,1,30,,35955,23,,,1,70,,35956,18,,,1,30,,35957,23,,,1,70,,35958,18,,,1,30,,35959,23,,,1,70,,35960,18,,,1,30,,35961,23,,,1,70,,35962,18,,,1,30,,35963,23,,,1,70,,35964,18,,,1
1901,'19-Sunday-10000001',832,,35966,18,,,1,70,,35967,23,,,1,30,,35968,18,,,1,70,,35969,23,,,1,31,,35970,18,,,1,75,,35971,23,,,1,30,,35972,18,,,1,70,,35965,23,,,1,30,,35973,18,,,1,70,,35974,23,,,1,30,,35975,18,,,1,70,,35976,23,,,1,30,,35977,18,,,1,70,,35978,23,,,1,30,,35979,18,,,1,70,,35980,23,,,1,30,,35981,18,,,1,70,,35982,23,,,1,30,,35983,18,,,1,70,,35984,18,,,1,26,,35985,23,,,1,68,,35986,18,,,1,30,,35987,23,,,1,70,,35988,18,,,1,30,,35989,23,,,1,70,,35990,18,,,1,30,,35991,23,,,1,70,,35992,18,,,1,30,,35993,23,,,1,70,,35994,18,,,1,30,,35995,23,,,1,70,,35996,18,,,1
1901,'19-Weekday-21111100',549,,36025,18,,,1,68,,36012,18,,,1,14,,35997,23,,,1,71,,36013,18,,,1,35,,35998,23,,,1,14,,36035,10,,,1,62,,36030,18,,,1,8,,36036,10,,,1,24,,36033,23,,,1,6,,36037,10,,,1,62,,36029,18,,,1,8,,36038,10,,,1,25,,36031,23,,,1,6,,36039,10,,,1,62,,36032,18,,,1,28,,35999,23,,,1,72,,36000,18,,,1,28,,36001,23,,,1,72,,36002,18,,,1,28,,36003,23,,,1,72,,36004,18,,,1,28,,36005,23,,,1,72,,36006,18,,,1,28,,36007,23,,,1,72,,36008,18,,,1,30,,36034,18,,,1,73,,36009,23,,,1,27,,36014,18,,,1,73,,36010,23,,,1,27,,36015,18,,,1,71,,36011,23,,,1,28,,36016,18,,,1,66,,36017,23,,,1,34,,36018,18,,,1,66,,36019,23,,,1,34,,36020,18,,,1,66,,36021,23,,,1,34,,36022,18,,,1,64,,36028,23,,,1,26,,36024,18,,,1,26,,36026,23,,,1,70,,36023,18,,,1,30,,36027,18,,,1
2901,'29-Saturday-10000010',739,,37392,25,,,1,70,,37393,25,,,1,30,,37394,25,,,1,71,,37395,25,,,1,30,,37396,25,,,1,70,,37397,25,,,1,30,,37398,25,,,1,70,,37399,25,,,1,30,,37400,25,,,1,70,,37401,25,,,1,30,,37402,25,,,1,70,,37403,25,,,1,30,,37404,25,,,1,70,,37405,25,,,1,30,,37406,25,,,1,70,,37407,25,,,1,30,,37408,25,,,1,70,,37409,25,,,1,30,,37410,25,,,1,70,,37411,25,,,1,30,,37412,25,,,1,69,,37413,25,,,1,30,,37414,25,,,1,70,,37415,25,,,1,30,,37416,25,,,1,70,,37417,25,,,1,30,,37418,25,,,1,70,,37419,25,,,1,30,,37420,25,,,1,70,,37421,25,,,1,30,,37422,25,,,1,70,,37423,25,,,1,30,,37424,25,,,1,100,,37425,25,,,1
2901,'29-Sunday-20000001',839,,37426,25,,,1,70,,37427,25,,,1,30,,37428,25,,,1,70,,37429,25,,,1,30,,37430,25,,,1,70,,37431,25,,,1,30,,37432,25,,,1,70,,37433,25,,,1,30,,37434,25,,,1,70,,37435,25,,,1,30,,37436,25,,,1,70,,37437,25,,,1,30,,37438,25,,,1,70,,37439,25,,,1,30,,37440,25,,,1,70,,37441,25,,,1,30,,37442,25,,,1,70,,37443,25,,,1,30,,37444,25,,,1,70,,37445,25,,,1,25,,37446,25,,,1,70,,37447,25,,,1,30,,37448,25,,,1,70,,37449,25,,,1,30,,37450,25,,,1,70,,37451,25,,,1,30,,37452,25,,,1,70,,37453,25,,,1,30,,37454,25,,,1,70,,37455,25,,,1,30,,37456,25,,,1,100,,37457,25,,,1
2901,'29-Weekday-11111100',603,,37494,14,,,1,24,,37460,25,,,1,30,,37461,25,,,1,76,,37462,25,,,1,70,,37463,25,,,1,30,,37464,25,,,1,70,,37465,25,,,1,30,,37466,25,,,1,69,,37467,25,,,1,30,,37468,25,,,1,70,,37469,25,,,1,30,,37470,25,,,1,70,,37471,25,,,1,30,,37472,25,,,1,70,,37473,25,,,1,30,,37474,25,,,1,70,,37475,25,,,1,30,,37459,25,,,1,73,,37458,25,,,1,30,,37476,25,,,1,70,,37477,25,,,1,30,,37478,25,,,1,70,,37479,25,,,1,30,,37480,25,,,1,70,,37481,25,,,1,28,,37482,25,,,1,70,,37483,25,,,1,30,,37484,25,,,1,70,,37485,25,,,1,30,,37486,25,,,1,70,,37487,25,,,1,30,,37488,25,,,1,69,,37489,25,,,1,25,,37490,25,,,1,30,,37491,25,,,1,70,,37492,25,,,1,30,,37493,25,,,1
20201,'202-Holiday1-10000001',754,,41286,17,,,1,70,,41287,17,,,1,30,,41288,17,,,1,70,,41285,17,,,1,30,,41289,17,,,1,71,,41290,17,,,1,30,,41291,17,,,1,70,,41292,17,,,1,30,,41293,17,,,1,70,,41294,17,,,1,30,,41295,17,,,1,70,,41296,17,,,1,30,,41297,17,,,1,70,,41298,17,,,1,30,,41299,17,,,1,70,,41300,17,,,1,30,,41301,17,,,1,70,,41302,17,,,1,30,,41303,17,,,1,70,,41304,17,,,1,30,,41305,17,,,1,69,,41306,17,,,1,30,,41307,17,,,1,70,,41308,17,,,1,30,,41309,17,,,1,70,,41310,17,,,1,30,,41311,17,,,1,70,,41312,17,,,1,30,,41313,17,,,1,70,,41314,17,,,1,30,,41315,17,,,1,70,,41316,17,,,1,30,,41317,17,,,1,70,,41318,17,,,1
20201,'202-Saturday-10000010',724,,41319,17,,,1,30,,41320,17,,,1,70,,41321,17,,,1,30,,41322,17,,,1,71,,41323,17,,,1,30,,41324,17,,,1,70,,41325,17,,,1,30,,41326,17,,,1,70,,41327,17,,,1,30,,41328,17,,,1,70,,41329,17,,,1,30,,41330,17,,,1,70,,41331,17,,,1,30,,41332,17,,,1,70,,41333,17,,,1,30,,41334,17,,,1,70,,41335,17,,,1,30,,41336,17,,,1,70,,41337,17,,,1,30,,41338,17,,,1,70,,41339,17,,,1,30,,41340,17,,,1,69,,41341,17,,,1,30,,41342,17,,,1,70,,41343,17,,,1,30,,41344,17,,,1,70,,41345,17,,,1,30,,41346,17,,,1,70,,41347,17,,,1,30,,41348,17,,,1,70,,41349,17,,,1,30,,41350,17,,,1,70,,41351,17,,,1,30,,41352,17,,,1,70,,41353,17,,,1
20201,'202-Sunday-10000001',753,,41355,17,,,1,70,,41356,17,,,1,30,,41357,17,,,1,70,,41354,17,,,1,30,,41358,17,,,1,72,,41359,17,,,1,30,,41360,17,,,1,70,,41361,17,,,1,30,,41362,17,,,1,70,,41363,17,,,1,30,,41364,17,,,1,70,,41365,17,,,1,30,,41366,17,,,1,70,,41367,17,,,1,30,,41368,17,,,1,70,,41369,17,,,1,30,,41370,17,,,1,70,,41371,17,,,1,30,,41372,17,,,1,70,,41373,17,,,1,30,,41374,17,,,1,68,,41375,17,,,1,30,,41376,17,,,1,70,,41377,17,,,1,30,,41378,17,,,1,70,,41379,17,,,1,30,,41380,17,,,1,70,,41381,17,,,1,30,,41382,17,,,1,70,,41383,17,,,1,30,,41384,17,,,1,70,,41385,17,,,1,30,,41386,17,,,1,70,,41387,17,,,1
20201,'202-Weekday-21111100',623,,41389,17,,,1,30,,41390,17,,,1,74,,41391,17,,,1,10,,41446,17,,,1,10,,41424,17,,,1,10,,41392,17,,,1,50,,41447,17,,,1,10,,41425,17,,,1,10,,41393,17,,,1,10,,41448,17,,,1,10,,41426,17,,,1,10,,41388,17,,,1,50,,41449,17,,,1,10,,41427,17,,,1,10,,41394,17,,,1,11,,41450,17,,,1,9,,41428,17,,,1,10,,41395,17,,,1,50,,41429,17,,,1,15,,41396,17,,,1,15,,41430,17,,,1,15,,41397,17,,,1,55,,41431,17,,,1,15,,41398,17,,,1,15,,41432,17,,,1,15,,41399,17,,,1,55,,41433,17,,,1,15,,41400,17,,,1,15,,41434,17,,,1,15,,41401,17,,,1,55,,41435,17,,,1,15,,41402,17,,,1,15,,41436,17,,,1,15,,41403,17,,,1,55,,41437,17,,,1,15,,41404,17,,,1,15,,41438,17,,,1,22,,41405,17,,,1,50,,41451,17,,,1,10,,41439,17,,,1,10,,41406,17,,,1,10,,41452,17,,,1,10,,41440,17,,,1,10,,41407,17,,,1,50,,41453,17,,,1,10,,41441,17,,,1,10,,41408,17,,,1,10,,41454,17,,,1,10,,41442,17,,,1,10,,41409,17,,,1,50,,41455,17,,,1,10,,41443,17,,,1,10,,41410,17,,,1,10,,41456,17,,,1,10,,41444,17,,,1,10,,41411,17,,,1,49,,41457,17,,,1,9,,41445,17,,,1,9,,41412,17,,,1,30,,41423,17,,,1,70,,41413,17,,,1,30,,41414,17,,,1,70,,41415,17,,,1,30,,41416,17,,,1,70,,41417,17,,,1,30,,41418,17,,,1,69,,41419,17,,,1,30,,41420,17,,,1,70,,41421,17,,,1,30,,41422,17,,,1
