5700,'57-Saturday-10000010',706,,39403,5,,,1,100,,39391,5,,,1,101,,39392,5,,,1,100,,39393,5,,,1,100,,39394,5,,,1,100,,39395,5,,,1,100,,39396,5,,,1,100,,39397,5,,,1,100,,39398,5,,,1,100,,39399,5,,,1,100,,39400,5,,,1,100,,39401,5,,,1,100,,39402,5,,,1
5700,'57-Weekday-11111100',639,,39405,5,,,1,69,,39431,5,,,1,30,,39406,5,,,1,70,,39407,5,,,1,30,,39408,5,,,1,70,,39409,5,,,1,31,,39410,5,,,1,70,,39411,5,,,1,30,,39412,5,,,1,70,,39413,5,,,1,30,,39414,5,,,1,70,,39415,5,,,1,30,,39416,5,,,1,70,,39417,5,,,1,30,,39418,5,,,1,70,,39419,5,,,1,34,,39421,5,,,1,70,,39422,5,,,1,30,,39423,5,,,1,70,,39424,5,,,1,30,,39425,5,,,1,70,,39426,5,,,1,30,,39427,5,,,1,70,,39420,5,,,1,25,,39432,5,,,1,70,,39428,5,,,1,30,,39433,5,,,1,70,,39429,5,,,1,30,,39434,5,,,1,70,,39430,5,,,1,30,,39436,5,,,1,70,,39435,5,,,1,30,,39437,5,,,1
5701,'57-Saturday-10000010',748,,39446,15,,,1,100,,39445,15,,,1,101,,39439,15,,,1,100,,39438,15,,,1,100,,39443,15,,,1,100,,39442,15,,,1,100,,39441,15,,,1,100,,39440,15,,,1,100,,39444,15,,,1,100,,39449,15,,,1,100,,39448,15,,,1,100,,39447,15,,,1
5701,'57-Weekday-11111100',647,,39477,15,,,1,74,,39450,15,,,1,30,,39451,15,,,1,70,,39452,15,,,1,30,,39453,15,,,1,70,,39454,15,,,1,28,,39455,15,,,1,70,,39456,15,,,1,30,,39457,15,,,1,70,,39458,15,,,1,30,,39460,15,,,1,70,,39459,15,,,1,30,,39461,15,,,1,70,,39462,15,,,1,30,,39463,15,,,1,70,,39464,15,,,1,33,,39465,15,,,1,70,,39467,15,,,1,30,,39466,15,,,1,70,,39468,15,,,1,30,,39469,15,,,1,70,,39470,15,,,1,30,,39471,15,,,1,67,,39472,15,,,1,30,,39473,15,,,1,70,,39478,15,,,1,30,,39474,15,,,1,70,,39479,15,,,1,30,,39475,15,,,1,70,,39481,15,,,1,30,,39476,15,,,1,70,,39480,15,,,1
6100,'61-Holiday1-21111111',758,,39816,5,,,1,100,,39802,5,,,1,100,,39803,5,,,1,100,,39804,5,,,1,100,,39805,5,,,1,100,,39806,5,,,1,100,,39807,5,,,1,100,,39808,5,,,1,100,,39809,5,,,1,100,,39810,5,,,1,100,,39811,5,,,1,100,,39812,5,,,1,100,,39813,5,,,1,100,,39814,5,,,1,100,,39815,5,,,1
6100,'61-Saturday-10000010',726,,39841,5,,,1,30,,39842,5,,,1,70,,39843,5,,,1,30,,39844,5,,,1,71,,39845,5,,,1,30,,39846,5,,,1,70,,39848,5,,,1,30,,39847,5,,,1,70,,39827,5,,,1,30,,39828,5,,,1,70,,39829,5,,,1,30,,39830,5,,,1,70,,39831,5,,,1,30,,39832,5,,,1,70,,39833,5,,,1,30,,39834,5,,,1,70,,39835,5,,,1,30,,39836,5,,,1,70,,39837,5,,,1,30,,39838,5,,,1,70,,39839,5,,,1,30,,39840,5,,,1,72,,39818,5,,,1,30,,39819,5,,,1,70,,39820,5,,,1,30,,39821,5,,,1,70,,39822,5,,,1,30,,39823,5,,,1,70,,39824,5,,,1,30,,39849,5,,,1,70,,39825,5,,,1,30,,39826,5,,,1,70,,39850,5,,,1
6100,'61-Sunday-10000001',828,,39856,5,,,1,30,,39855,5,,,1,70,,39854,5,,,1,30,,39853,5,,,1,70,,39852,5,,,1,30,,39851,5,,,1,70,,39865,5,,,1,30,,39864,5,,,1,70,,39863,5,,,1,30,,39862,5,,,1,70,,39861,5,,,1,30,,39860,5,,,1,70,,39859,5,,,1,30,,39858,5,,,1,70,,39857,5,,,1,30,,39879,5,,,1,70,,39877,5,,,1,30,,39878,5,,,1,70,,39876,5,,,1,30,,39875,5,,,1,65,,39874,5,,,1,30,,39873,5,,,1,70,,39872,5,,,1,30,,39870,5,,,1,70,,39869,5,,,1,30,,39868,5,,,1,70,,39867,5,,,1,30,,39866,5,,,1,70,,39871,5,,,1
6100,'61-Weekday-21111100',628,,39892,5,,,1,30,,39893,5,,,1,70,,39898,5,,,1,15,,39907,5,,,1,15,,39899,5,,,1,55,,39908,5,,,1,15,,39897,5,,,1,15,,39909,5,,,1,15,,39894,5,,,1,55,,39910,5,,,1,15,,39896,5,,,1,15,,39911,5,,,1,15,,39895,5,,,1,55,,39912,5,,,1,15,,39900,5,,,1,15,,39913,5,,,1,15,,39880,5,,,1,55,,39914,5,,,1,15,,39901,5,,,1,15,,39915,5,,,1,15,,39902,5,,,1,55,,39916,5,,,1,15,,39881,5,,,1,15,,39917,5,,,1,15,,39882,5,,,1,55,,39918,5,,,1,15,,39883,5,,,1,15,,39919,5,,,1,15,,39935,5,,,1,55,,39920,5,,,1,15,,39884,5,,,1,15,,39921,5,,,1,15,,39885,5,,,1,55,,39922,5,,,1,15,,39886,5,,,1,15,,39923,5,,,1,15,,39887,5,,,1,55,,39924,5,,,1,15,,39888,5,,,1,15,,39925,5,,,1,15,,39889,5,,,1,55,,39926,5,,,1,15,,39890,5,,,1,15,,39927,5,,,1,15,,39891,5,,,1,55,,39928,5,,,1,30,,39929,5,,,1,70,,39930,5,,,1,30,,39934,5,,,1,70,,39931,5,,,1,30,,39932,5,,,1,70,,39933,5,,,1,30,,39936,5,,,1,70,,39937,5,,,1,30,,39905,5,,,1,70,,39904,5,,,1,30,,39903,5,,,1
6101,'61-Holiday1-21111111',829,,39938,23,,,1,100,,39939,23,,,1,104,,39940,23,,,1,100,,39941,23,,,1,100,,39942,23,,,1,100,,39943,23,,,1,100,,39944,23,,,1,100,,39945,23,,,1,100,,39946,23,,,1,100,,39947,23,,,1,96,,39948,23,,,1,100,,39949,23,,,1,100,,39950,23,,,1,100,,39951,23,,,1,100,,39952,23,,,1
6101,'61-Saturday-10000010',707,,39976,23,,,1,30,,39977,23,,,1,70,,39978,23,,,1,28,,39987,16,,,1,2,,39979,23,,,1,69,,39980,23,,,1,31,,39981,23,,,1,70,,39982,23,,,1,30,,39983,23,,,1,70,,39986,23,,,1,30,,39984,23,,,1,70,,39985,23,,,1,30,,39956,23,,,1,70,,39955,23,,,1,30,,39957,23,,,1,70,,39954,23,,,1,30,,39958,23,,,1,70,,39959,23,,,1,30,,39960,23,,,1,70,,39961,23,,,1,30,,39962,23,,,1,70,,39963,23,,,1,30,,39975,23,,,1,71,,39974,23,,,1,30,,39973,23,,,1,70,,39972,23,,,1,30,,39971,23,,,1,70,,39970,23,,,1,30,,39969,23,,,1,70,,39968,23,,,1,30,,39967,23,,,1,70,,39966,23,,,1,30,,39965,23,,,1,70,,39964,23,,,1
6101,'61-Sunday-10000001',834,,40017,23,,,1,70,,40016,23,,,1,30,,40015,23,,,1,71,,40014,23,,,1,33,,40013,23,,,1,70,,40012,23,,,1,30,,39997,23,,,1,70,,39998,23,,,1,30,,39999,23,,,1,70,,40000,23,,,1,30,,40001,23,,,1,70,,40002,23,,,1,30,,40003,23,,,1,70,,40004,23,,,1,30,,40005,23,,,1,70,,40006,23,,,1,30,,40008,23,,,1,70,,40009,23,,,1,30,,40010,23,,,1,69,,40007,23,,,1,27,,40011,23,,,1,70,,39991,23,,,1,30,,39990,23,,,1,70,,39996,23,,,1,30,,39989,23,,,1,70,,39995,23,,,1,30,,39994,23,,,1,70,,39992,23,,,1,30,,39993,23,,,1
6101,'61-Weekday-21111100',636,,40035,23,,,1,69,,40041,23,,,1,17,,40065,23,,,1,15,,40042,23,,,1,15,,40054,23,,,1,55,,40043,23,,,1,15,,40063,23,,,1,15,,40044,23,,,1,15,,40047,23,,,1,55,,40045,23,,,1,15,,40060,23,,,1,15,,40046,23,,,1,15,,40053,23,,,1,55,,40038,23,,,1,15,,40059,23,,,1,15,,40039,23,,,1,15,,40052,23,,,1,55,,40040,23,,,1,15,,40058,23,,,1,15,,40037,23,,,1,15,,40051,23,,,1,55,,40036,23,,,1,15,,40066,23,,,1,15,,40020,23,,,1,15,,40057,23,,,1,55,,40021,23,,,1,15,,40050,23,,,1,15,,40022,23,,,1,15,,40056,23,,,1,55,,40023,23,,,1,15,,40069,23,,,1,17,,40024,23,,,1,18,,40062,23,,,1,55,,40025,23,,,1,15,,40049,23,,,1,15,,40026,23,,,1,15,,40067,23,,,1,55,,40027,23,,,1,15,,40068,23,,,1,15,,40028,23,,,1,15,,40070,23,,,1,55,,40029,23,,,1,15,,40048,23,,,1,15,,40030,23,,,1,15,,40055,23,,,1,54,,40031,23,,,1,11,,40061,23,,,1,30,,40064,23,,,1,70,,40074,23,,,1,30,,40071,23,,,1,70,,40072,23,,,1,30,,40073,23,,,1,70,,40075,23,,,1,30,,40032,23,,,1,68,,40033,23,,,1,30,,40034,23,,,1,70,,40019,23,0,18 19,1
20301,'203-Weekday-21111100',630,,41592,3,,,1,70,,41593,3,,,1,38,,41594,3,,,1,70,,41595,3,,,1,30,,41596,3,,,1,70,,41597,3,,,1,31,,41598,3,,,1,70,,41607,3,,,1,30,,41608,3,,,1,70,,41609,3,,,1,30,,41610,3,,,1,70,,41611,3,,,1,30,,41612,3,,,1,70,,41613,3,,,1,30,,41614,3,,,1,70,,41615,3,,,1,28,,41616,3,,,1,69,,41617,3,,,1,30,,41618,3,,,1,70,,41619,3,,,1,30,,41620,3,,,1,70,,41621,3,,,1,30,,41622,3,,,1,71,,41623,3,,,1,31,,41624,3,,,1,70,,41606,3,,,1,30,,41599,3,,,1,70,,41600,3,,,1,30,,41601,3,,,1,70,,41602,3,,,1,30,,41603,3,,,1,71,,41604,3,,,1,30,,41605,3,,,1,70,,41625,3,,,1
