600,'6-Holiday1-10000001',806,,33234,24,,,1,100,,33235,24,,,1,100,,33236,24,,,1,100,,33237,24,,,1,100,,33238,24,,,1,100,,33239,24,,,1,100,,33240,24,,,1,100,,33241,24,,,1,100,,33242,24,,,1,100,,33243,24,,,1,100,,33244,24,,,1,100,,33245,24,,,1,100,,33246,24,,,1,100,,33247,24,,,1,100,,33248,24,,,1,100,,33249,24,,,1,100,,33250,24,,,1
600,'6-Saturday-10000010',547,,33251,9,,,1,89,,33252,24,,,1,70,,33253,24,,,1,30,,33254,24,,,1,70,,33255,24,,,1,30,,33256,24,,,1,71,,33257,24,,,1,32,,33258,24,,,1,70,,33259,24,,,1,30,,33260,24,,,1,70,,33261,24,,,1,30,,33262,24,,,1,70,,33263,24,,,1,30,,33264,24,,,1,70,,33265,24,,,1,30,,33266,24,,,1,70,,33267,24,,,1,30,,33268,24,,,1,70,,33269,24,,,1,30,,33270,24,,,1,70,,33271,24,,,1,30,,33272,24,,,1,70,,33273,24,,,1,30,,33274,24,,,1,69,,33275,24,,,1,28,,33276,24,,,1,70,,33277,24,,,1,30,,33278,24,,,1,70,,33279,24,,,1,30,,33280,24,,,1,70,,33281,24,,,1,30,,33282,24,,,1,70,,33283,24,,,1,30,,33284,24,,,1,70,,33285,24,,,1,30,,33286,24,,,1,70,,33287,24,,,1,30,,33288,24,,,1
600,'6-Sunday-10000001',806,,33289,24,,,1,30,,33290,24,,,1,70,,33291,24,,,1,30,,33292,24,,,1,70,,33293,24,,,1,30,,33294,24,,,1,70,,33295,24,,,1,30,,33296,24,,,1,70,,33297,24,,,1,30,,33298,24,,,1,70,,33299,24,,,1,30,,33300,24,,,1,70,,33301,24,,,1,30,,33302,24,,,1,70,,33303,24,,,1,30,,33304,24,,,1,70,,33305,24,,,1,30,,33306,24,,,1,70,,33307,24,,,1,30,,33308,24,,,1,70,,33309,24,,,1,30,,33310,24,,,1,70,,33311,24,,,1,30,,33312,24,,,1,70,,33313,24,,,1,30,,33314,24,,,1,70,,33315,24,,,1,30,,33316,24,,,1,70,,33317,24,,,1,30,,33318,24,,,1,70,,33319,24,,,1,30,,33320,24,,,1,70,,33321,24,,,1
600,'6-Weekday-11111100',537,,33359,5,,,1,70,,33357,24,,,1,30,,33322,24,,,1,71,,33323,24,,,1,32,,33324,24,,,1,70,,33325,24,,,1,30,,33326,24,,,1,70,,33327,24,,,1,30,,33328,24,,,1,69,,33329,24,,,1,30,,33330,24,,,1,70,,33331,24,,,1,30,,33332,24,,,1,70,,33333,24,,,1,30,,33334,24,,,1,70,,33335,24,,,1,30,,33336,24,,,1,70,,33337,24,,,1,32,,33338,24,,,1,71,,33339,24,,,1,30,,33340,24,,,1,70,,33341,24,,,1,30,,33342,24,,,1,70,,33343,24,,,1,30,,33344,24,,,1,68,,33345,24,,,1,28,,33346,24,,,1,70,,33347,24,,,1,30,,33348,24,,,1,70,,33349,24,,,1,30,,33350,24,,,1,70,,33351,24,,,1,30,,33352,24,,,1,69,,33353,24,,,1,31,,33354,24,,,1,70,,33355,24,,,1,30,,33356,24,,,1,70,,33358,24,,,1
800,'8-Holiday1-10000001',753,,34002,22,,,1,70,,33969,22,,,1,30,,33970,22,,,1,70,,33971,22,,,1,30,,33972,22,,,1,71,,33973,22,,,1,30,,33974,22,,,1,70,,33975,22,,,1,30,,33976,22,,,1,70,,33977,22,,,1,30,,33978,22,,,1,70,,33979,22,,,1,30,,33980,22,,,1,70,,33981,22,,,1,30,,33982,22,,,1,70,,33983,22,,,1,30,,33984,22,,,1,70,,33985,22,,,1,30,,33986,22,,,1,70,,33987,22,,,1,30,,33988,22,,,1,69,,33989,22,,,1,30,,33990,22,,,1,70,,33991,22,,,1,30,,33992,22,,,1,70,,33993,22,,,1,30,,33994,22,,,1,70,,33995,22,,,1,30,,33996,22,,,1,70,,33997,22,,,1,30,,33998,22,,,1,70,,33999,22,,,1,30,,34000,22,,,1,70,,34001,22,,,1
800,'8-Saturday-10000010',653,,34003,22,,,1,70,,34004,22,,,1,30,,34005,22,,,1,70,,34006,22,,,1,30,,34007,22,,,1,72,,34008,22,,,1,30,,34009,22,,,1,70,,34010,22,,,1,30,,34011,22,,,1,70,,34012,22,,,1,30,,34013,22,,,1,70,,34014,22,,,1,30,,34015,22,,,1,70,,34016,22,,,1,30,,34017,22,,,1,70,,34018,22,,,1,30,,34019,22,,,1,70,,34020,22,,,1,30,,34021,22,,,1,70,,34022,22,,,1,30,,34023,22,,,1,70,,34024,22,,,1,30,,34025,22,,,1,68,,34026,22,,,1,30,,34027,22,,,1,70,,34028,22,,,1,30,,34029,22,,,1,70,,34030,22,,,1,30,,34031,22,,,1,70,,34032,22,,,1,30,,34033,22,,,1,70,,34034,22,,,1,30,,34035,22,,,1,70,,34036,22,,,1,30,,34037,22,,,1,70,,34038,22,,,1
800,'8-Sunday-10000001',723,,34073,22,,,1,30,,34072,22,,,1,70,,34039,22,,,1,30,,34040,22,,,1,70,,34041,22,,,1,30,,34042,22,,,1,71,,34043,22,,,1,30,,34044,22,,,1,70,,34045,22,,,1,30,,34046,22,,,1,70,,34047,22,,,1,30,,34048,22,,,1,70,,34049,22,,,1,30,,34050,22,,,1,70,,34051,22,,,1,30,,34052,22,,,1,70,,34053,22,,,1,30,,34054,22,,,1,70,,34055,22,,,1,30,,34056,22,,,1,70,,34057,22,,,1,30,,34058,22,,,1,69,,34059,22,,,1,30,,34060,22,,,1,70,,34061,22,,,1,30,,34062,22,,,1,70,,34063,22,,,1,30,,34064,22,,,1,70,,34065,22,,,1,30,,34066,22,,,1,70,,34067,22,,,1,30,,34068,22,,,1,70,,34069,22,,,1,30,,34070,22,,,1,70,,34071,22,,,1
800,'8-Weekday-11111100',554,,34124,9,,,1,70,,34074,22,,,1,30,,34075,22,,,1,62,,34123,22,,,1,10,,34144,9,,,1,5,,34076,22,,,1,15,,34077,22,,,1,55,,34078,22,,,1,15,,34079,22,,,1,15,,34080,22,,,1,15,,34081,22,,,1,55,,34082,22,,,1,15,,34083,22,,,1,15,,34084,22,,,1,15,,34085,22,,,1,55,,34086,22,,,1,15,,34134,22,,,1,15,,34087,22,,,1,15,,34126,22,,,1,55,,34088,22,,,1,15,,34127,22,,,1,15,,34089,22,,,1,15,,34128,22,,,1,55,,34090,22,,,1,15,,34129,22,,,1,15,,34091,22,,,1,15,,34130,22,,,1,55,,34092,22,,,1,15,,34131,22,,,1,15,,34093,22,,,1,15,,34132,22,,,1,55,,34094,22,,,1,15,,34133,22,,,1,15,,34095,22,,,1,16,,34125,22,,,1,56,,34096,22,,,1,15,,34097,22,,,1,15,,34098,22,,,1,15,,34099,22,,,1,55,,34100,22,,,1,15,,34101,22,,,1,15,,34102,22,,,1,15,,34103,22,,,1,55,,34104,22,,,1,15,,34105,22,,,1,15,,34106,22,,,1,15,,34107,22,,,1,55,,34108,22,,,1,13,,34109,22,,,1,19,,34110,22,,,1,20,,34111,22,,,1,55,,34137,22,,,1,15,,34112,22,,,1,15,,34138,22,,,1,15,,34113,22,,,1,55,,34139,22,,,1,15,,34114,22,,,1,15,,34140,22,,,1,15,,34115,22,,,1,55,,34136,22,,,1,15,,34116,22,,,1,15,,34141,22,,,1,15,,34117,22,,,1,54,,34142,22,,,1,14,,34118,22,,,1,30,,34119,22,,,1,70,,34120,22,,,1,30,,34121,22,,,1,70,,34122,22,,,1,30,,34135,22,,,1
3400,'34-Weekday-11111100',638,,37962,2,,,1,70,,37973,2,,,1,30,,37965,2,,,1,70,,37964,2,,,1,30,,37963,2,,,1,599,,37966,2,,,1,70,,37971,2,,,1,30,,37970,2,,,1,70,,37969,2,,,1,30,,37968,2,,,1,70,,37967,2,,,1,525,,37972,2,,,1
20400,'204-Holiday1-10000001',742,,41627,18,,,1,70,,41628,18,,,1,30,,41629,18,,,1,70,,41630,18,,,1,30,,41631,18,,,1,70,,41632,18,,,1,30,,41633,18,,,1,70,,41634,18,,,1,30,,41635,18,,,1,70,,41626,18,,,1,30,,41636,18,,,1,70,,41637,18,,,1,30,,41638,18,,,1,70,,41639,18,,,1,30,,41640,18,,,1,70,,41641,18,,,1,30,,41642,18,,,1,70,,41643,18,,,1,30,,41644,18,,,1,70,,41645,18,,,1,30,,41646,18,,,1,70,,41647,18,,,1,30,,41648,18,,,1,70,,41649,18,,,1,30,,41650,18,,,1,70,,41651,18,,,1,30,,41652,18,,,1,70,,41653,18,,,1,30,,41654,18,,,1,70,,41655,18,,,1,30,,41656,18,,,1,70,,41657,18,,,1,30,,41658,18,,,1,70,,41659,18,,,1
20400,'204-Saturday-10000010',640,,41660,18,,,1,70,,41661,18,,,1,30,,41662,18,,,1,70,,41663,18,,,1,30,,41664,18,,,1,71,,41665,18,,,1,31,,41666,18,,,1,70,,41667,18,,,1,30,,41668,18,,,1,70,,41669,18,,,1,30,,41670,18,,,1,70,,41671,18,,,1,30,,41672,18,,,1,70,,41673,18,,,1,30,,41674,18,,,1,70,,41675,18,,,1,30,,41676,18,,,1,70,,41677,18,,,1,30,,41678,18,,,1,70,,41679,18,,,1,30,,41680,18,,,1,70,,41681,18,,,1,30,,41682,18,,,1,70,,41683,18,,,1,29,,41684,18,,,1,70,,41685,18,,,1,30,,41686,18,,,1,70,,41687,18,,,1,30,,41688,18,,,1,70,,41689,18,,,1,30,,41690,18,,,1,70,,41691,18,,,1,30,,41692,18,,,1,70,,41693,18,,,1,30,,41694,18,,,1,70,,41695,18,,,1
20400,'204-Sunday-10000001',741,,41697,18,,,1,70,,41698,18,,,1,30,,41699,18,,,1,70,,41700,18,,,1,30,,41701,18,,,1,70,,41702,18,,,1,31,,41703,18,,,1,70,,41704,18,,,1,30,,41705,18,,,1,70,,41696,18,,,1,30,,41706,18,,,1,70,,41707,18,,,1,30,,41708,18,,,1,70,,41709,18,,,1,30,,41710,18,,,1,70,,41711,18,,,1,30,,41712,18,,,1,70,,41713,18,,,1,30,,41714,18,,,1,70,,41715,18,,,1,30,,41716,18,,,1,69,,41717,18,,,1,29,,41718,18,,,1,70,,41719,18,,,1,30,,41720,18,,,1,70,,41721,18,,,1,30,,41722,18,,,1,70,,41723,18,,,1,30,,41724,18,,,1,70,,41725,18,,,1,30,,41726,18,,,1,70,,41727,18,,,1,30,,41728,18,,,1,70,,41729,18,,,1
20400,'204-Weekday-11111100',611,,41788,18,,,1,30,,41730,18,,,1,71,,41731,18,,,1,18,,41732,18,,,1,15,,41733,18,,,1,55,,41734,18,,,1,15,,41735,18,,,1,15,,41736,18,,,1,15,,41737,18,,,1,55,,41738,18,,,1,15,,41739,18,,,1,15,,41740,18,,,1,14,,41741,18,,,1,14,,41742,18,,,1,55,,41743,18,,,1,15,,41744,18,,,1,15,,41745,18,,,1,15,,41746,18,,,1,55,,41747,18,,,1,15,,41748,18,,,1,15,,41749,18,,,1,15,,41750,18,,,1,55,,41751,18,,,1,15,,41752,18,,,1,15,,41753,18,,,1,15,,41754,18,,,1,55,,41755,18,,,1,15,,41756,18,,,1,15,,41757,18,,,1,15,,41758,18,,,1,55,,41759,18,,,1,15,,41760,18,,,1,16,,41761,18,,,1,56,,41762,18,,,1,15,,41763,18,,,1,15,,41764,18,,,1,15,,41765,18,,,1,55,,41766,18,,,1,15,,41767,18,,,1,15,,41768,18,,,1,15,,41769,18,,,1,55,,41770,18,,,1,15,,41771,18,,,1,15,,41772,18,,,1,15,,41773,18,,,1,55,,41774,18,,,1,14,,41775,18,,,1,14,,41789,18,,,1,15,,41776,18,,,1,70,,41777,18,,,1,30,,41778,18,,,1,70,,41779,18,,,1,30,,41780,18,,,1,70,,41781,18,,,1,30,,41782,18,,,1,70,,41783,18,,,1,28,,41784,18,,,1,70,,41785,18,,,1,30,,41786,18,,,1,70,,41787,18,,,1
