5301,'53-Holiday1-10000001',847,,38848,3,,,1,100,,38849,3,,,1,100,,38850,3,,,1,100,,38851,3,,,1,100,,38852,3,,,1,100,,38853,3,,,1,100,,38854,3,,,1,100,,38855,3,,,1,100,,38856,3,,,1,100,,38857,3,,,1,100,,38858,3,,,1,100,,38859,3,,,1,100,,38860,3,,,1,100,,38861,3,,,1,100,,38862,3,,,1
5301,'53-Saturday-10000010',647,,38891,3,,,1,70,,38864,3,,,1,30,,38865,3,,,1,70,,38866,3,,,1,30,,38867,3,,,1,70,,38868,3,,,1,30,,38869,3,,,1,70,,38870,3,,,1,30,,38871,3,,,1,70,,38872,3,,,1,30,,38873,3,,,1,70,,38874,3,,,1,30,,38875,3,,,1,70,,38876,3,,,1,30,,38877,3,,,1,70,,38878,3,,,1,30,,38879,3,,,1,70,,38880,3,,,1,30,,38881,3,,,1,70,,38882,3,,,1,30,,38883,3,,,1,70,,38884,3,,,1,30,,38885,3,,,1,70,,38886,3,,,1,30,,38887,3,,,1,100,,38888,3,,,1,100,,38889,3,,,1,100,,38890,3,,,1,100,,38863,3,,,1,155,,38892,3,,,1
5301,'53-Sunday-10000001',817,,38893,3,,,1,100,,38894,3,,,1,100,,38895,3,,,1,30,,38896,3,,,1,70,,38897,3,,,1,30,,38898,3,,,1,70,,38899,3,,,1,30,,38900,3,,,1,70,,38901,3,,,1,30,,38902,3,,,1,70,,38903,3,,,1,30,,38904,3,,,1,70,,38905,3,,,1,30,,38906,3,,,1,70,,38907,3,,,1,30,,38908,3,,,1,70,,38909,3,,,1,30,,38910,3,,,1,100,,38911,3,,,1,100,,38912,3,,,1,100,,38913,3,,,1,100,,38914,3,,,1,100,,38915,3,,,1
5301,'53-Weekday-11111100',532,,38937,3,,,1,70,,38938,3,,,1,30,,38939,3,,,1,70,,38940,3,,,1,30,,38941,3,,,1,70,,38942,3,,,1,30,,38916,3,,,1,70,,38917,3,,,1,30,,38918,3,,,1,70,,38919,3,,,1,30,,38920,3,,,1,70,,38921,3,,,1,30,,38922,3,,,1,70,,38923,3,,,1,30,,38924,3,,,1,70,,38925,3,,,1,30,,38952,3,,,1,70,,38947,3,,,1,25,,38946,3,,,1,26,,38945,3,,,1,70,,38944,3,,,1,30,,38943,3,,,1,70,,38950,3,,,1,30,,38951,3,,,1,70,,38926,3,,,1,30,,38927,3,,,1,79,,38928,3,,,1,70,,38929,3,,,1,30,,38930,3,,,1,70,,38931,3,,,1,30,,38932,3,,,1,70,,38933,3,,,1,30,,38949,3,,,1,70,,38948,3,,,1,30,,38934,3,,,1,70,,38935,3,,,1,30,,38936,3,,,1
5801,'58-Holiday1-11111111',802,,39588,3,,,1,100,,39587,3,,,1,100,,39586,3,,,1,100,,39589,3,,,1,100,,39590,3,,,1,100,,39591,3,,,1,100,,39592,3,,,1,100,,39593,3,,,1,100,,39594,3,,,1,100,,39595,3,,,1,100,,39596,3,,,1,100,,39601,3,,,1,100,,39600,3,,,1,100,,39599,3,,,1,100,,39598,3,,,1,100,,39597,3,,,1
5801,'58-Saturday-10000010',632,,39609,3,,,1,70,,39608,3,,,1,30,,39607,3,,,1,70,,39606,3,,,1,30,,39605,3,,,1,70,,39604,3,,,1,30,,39603,3,,,1,70,,39602,3,,,1,30,,39625,3,,,1,70,,39624,3,,,1,30,,39623,3,,,1,70,,39622,3,,,1,30,,39621,3,,,1,70,,39620,3,,,1,30,,39619,3,,,1,70,,39618,3,,,1,30,,39617,3,,,1,70,,39616,3,,,1,30,,39615,3,,,1,70,,39614,3,,,1,30,,39613,3,,,1,70,,39612,3,,,1,30,,39611,3,,,1,70,,39610,3,,,1,100,,39627,3,,,1,100,,39629,3,,,1,100,,39630,3,,,1,100,,39628,3,,,1,100,,39626,3,,,1
5801,'58-Sunday-10000001',832,,39633,3,,,1,100,,39632,3,,,1,100,,39631,3,,,1,70,,39634,3,,,1,30,,39648,3,,,1,70,,39647,3,,,1,30,,39646,3,,,1,70,,39645,3,,,1,30,,39644,3,,,1,70,,39643,3,,,1,30,,39642,3,,,1,70,,39641,3,,,1,30,,39640,3,,,1,70,,39639,3,,,1,30,,39638,3,,,1,70,,39637,3,,,1,30,,39636,3,,,1,70,,39635,3,,,1,100,,39653,3,,,1,100,,39652,3,,,1,100,,39651,3,,,1,100,,39650,3,,,1,100,,39649,3,,,1
5801,'58-Weekday-11111100',537,,39657,3,,,1,70,,39656,3,,,1,30,,39655,3,,,1,70,,39654,3,,,1,30,,39670,3,,,1,70,,39669,3,,,1,30,,39668,3,,,1,70,,39667,3,,,1,30,,39666,3,,,1,70,,39665,3,,,1,30,,39664,3,,,1,70,,39663,3,,,1,30,,39662,3,,,1,70,,39661,3,,,1,30,,39660,3,,,1,70,,39659,3,,,1,30,,39658,3,,,1,70,,39676,3,,,1,35,,39675,3,,,1,70,,39688,3,,,1,30,,39674,3,,,1,70,,39673,3,,,1,30,,39672,3,,,1,70,,39687,3,,,1,30,,39689,3,,,1,70,,39671,3,,,1,20,,39686,3,,,1,70,,39685,3,,,1,30,,39684,3,,,1,70,,39683,3,,,1,30,,39682,3,,,1,70,,39681,3,,,1,30,,39680,3,,,1,25,,39679,3,,,1,70,,39678,3,,,1,30,,39677,3,,,1
6500,'65-Holiday1-10000001',847,,40312,3,,,1,85,,40313,3,,,1,85,,40314,3,,,1,85,,40315,3,,,1,45,,40316,3,,,1,85,,40317,3,,,1,85,,40318,3,,,1,85,,40319,3,,,1,45,,40320,3,,,1,85,,40321,3,,,1,85,,40322,3,,,1,85,,40323,3,,,1,45,,40324,3,,,1,85,,40325,3,,,1,85,,40326,3,,,1,85,,40327,3,,,1,45,,40328,3,,,1,85,,40329,3,,,1
6500,'65-Saturday-10000010',717,,40330,3,,,1,30,,40331,3,,,1,70,,40332,3,,,1,30,,40333,3,,,1,70,,40334,3,,,1,30,,40335,3,,,1,70,,40336,3,,,1,30,,40337,3,,,1,70,,40338,3,,,1,30,,40339,3,,,1,70,,40340,3,,,1,30,,40341,3,,,1,70,,40342,3,,,1,30,,40343,3,,,1,70,,40344,3,,,1,30,,40345,3,,,1,70,,40346,3,,,1,30,,40347,3,,,1,70,,40348,3,,,1,30,,40349,3,,,1,70,,40350,3,,,1,30,,40351,3,,,1,70,,40352,3,,,1,85,,40353,3,,,1,45,,40354,3,,,1,85,,40355,3,,,1,85,,40356,3,,,1,85,,40357,3,,,1,45,,40358,3,,,1,85,,40359,3,,,1
6500,'65-Sunday-10000001',847,,40360,3,,,1,70,,40392,3,,,1,30,,40361,3,,,1,70,,40362,3,,,1,30,,40363,3,,,1,70,,40364,3,,,1,30,,40365,3,,,1,70,,40366,3,,,1,30,,40367,3,,,1,70,,40368,3,,,1,30,,40369,3,,,1,70,,40370,3,,,1,30,,40371,3,,,1,70,,40372,3,,,1,30,,40373,3,,,1,70,,40374,3,,,1,30,,40375,3,,,1,70,,40376,3,,,1,30,,40377,3,,,1,70,,40378,3,,,1,85,,40379,3,,,1,45,,40380,3,,,1,85,,40381,3,,,1,85,,40382,3,,,1,85,,40383,3,,,1
6500,'65-Weekday-11111100',617,,40393,3,,,1,30,,40394,3,,,1,70,,40395,3,,,1,30,,40396,3,,,1,70,,40397,3,,,1,30,,40398,3,,,1,70,,40399,3,,,1,30,,40400,3,,,1,70,,40401,3,,,1,30,,40402,3,,,1,70,,40403,3,,,1,30,,40404,3,,,1,70,,40405,3,,,1,30,,40406,3,,,1,70,,40407,3,,,1,30,,40408,3,,,1,75,,40409,3,,,1,26,,40410,3,0,40,1,65,,40411,3,0,40,1,30,,40412,3,0,40,1,70,,40413,3,0,40,1,30,,40414,3,0,40,1,70,,40415,3,0,40,1,30,,40416,3,0,40,1,74,,40417,3,,,1,30,,40418,3,,,1,70,,40419,3,,,1,30,,40420,3,,,1,70,,40421,3,,,1,30,,40422,3,,,1,70,,40423,3,,,1,30,,40424,3,,,1,70,,40425,3,,,1,30,,40426,3,,,1,70,,40427,3,,,1,30,,40428,3,,,1
