901,'9-Holiday1-10000001',818,,34442,30,,,1,100,,34443,30,,,1,100,,34444,30,,,1,100,,34445,30,,,1,100,,34446,30,,,1,100,,34447,30,,,1,100,,34448,30,,,1,100,,34449,30,,,1,100,,34450,30,,,1,100,,34451,30,,,1,100,,34452,30,,,1,100,,34453,30,,,1,100,,34454,30,,,1,100,,34455,30,,,1,100,,34456,30,,,1,100,,34457,30,,,1,100,,34441,30,,,1
901,'9-Saturday-10000010',718,,34459,30,,,1,30,,34460,30,,,1,70,,34461,30,,,1,30,,34458,30,,,1,71,,34462,30,,,1,30,,34463,30,,,1,70,,34464,30,,,1,30,,34465,30,,,1,70,,34466,30,,,1,30,,34467,30,,,1,70,,34468,30,,,1,30,,34469,30,,,1,70,,34470,30,,,1,30,,34471,30,,,1,70,,34472,30,,,1,30,,34473,30,,,1,70,,34474,30,,,1,30,,34475,30,,,1,70,,34476,30,,,1,30,,34477,30,,,1,70,,34478,30,,,1,30,,34479,30,,,1,69,,34480,30,,,1,30,,34481,30,,,1,70,,34482,30,,,1,30,,34483,30,,,1,70,,34484,30,,,1,30,,34485,30,,,1,70,,34486,30,,,1,30,,34487,30,,,1,70,,34488,30,,,1,30,,34489,30,,,1,70,,34490,30,,,1,30,,34491,30,,,1,70,,34492,30,,,1
901,'9-Sunday-10000001',818,,34495,30,,,1,30,,34494,30,,,1,70,,34496,30,,,1,30,,34497,30,,,1,70,,34498,30,,,1,30,,34499,30,,,1,70,,34500,30,,,1,30,,34501,30,,,1,70,,34502,30,,,1,30,,34503,30,,,1,70,,34504,30,,,1,30,,34505,30,,,1,70,,34506,30,,,1,30,,34507,30,,,1,70,,34508,30,,,1,30,,34509,30,,,1,70,,34510,30,,,1,30,,34511,30,,,1,70,,34512,30,,,1,30,,34513,30,,,1,70,,34514,30,,,1,30,,34515,30,,,1,70,,34516,30,,,1,30,,34517,30,,,1,70,,34518,30,,,1,30,,34519,30,,,1,70,,34520,30,,,1,30,,34521,30,,,1,70,,34522,30,,,1,30,,34523,30,,,1,70,,34524,30,,,1,30,,34525,30,,,1,70,,34493,30,,,1
901,'9-Weekday-11111100',624,,34528,30,,,1,30,,34527,30,,,1,75,,34562,30,,,1,30,,34561,30,,,1,70,,34560,30,,,1,30,,34559,30,,,1,70,,34558,30,,,1,27,,34557,30,,,1,70,,34556,30,,,1,30,,34555,30,,,1,70,,34554,30,,,1,30,,34553,30,,,1,70,,34552,30,,,1,30,,34551,30,,,1,70,,34550,30,,,1,30,,34549,30,,,1,70,,34548,30,,,1,32,,34547,30,,,1,70,,34546,30,,,1,30,,34545,30,,,1,70,,34544,30,,,1,30,,34543,30,,,1,70,,34542,30,,,1,30,,34541,30,,,1,68,,34540,30,,,1,30,,34539,30,,,1,70,,34538,30,,,1,30,,34537,30,,,1,70,,34536,30,,,1,30,,34535,30,,,1,70,,34534,30,,,1,30,,34533,30,,,1,67,,34526,30,,,1,30,,34563,30,,,1,70,,34530,30,,,1,30,,34529,30,,,1,70,,34531,30,,,1,30,,34532,30,,,1
3101,'31-Saturday-10000010',722,,37698,31,,,1,30,,37699,31,,,1,70,,37700,31,,,1,30,,37701,31,,,1,73,,37702,31,,,1,30,,37703,31,,,1,70,,37704,31,,,1,30,,37705,31,,,1,70,,37706,31,,,1,30,,37707,31,,,1,70,,37708,31,,,1,30,,37709,31,,,1,70,,37710,31,,,1,30,,37711,31,,,1,70,,37712,31,,,1,30,,37713,31,,,1,70,,37714,31,,,1,30,,37715,31,,,1,70,,37716,31,,,1,30,,37717,31,,,1,70,,37718,31,,,1,30,,37719,31,,,1,68,,37720,31,,,1,30,,37721,31,,,1,70,,37722,31,,,1
3101,'31-Sunday-10000001',822,,37723,31,,,1,30,,37724,31,,,1,70,,37725,31,,,1,30,,37726,31,,,1,71,,37727,31,,,1,30,,37728,31,,,1,70,,37729,31,,,1,30,,37730,31,,,1,70,,37731,31,,,1,30,,37732,31,,,1,70,,37733,31,,,1,30,,37734,31,,,1,70,,37735,31,,,1,30,,37736,31,,,1,70,,37737,31,,,1,30,,37738,31,,,1,70,,37739,31,,,1,30,,37740,31,,,1,70,,37741,31,,,1,30,,37742,31,,,1,70,,37743,31,,,1,30,,37744,31,,,1,70,,37745,31,,,1
3101,'31-Weekday-11111100',555,,37778,13,,,1,70,,37779,13,,,1,30,,37747,31,,,1,74,,37766,31,,,1,28,,37781,13,0,15 16,1,2,,37767,31,,,1,70,,37768,31,,,1,30,,37769,31,,,1,70,,37780,31,,,1,28,,37770,31,,,1,70,,37771,31,,,1,30,,37772,31,,,1,70,,37773,31,,,1,30,,37774,31,,,1,70,,37775,31,,,1,30,,37776,31,,,1,70,,37777,31,,,1,30,,37765,31,,,1,70,,37764,31,,,1,32,,37763,31,,,1,70,,37762,31,,,1,30,,37761,31,,,1,70,,37760,31,,,1,30,,37759,31,,,1,70,,37758,31,,,1,30,,37757,31,,,1,67,,37756,31,,,1,30,,37755,31,,,1,70,,37754,31,,,1,30,,37753,31,,,1,70,,37752,31,,,1,30,,37751,31,,,1,70,,37750,31,,,1,30,,37749,31,,,1,65,,37748,31,,,1,30,,37746,31,,,1
20101,'201-Holiday1-10000001',709,,40910,6,,,1,30,,40911,6,,,1,70,,40912,6,,,1,30,,40913,6,,,1,70,,40914,6,,,1,30,,40915,6,,,1,71,,40916,6,,,1,30,,40917,6,,,1,70,,40918,6,,,1,30,,40919,6,,,1,70,,40909,6,,,1,30,,40920,6,,,1,70,,40921,6,,,1,30,,40922,6,,,1,70,,40923,6,,,1,30,,40924,6,,,1,70,,40925,6,,,1,30,,40926,6,,,1,70,,40927,6,,,1,30,,40928,6,,,1,70,,40929,6,,,1,30,,40930,6,,,1,69,,40931,6,,,1,30,,40932,6,,,1,70,,40933,6,,,1,30,,40934,6,,,1,70,,40935,6,,,1,30,,40936,6,,,1,70,,40937,6,,,1,30,,40938,6,,,1,70,,40939,6,,,1,30,,40940,6,,,1,70,,40941,6,,,1,30,,40942,6,,,1,70,,40943,6,,,1
20101,'201-Saturday-10000010',639,,40979,6,,,1,70,,40944,6,,,1,30,,40945,6,,,1,70,,40946,6,,,1,30,,40947,6,,,1,71,,40948,6,,,1,30,,40949,6,,,1,70,,40950,6,,,1,30,,40951,6,,,1,70,,40952,6,,,1,30,,40953,6,,,1,70,,40954,6,,,1,30,,40955,6,,,1,70,,40956,6,,,1,30,,40957,6,,,1,70,,40958,6,,,1,30,,40959,6,,,1,70,,40960,6,,,1,30,,40961,6,,,1,70,,40962,6,,,1,30,,40963,6,,,1,70,,40964,6,,,1,30,,40965,6,,,1,69,,40966,6,,,1,30,,40967,6,,,1,70,,40968,6,,,1,30,,40969,6,,,1,70,,40970,6,,,1,30,,40971,6,,,1,70,,40972,6,,,1,30,,40973,6,,,1,70,,40974,6,,,1,30,,40975,6,,,1,70,,40976,6,,,1,30,,40977,6,,,1,70,,40978,6,0,13 14 7,1
20101,'201-Sunday-10000001',709,,40981,6,,,1,30,,40982,6,,,1,70,,40983,6,,,1,30,,40984,6,,,1,70,,40985,6,,,1,30,,40986,6,,,1,71,,40987,6,,,1,30,,40988,6,,,1,70,,40989,6,,,1,30,,40990,6,,,1,70,,40980,6,,,1,30,,40991,6,,,1,70,,40992,6,,,1,30,,40993,6,,,1,70,,40994,6,,,1,30,,40995,6,,,1,70,,40996,6,,,1,30,,40997,6,,,1,70,,40998,6,,,1,30,,40999,6,,,1,70,,41000,6,,,1,30,,41001,6,,,1,69,,41002,6,,,1,30,,41003,6,,,1,70,,41004,6,,,1,30,,41005,6,,,1,70,,41006,6,,,1,30,,41007,6,,,1,70,,41008,6,,,1,30,,41009,6,,,1,70,,41010,6,,,1,30,,41011,6,,,1,70,,41012,6,,,1,30,,41013,6,,,1,70,,41014,6,,,1
20101,'201-Weekday-11111100',524,,41089,6,,,1,30,,41090,6,,,1,55,,41048,6,,,1,15,,41051,6,,,1,15,,41049,6,,,1,15,,41052,6,,,1,57,,41046,6,,,1,10,,41053,6,,,1,10,,41075,6,,,1,10,,41045,6,,,1,10,,41054,6,,,1,50,,41076,6,,,1,10,,41015,6,,,1,10,,41055,6,,,1,10,,41077,6,,,1,10,,41050,6,,,1,10,,41056,6,,,1,50,,41078,6,,,1,10,,41047,6,,,1,10,,41057,6,,,1,10,,41079,6,,,1,11,,41016,6,,,1,10,,41058,6,,,1,50,,41092,6,,,1,10,,41017,6,,,1,10,,41059,6,,,1,10,,41093,6,,,1,10,,41018,6,,,1,10,,41060,6,,,1,50,,41094,6,,,1,10,,41019,6,,,1,10,,41061,6,,,1,10,,41095,6,,,1,10,,41020,6,,,1,10,,41062,6,,,1,50,,41096,6,,,1,10,,41021,6,,,1,10,,41063,6,,,1,10,,41097,6,,,1,10,,41022,6,,,1,10,,41064,6,,,1,50,,41098,6,,,1,10,,41023,6,,,1,10,,41065,6,,,1,10,,41099,6,,,1,10,,41024,6,,,1,10,,41066,6,,,1,50,,41100,6,,,1,10,,41025,6,,,1,10,,41101,6,,,1,10,,41067,6,,,1,10,,41026,6,,,1,10,,41068,6,,,1,50,,41080,6,,,1,10,,41027,6,,,1,10,,41069,6,,,1,10,,41081,6,,,1,10,,41028,6,,,1,10,,41070,6,,,1,50,,41082,6,,,1,10,,41033,6,,,1,10,,41071,6,,,1,10,,41084,6,,,1,10,,41029,6,,,1,10,,41072,6,,,1,50,,41083,6,,,1,10,,41030,6,,,1,10,,41073,6,,,1,10,,41085,6,,,1,10,,41031,6,,,1,10,,41074,6,,,1,50,,41086,6,,,1,9,,41032,6,,,1,15,,41034,6,,,1,15,,41102,6,,,1,15,,41035,6,,,1,55,,41103,6,,,1,15,,41036,6,,,1,15,,41104,6,,,1,15,,41037,6,,,1,55,,41105,6,,,1,15,,41038,6,,,1,15,,41106,6,,,1,15,,41039,6,,,1,55,,41107,6,,,1,15,,41040,6,,,1,15,,41108,6,,,1,15,,41041,6,,,1,83,,41042,6,,,1,70,,41043,6,,,1,35,,41044,6,,,1,70,,41091,6,,,1
