6001,'60-Saturday-10000010',722,,39746,7,,,1,30,,39747,7,,,1,70,,39748,7,,,1,30,,39749,7,,,1,70,,39750,7,,,1,30,,39751,7,,,1,70,,39752,7,,,1,30,,39753,7,,,1,70,,39754,7,,,1,30,,39755,7,,,1,70,,39756,7,,,1,30,,39757,7,,,1,70,,39758,7,,,1,30,,39759,7,,,1,70,,39760,7,,,1,30,,39761,7,,,1,70,,39762,7,,,1,30,,39763,7,,,1,70,,39764,7,,,1,30,,39765,7,,,1,70,,39766,7,,,1,30,,39767,7,,,1,70,,39768,7,,,1,30,,39769,7,,,1
6001,'60-Weekday-11111100',622,,39770,7,,,1,30,,39771,7,,,1,73,,39772,7,,,1,30,,39773,7,,,1,70,,39774,7,,,1,30,,39775,7,,,1,70,,39776,7,,,1,28,,39777,7,,,1,70,,39778,7,,,1,30,,39779,7,,,1,70,,39780,7,,,1,30,,39781,7,,,1,70,,39782,7,,,1,30,,39783,7,,,1,70,,39784,7,,,1,30,,39785,7,,,1,70,,39786,7,,,1,33,,39787,7,,,1,70,,39788,7,,,1,30,,39789,7,,,1,70,,39790,7,,,1,30,,39791,7,,,1,70,,39792,7,,,1,30,,39793,7,,,1,66,,39794,7,,,1,30,,39795,7,,,1,70,,39796,7,,,1,30,,39797,7,,,1,70,,39798,7,,,1,30,,39799,7,,,1,70,,39800,7,,,1,30,,39801,7,,,1
6501,'65-Holiday1-10000001',836,,40429,14,,,1,81,,40430,14,,,1,85,,40431,14,,,1,46,,40432,14,,,1,85,,40433,14,,,1,85,,40434,14,,,1,85,,40435,14,,,1,45,,40436,14,,,1,85,,40437,14,,,1,85,,40438,14,,,1,85,,40439,14,,,1,45,,40440,14,,,1,85,,40441,14,,,1,85,,40442,14,,,1,85,,40443,14,,,1,45,,40444,14,,,1,85,,40445,14,,,1,85,,40446,14,,,1,85,,40447,14,,,1
6501,'65-Saturday-10000010',717,,40448,14,,,1,30,,40449,14,,,1,70,,40450,14,,,1,30,,40451,14,,,1,72,,40452,14,,,1,31,,40453,14,,,1,70,,40454,14,,,1,30,,40455,14,,,1,70,,40456,14,,,1,30,,40457,14,,,1,70,,40458,14,,,1,30,,40459,14,,,1,70,,40460,14,,,1,30,,40461,14,,,1,70,,40462,14,,,1,30,,40463,14,,,1,70,,40464,14,,,1,30,,40465,14,,,1,70,,40466,14,,,1,30,,40467,14,,,1,70,,40468,14,,,1,30,,40469,14,,,1,69,,40470,14,,,1,29,,40471,14,,,1,85,,40472,14,,,1,85,,40473,14,,,1,85,,40474,14,,,1,45,,40475,14,,,1,85,,40476,14,,,1,85,,40477,14,,,1
6501,'65-Sunday-10000001',847,,40478,14,,,1,70,,40479,14,,,1,30,,40511,14,,,1,71,,40480,14,,,1,22,,40503,14,,,1,8,,40481,14,,,1,70,,40482,14,,,1,22,,40504,14,,,1,8,,40483,14,,,1,70,,40484,14,,,1,22,,40505,14,,,1,8,,40485,14,,,1,70,,40486,14,,,1,22,,40506,14,,,1,8,,40487,14,,,1,70,,40488,14,,,1,22,,40507,14,,,1,8,,40489,14,,,1,70,,40490,14,,,1,22,,40508,14,,,1,8,,40491,14,,,1,70,,40492,14,,,1,22,,40509,14,,,1,8,,40493,14,,,1,70,,40494,14,,,1,22,,40510,14,,,1,8,,40495,14,,,1,70,,40496,14,,,1,30,,40497,14,,,1,85,,40498,14,,,1,85,,40499,14,,,1,85,,40500,14,,,1,45,,40501,14,,,1,85,,40502,14,,,1
6501,'65-Weekday-11111100',547,,40512,14,,,1,70,,40513,14,,,1,30,,40514,14,,,1,72,,40515,14,,,1,32,,40516,14,,,1,70,,40517,14,,,1,30,,40518,14,,,1,70,,40519,14,,,1,29,,40520,14,,,1,70,,40521,14,,,1,30,,40522,14,,,1,70,,40523,14,,,1,30,,40524,14,,,1,70,,40525,14,,,1,30,,40526,14,,,1,70,,40527,14,,,1,30,,40528,14,,,1,70,,40529,14,,,1,38,,40530,14,,,1,67,,40531,14,,,1,25,,40532,14,,,1,70,,40533,14,,,1,30,,40534,14,,,1,70,,40535,14,,,1,30,,40536,14,,,1,67,,40537,14,,,1,31,,40538,14,,,1,70,,40539,14,,,1,30,,40540,14,,,1,70,,40541,14,,,1,30,,40542,14,,,1,70,,40543,14,,,1,30,,40544,14,,,1,69,,40545,14,,,1,28,,40546,14,,,1,70,,40547,14,,,1,30,,40548,14,,,1
20301,'203-Holiday1-20000001',958,,41543,22,,,1,143,,41551,22,,,1,100,,41550,22,,,1,100,,41549,22,,,1,100,,41548,22,,,1,100,,41547,22,,,1,100,,41546,22,,,1,100,,41545,22,,,1,100,,41544,22,,,1,57,,41542,22,,,1,100,,41554,22,,,1,100,,41553,22,,,1,100,,41552,22,,,1
20301,'203-Saturday-10000010',736,,41558,22,,,1,100,,41559,22,,,1,101,,41560,22,,,1,100,,41561,22,,,1,70,,41562,22,,,1,30,,41563,22,,,1,70,,41564,22,,,1,30,,41565,22,,,1,70,,41566,22,,,1,30,,41567,22,,,1,70,,41568,22,,,1,30,,41569,22,,,1,70,,41570,22,,,1,30,,41571,22,,,1,70,,41572,22,,,1,30,,41573,22,,,1,70,,41574,22,,,1,30,,41555,22,,,1,69,,41557,22,,,1,30,,41556,22,,,1,70,,41575,22,,,1,95,,41576,22,,,1,100,,41577,22,,,1,100,,41578,22,,,1
20301,'203-Sunday-10000001',1003,,41580,22,,,1,103,,41588,22,,,1,100,,41587,22,,,1,100,,41586,22,,,1,100,,41585,22,,,1,100,,41584,22,,,1,100,,41583,22,,,1,100,,41582,22,,,1,100,,41581,22,,,1,47,,41579,22,,,1,100,,41591,22,,,1,100,,41590,22,,,1,100,,41589,22,,,1
20301,'203-Weekday-21111100',707,,41592,27,,,1,30,,41593,27,,,1,78,,41594,27,,,1,30,,41595,27,,,1,70,,41596,27,,,1,29,,41597,27,,,1,76,,41598,27,,,1,30,,41607,27,,,1,70,,41608,27,,,1,30,,41609,27,,,1,70,,41610,27,,,1,30,,41611,27,,,1,70,,41612,27,,,1,30,,41613,27,,,1,70,,41614,27,,,1,33,,41615,27,,,1,68,,41616,27,,,1,29,,41617,27,,,1,70,,41618,27,,,1,30,,41619,27,,,1,70,,41620,27,,,1,30,,41621,27,,,1,67,,41622,27,,,1,30,,41623,27,,,1,71,,41624,27,,,1,30,,41606,27,,,1,70,,41599,27,,,1,30,,41600,27,,,1,70,,41601,27,,,1,30,,41602,27,,,1,68,,41603,27,,,1,27,,41604,27,,,1,70,,41605,27,,,1,30,,41625,27,,,1
