701,'7-Holiday1-10000001',828,,33732,14,,,1,30,,33733,14,,,1,70,,33735,14,,,1,30,,33736,14,,,1,70,,33737,14,,,1,30,,33738,14,,,1,70,,33739,14,,,1,30,,33740,14,,,1,70,,33741,14,,,1,30,,33742,14,,,1,70,,33743,14,,,1,30,,33744,14,,,1,70,,33745,14,,,1,30,,33746,14,,,1,70,,33747,14,,,1,30,,33748,14,,,1,70,,33749,14,,,1,30,,33750,14,,,1,70,,33751,14,,,1,30,,33752,14,,,1,70,,33753,14,,,1,30,,33754,14,,,1,70,,33755,14,,,1,30,,33756,14,,,1,70,,33757,14,,,1,30,,33758,14,,,1,70,,33759,14,,,1,30,,33730,14,,,1,70,,33728,14,,,1,30,,33731,14,,,1,70,,33729,14,,,1,30,,33734,14,,,1
701,'7-Saturday-10000010',628,,33763,14,,,1,30,,33765,14,,,1,70,,33767,14,,,1,15,,33768,14,,,1,15,,33769,14,,,1,55,,33770,14,,,1,15,,33771,14,,,1,15,,33772,14,,,1,15,,33773,14,,,1,63,,33774,14,,,1,15,,33775,14,,,1,15,,33776,14,,,1,55,,33777,14,,,1,15,,33778,14,,,1,15,,33779,14,,,1,15,,33780,14,,,1,55,,33781,14,,,1,15,,33782,14,,,1,15,,33783,14,,,1,15,,33784,14,,,1,55,,33785,14,,,1,15,,33786,14,,,1,15,,33787,14,,,1,15,,33788,14,,,1,55,,33789,14,,,1,15,,33790,14,,,1,15,,33791,14,,,1,15,,33792,14,,,1,55,,33793,14,,,1,15,,33794,14,,,1,15,,33795,14,,,1,15,,33796,14,,,1,55,,33797,14,,,1,15,,33798,14,,,1,15,,33799,14,,,1,15,,33800,14,,,1,55,,33801,14,,,1,15,,33802,14,,,1,15,,33803,14,,,1,15,,33804,14,,,1,55,,33805,14,,,1,15,,33806,14,,,1,15,,33807,14,,,1,15,,33808,14,,,1,53,,33809,14,,,1,14,,33810,14,,,1,10,,33811,14,,,1,15,,33812,14,,,1,15,,33813,14,,,1,55,,33814,14,,,1,15,,33815,14,,,1,15,,33816,14,,,1,15,,33817,14,,,1,55,,33818,14,,,1,15,,33819,14,,,1,15,,33820,14,,,1,15,,33821,14,,,1,55,,33822,14,,,1,15,,33823,14,,,1,15,,33824,14,,,1,15,,33825,14,,,1,55,,33826,14,,,1,15,,33827,14,,,1,15,,33828,14,,,1,15,,33829,14,,,1,55,,33764,14,,,1,15,,33761,14,,,1,15,,33766,14,,,1,15,,33762,14,,,1,56,,33830,14,0,24 7,1
701,'7-Sunday-10000001',829,,33835,14,,,1,30,,33837,14,,,1,55,,33893,14,,,1,20,,33838,14,,,1,15,,33839,14,,,1,56,,33840,14,,,1,17,,33841,14,,,1,15,,33842,14,,,1,15,,33843,14,,,1,55,,33844,14,,,1,15,,33845,14,,,1,15,,33846,14,,,1,15,,33847,14,,,1,55,,33848,14,,,1,15,,33849,14,,,1,15,,33850,14,,,1,15,,33851,14,,,1,55,,33852,14,,,1,15,,33853,14,,,1,15,,33854,14,,,1,15,,33855,14,,,1,55,,33856,14,,,1,15,,33857,14,,,1,15,,33858,14,,,1,15,,33859,14,,,1,55,,33860,14,,,1,15,,33861,14,,,1,15,,33862,14,,,1,15,,33863,14,,,1,55,,33864,14,,,1,15,,33865,14,,,1,15,,33866,14,,,1,15,,33867,14,,,1,55,,33868,14,,,1,15,,33869,14,,,1,15,,33870,14,,,1,15,,33871,14,,,1,54,,33872,14,,,1,13,,33873,14,,,1,10,,33874,14,,,1,15,,33875,14,,,1,15,,33876,14,,,1,55,,33877,14,,,1,15,,33878,14,,,1,15,,33879,14,,,1,15,,33880,14,,,1,55,,33881,14,,,1,15,,33882,14,,,1,15,,33883,14,,,1,15,,33884,14,,,1,55,,33885,14,,,1,15,,33886,14,,,1,15,,33887,14,,,1,15,,33833,14,,,1,55,,33836,14,,,1,15,,33831,14,,,1,15,,33888,14,,,1,15,,33834,14,,,1,55,,33889,14,,,1,15,,33832,14,,,1,15,,33890,14,,,1,70,,33891,14,0,24 7,1
701,'7-Weekday-11111100',557,,33966,14,,,1,55,,33895,14,,,1,15,,33896,14,,,1,15,,33897,14,,,1,15,,33968,14,,,1,64,,33898,14,,,1,15,,33899,14,,,1,15,,33900,14,,,1,55,,33901,14,,,1,15,,33902,14,,,1,15,,33903,14,,,1,15,,33904,14,,,1,55,,33905,14,,,1,15,,33906,14,,,1,15,,33907,14,,,1,16,,33908,14,,,1,55,,33909,14,,,1,15,,33910,14,,,1,15,,33911,14,,,1,15,,33912,14,,,1,55,,33913,14,,,1,15,,33914,14,,,1,15,,33915,14,,,1,15,,33916,14,,,1,55,,33917,14,,,1,15,,33918,14,,,1,15,,33919,14,,,1,15,,33920,14,,,1,55,,33921,14,,,1,15,,33922,14,,,1,15,,33923,14,,,1,15,,33924,14,,,1,55,,33925,14,,,1,15,,33926,14,,,1,16,,33927,14,,,1,21,,33928,14,,,1,60,,33929,14,,,1,15,,33930,14,,,1,15,,33931,14,,,1,55,,33932,14,,,1,15,,33933,14,,,1,15,,33934,14,,,1,15,,33935,14,,,1,55,,33936,14,,,1,15,,33937,14,,,1,15,,33938,14,,,1,15,,33939,14,,,1,55,,33940,14,,,1,13,,33941,14,,,1,20,,33942,14,,,1,15,,33943,14,,,1,55,,33944,14,,,1,15,,33945,14,,,1,15,,33946,14,,,1,15,,33947,14,,,1,55,,33948,14,,,1,15,,33949,14,,,1,15,,33950,14,,,1,15,,33951,14,,,1,55,,33952,14,,,1,15,,33953,14,,,1,15,,33954,14,,,1,15,,33955,14,,,1,54,,33956,14,,,1,8,,33957,14,,,1,15,,33958,14,,,1,15,,33959,14,,,1,15,,33960,14,,,1,55,,33961,14,,,1,15,,33962,14,,,1,15,,33963,14,,,1,15,,33964,14,,,1,55,,33967,14,0,24 7,1
1601,'16-Holiday1-10000001',821,,35636,5,,,1,100,,35637,5,,,1,103,,35638,5,,,1,100,,35639,5,,,1,100,,35640,5,,,1,100,,35641,5,,,1,100,,35642,5,,,1,100,,35643,5,,,1,100,,35644,5,,,1,100,,35645,5,,,1,98,,35646,5,,,1,101,,35647,5,,,1,100,,35648,5,,,1,100,,35649,5,,,1,100,,35650,5,,,1,100,,35651,5,,,1
1601,'16-Saturday-10000010',653,,35653,5,,,1,70,,35654,5,,,1,30,,35655,5,,,1,70,,35656,5,,,1,30,,35657,5,,,1,73,,35658,5,,,1,33,,35659,5,,,1,70,,35660,5,,,1,30,,35661,5,,,1,70,,35662,5,,,1,30,,35663,5,,,1,70,,35664,5,,,1,30,,35665,5,,,1,70,,35666,5,,,1,30,,35667,5,,,1,70,,35668,5,,,1,30,,35669,5,,,1,70,,35670,5,,,1,30,,35671,5,,,1,70,,35672,5,,,1,30,,35673,5,,,1,70,,35674,5,,,1,30,,35675,5,,,1,68,,35676,5,,,1,28,,35677,5,,,1,70,,35678,5,,,1,30,,35679,5,,,1,70,,35680,5,,,1,30,,35681,5,,,1,70,,35682,5,,,1,30,,35683,5,,,1,70,,35684,5,,,1,30,,35685,5,,,1,70,,35687,5,,,1,30,,35686,5,0,5,1
1601,'16-Sunday-10000001',751,,35688,5,,,1,70,,35689,5,,,1,30,,35690,5,,,1,70,,35691,5,,,1,30,,35692,5,,,1,73,,35693,5,,,1,30,,35694,5,,,1,70,,35695,5,,,1,30,,35696,5,,,1,70,,35697,5,,,1,30,,35698,5,,,1,70,,35699,5,,,1,30,,35700,5,,,1,70,,35701,5,,,1,30,,35702,5,,,1,70,,35703,5,,,1,30,,35704,5,,,1,70,,35705,5,,,1,30,,35706,5,,,1,70,,35707,5,,,1,30,,35708,5,,,1,68,,35709,5,,,1,31,,35710,5,,,1,70,,35711,5,,,1,30,,35712,5,,,1,70,,35713,5,,,1,30,,35714,5,,,1,70,,35715,5,,,1,30,,35716,5,,,1,70,,35717,5,,,1,30,,35718,5,,,1,70,,35719,5,,,1,30,,35720,5,,,1
1601,'16-Weekday-11111100',547,,35721,5,,,1,72,,35722,5,,,1,12,,35758,5,,,1,17,,35723,5,,,1,59,,35762,5,,,1,15,,35724,5,,,1,17,,35759,5,,,1,16,,35725,5,,,1,55,,35760,5,,,1,15,,35726,5,,,1,15,,35761,5,,,1,15,,35727,5,,,1,55,,35771,5,,,1,15,,35728,5,,,1,16,,35777,5,,,1,16,,35729,5,,,1,55,,35778,5,,,1,14,,35730,5,,,1,16,,35779,5,,,1,15,,35731,5,,,1,55,,35780,5,,,1,15,,35732,5,,,1,15,,35781,5,,,1,15,,35733,5,,,1,55,,35782,5,,,1,15,,35734,5,,,1,15,,35783,5,,,1,15,,35735,5,,,1,55,,35784,5,,,1,15,,35736,5,,,1,15,,35785,5,,,1,15,,35737,5,,,1,55,,35786,5,,,1,15,,35738,5,,,1,15,,35768,5,,,1,15,,35739,5,,,1,57,,35763,5,,,1,15,,35740,5,,,1,16,,35764,5,,,1,55,,35741,5,,,1,15,,35765,5,,,1,15,,35742,5,,,1,15,,35766,5,,,1,55,,35743,5,,,1,15,,35767,5,,,1,15,,35744,5,,,1,15,,35757,5,,,1,55,,35745,5,,,1,14,,35769,5,,,1,13,,35746,5,,,1,13,,35772,5,,,1,15,,35747,5,,,1,54,,35748,5,,,1,15,,35773,5,,,1,15,,35749,5,,,1,15,,35776,5,,,1,55,,35750,5,,,1,15,,35774,5,,,1,15,,35751,5,,,1,15,,35775,5,,,1,55,,35752,5,,,1,15,,35787,5,,,1,15,,35753,5,,,1,73,,35754,5,,,1,27,,35755,5,,,1,13,,35756,5,,,1,70,,35770,5,0,5,1
9101,'91-Saturday-10000010',2450,,40702,12,0,21 22 23,1,70,,40703,12,0,21 22 23,1,30,,40704,12,0,21 22 23,1
9101,'91-Weekday-10001100',2450,,40705,12,0,21 22 23,1,70,,40706,12,0,21 22 23,1,30,,40707,12,0,21 22 23,1
