101,'1-Holiday1-10000001',824,,32554,23,,,1,100,,32555,23,,,1,30,,32556,23,,,1,72,,32557,23,,,1,30,,32558,23,,,1,70,,32559,23,,,1,30,,32560,23,,,1,70,,32561,23,,,1,30,,32562,23,,,1,70,,32563,23,,,1,30,,32564,23,,,1,70,,32565,23,,,1,30,,32566,23,,,1,70,,32567,23,,,1,30,,32568,23,,,1,70,,32569,23,,,1,30,,32570,23,,,1,70,,32571,23,,,1,30,,32572,23,,,1,68,,32573,23,,,1,100,,32574,23,,,1,100,,32575,23,,,1,100,,32576,23,,,1,100,,32577,23,,,1,100,,32578,23,,,1,100,,32579,23,,,1
101,'1-Saturday-10000010',624,,32580,23,,,1,30,,32581,23,,,1,70,,32582,23,,,1,30,,32583,23,,,1,70,,32584,23,,,1,30,,32585,23,,,1,72,,32586,23,,,1,30,,32587,23,,,1,70,,32588,23,,,1,30,,32589,23,,,1,70,,32590,23,,,1,30,,32591,23,,,1,70,,32592,23,,,1,30,,32593,23,,,1,70,,32594,23,,,1,30,,32595,23,,,1,70,,32596,23,,,1,30,,32597,23,,,1,70,,32598,23,,,1,30,,32599,23,,,1,70,,32600,23,,,1,30,,32601,23,,,1,70,,32602,23,,,1,30,,32603,23,,,1,68,,32604,23,,,1,30,,32605,23,,,1,70,,32606,23,,,1,30,,32607,23,,,1,70,,32608,23,,,1,30,,32609,23,,,1,70,,32610,23,,,1,30,,32611,23,,,1,70,,32612,23,,,1,30,,32613,23,,,1,70,,32614,23,,,1,100,,32615,23,,,1
101,'1-Sunday-10000001',824,,32616,23,,,1,100,,32617,23,,,1,30,,32618,23,,,1,72,,32619,23,,,1,30,,32620,23,,,1,70,,32621,23,,,1,30,,32622,23,,,1,70,,32623,23,,,1,30,,32624,23,,,1,70,,32625,23,,,1,30,,32626,23,,,1,70,,32627,23,,,1,30,,32628,23,,,1,70,,32629,23,,,1,30,,32630,23,,,1,70,,32631,23,,,1,30,,32632,23,,,1,70,,32633,23,,,1,30,,32634,23,,,1,68,,32635,23,,,1,100,,32636,23,,,1,100,,32637,23,,,1,100,,32638,23,,,1,100,,32639,23,,,1,100,,32640,23,,,1,100,,32641,23,,,1
101,'1-Weekday-11111100',609,,32678,23,,,1,15,,32676,23,,,1,15,,32680,13,,,1,15,,32677,23,,,1,56,,32679,13,,,1,16,,32642,23,,,1,30,,32643,23,,,1,70,,32644,23,,,1,30,,32645,23,,,1,70,,32646,23,,,1,30,,32647,23,,,1,70,,32656,23,,,1,30,,32657,23,,,1,70,,32658,23,,,1,30,,32659,23,,,1,70,,32660,23,,,1,30,,32661,23,,,1,70,,32662,23,,,1,30,,32663,23,,,1,70,,32664,23,,,1,31,,32648,23,,,1,70,,32649,23,,,1,30,,32650,23,,,1,70,,32651,23,,,1,30,,32652,23,,,1,70,,32653,23,,,1,30,,32654,23,,,1,69,,32655,23,,,1,30,,32665,23,,,1,70,,32666,23,,,1,30,,32667,23,,,1,70,,32668,23,,,1,30,,32669,23,,,1,70,,32670,23,,,1,30,,32671,23,,,1,68,,32672,23,,,1,30,,32673,23,,,1,70,,32674,23,,,1,100,,32675,23,,,1
301,'3-Saturday-10000010',658,,32776,1,,,1,70,,32777,1,,,1,30,,32778,1,,,1,70,,32779,1,,,1,30,,32780,1,,,1,72,,32781,1,,,1,70,,32782,1,,,1,30,,32783,1,,,1,70,,32784,1,,,1,30,,32785,1,,,1,70,,32786,1,,,1,30,,32787,1,,,1,70,,32788,1,,,1,30,,32789,1,,,1,70,,32790,1,,,1,30,,32791,1,,,1,70,,32792,1,,,1,30,,32793,1,,,1,70,,32794,1,,,1,30,,32795,1,,,1,70,,32796,1,,,1,30,,32797,1,,,1,70,,32798,1,,,1,28,,32799,1,,,1,30,,32800,1,,,1,70,,32801,1,,,1,30,,32802,1,,,1,70,,32803,1,,,1,30,,32804,1,,,1,100,,32805,1,,,1,100,,32806,1,,,1
301,'3-Sunday-10000001',858,,32809,1,,,1,100,,32810,1,,,1,71,,32811,1,,,1,30,,32812,1,,,1,70,,32813,1,,,1,30,,32814,1,,,1,70,,32815,1,,,1,30,,32816,1,,,1,70,,32817,1,,,1,30,,32818,1,,,1,70,,32819,1,,,1,30,,32820,1,,,1,70,,32821,1,,,1,30,,32822,1,,,1,70,,32823,1,,,1,30,,32824,1,,,1,70,,32825,1,,,1,30,,32826,1,,,1,69,,32832,1,,,1,30,,32827,1,,,1,70,,32833,1,,,1,30,,32828,1,,,1,70,,32834,1,,,1,30,,32831,1,,,1,100,,32829,1,,,1,100,,32830,1,,,1
301,'3-Weekday-11111100',629,,32836,1,,,1,30,,32835,1,,,1,74,,32837,1,,,1,70,,32838,1,,,1,30,,32839,1,,,1,70,,32840,1,,,1,31,,32841,1,,,1,66,,32842,1,,,1,30,,32848,1,,,1,70,,32849,1,,,1,30,,32850,1,,,1,70,,32851,1,,,1,30,,32852,1,,,1,70,,32847,1,,,1,30,,32846,1,,,1,70,,32845,1,,,1,30,,32844,1,,,1,75,,32843,1,,,1,30,,32859,1,,,1,70,,32858,1,,,1,30,,32857,1,,,1,70,,32856,1,,,1,30,,32855,1,,,1,69,,32854,1,,,1,25,,32853,1,,,1,30,,32864,1,,,1,70,,32863,1,,,1,30,,32865,1,,,1,70,,32867,1,,,1,30,,32862,1,,,1,70,,32868,1,,,1,30,,32861,1,,,1,67,,32869,1,,,1,30,,32860,1,,,1,70,,32870,1,,,1,30,,32866,1,,,1
400,'4-Saturday-10000010',658,,32901,28,4,,1,70,,32871,28,4,,1,30,,32872,28,4,,1,70,,32873,28,4,,1,30,,32874,28,4,,1,72,,32875,28,4,,1,70,,32876,28,4,,1,30,,32877,28,4,,1,70,,32878,28,4,,1,30,,32879,28,4,,1,70,,32880,28,4,,1,30,,32881,28,4,,1,70,,32882,28,4,,1,30,,32883,28,4,,1,70,,32884,28,4,,1,30,,32885,28,4,,1,70,,32886,28,4,,1,30,,32887,28,4,,1,70,,32888,28,4,,1,30,,32889,28,4,,1,70,,32890,28,4,,1,30,,32891,28,4,,1,70,,32892,28,4,,1,28,,32893,28,4,,1,30,,32894,28,4,,1,70,,32895,28,4,,1,30,,32896,28,4,,1,70,,32897,28,4,,1,30,,32898,28,4,,1,100,,32899,28,4,,1,100,,32900,28,4,,1
400,'4-Sunday-10000001',858,,32902,28,4,,1,100,,32903,28,4,,1,71,,32904,28,4,,1,30,,32905,28,4,,1,70,,32906,28,4,,1,30,,32907,28,4,,1,70,,32908,28,4,,1,30,,32909,28,4,,1,70,,32910,28,4,,1,30,,32911,28,4,,1,70,,32912,28,4,,1,30,,32913,28,4,,1,70,,32914,28,4,,1,30,,32915,28,4,,1,70,,32916,28,4,,1,30,,32917,28,4,,1,70,,32918,28,4,,1,30,,32919,28,4,,1,69,,32925,28,4,,1,30,,32920,28,4,,1,70,,32926,28,4,,1,30,,32921,28,4,,1,70,,32927,28,4,,1,30,,32922,28,4,,1,100,,32923,28,4,,1,100,,32924,28,4,,1
400,'4-Weekday-11111100',629,,32928,28,4,,1,30,,32929,28,4,,1,74,,32930,28,4,,1,70,,32931,28,4,,1,30,,32932,28,4,,1,70,,32933,28,4,,1,31,,32934,28,4,,1,66,,32935,28,4,,1,30,,32936,28,4,,1,70,,32937,28,4,,1,30,,32938,28,4,,1,70,,32939,28,4,,1,30,,32940,28,4,,1,70,,32941,28,4,,1,30,,32942,28,4,,1,70,,32943,28,4,,1,30,,32944,28,4,,1,75,,32945,28,4,,1,30,,32946,28,4,,1,70,,32947,28,4,,1,30,,32948,28,4,,1,70,,32949,28,4,,1,30,,32950,28,4,,1,69,,32951,28,4,,1,25,,32952,28,4,,1,30,,32953,28,4,,1,70,,32954,28,4,,1,30,,32955,28,4,,1,70,,32960,28,4,,1,30,,32956,28,4,,1,70,,32961,28,4,,1,30,,32957,28,4,,1,67,,32962,28,4,,1,30,,32958,28,4,,1,70,,32963,28,4,,1,30,,32959,28,4,,1
701,'7-Holiday1-10000001',838,,33732,22,,,1,70,,33733,22,,,1,30,,33735,22,,,1,70,,33736,22,,,1,30,,33737,22,,,1,70,,33738,22,,,1,30,,33739,22,,,1,70,,33740,22,,,1,30,,33741,22,,,1,70,,33742,22,,,1,30,,33743,22,,,1,70,,33744,22,,,1,30,,33745,22,,,1,70,,33746,22,,,1,30,,33747,22,,,1,70,,33748,22,,,1,30,,33749,22,,,1,70,,33750,22,,,1,30,,33751,22,,,1,70,,33752,22,,,1,30,,33753,22,,,1,70,,33754,22,,,1,30,,33755,22,,,1,70,,33756,22,,,1,30,,33757,22,,,1,70,,33758,22,,,1,30,,33759,22,,,1,70,,33730,22,,,1,30,,33728,22,,,1,70,,33731,22,,,1,30,,33729,22,,,1,70,,33734,22,,,1
701,'7-Saturday-10000010',637,,33763,22,,,1,70,,33765,22,,,1,30,,33767,22,,,1,15,,33768,22,,,1,55,,33769,22,,,1,15,,33770,22,,,1,15,,33771,22,,,1,15,,33772,22,,,1,56,,33773,22,,,1,23,,33774,22,,,1,15,,33775,22,,,1,55,,33776,22,,,1,15,,33777,22,,,1,15,,33778,22,,,1,15,,33779,22,,,1,55,,33780,22,,,1,15,,33781,22,,,1,15,,33782,22,,,1,15,,33783,22,,,1,55,,33784,22,,,1,15,,33785,22,,,1,15,,33786,22,,,1,15,,33787,22,,,1,55,,33788,22,,,1,15,,33789,22,,,1,15,,33790,22,,,1,15,,33791,22,,,1,55,,33792,22,,,1,15,,33793,22,,,1,15,,33794,22,,,1,15,,33795,22,,,1,55,,33796,22,,,1,15,,33797,22,,,1,15,,33798,22,,,1,15,,33799,22,,,1,55,,33800,22,,,1,15,,33801,22,,,1,15,,33802,22,,,1,15,,33803,22,,,1,55,,33804,22,,,1,15,,33805,22,,,1,15,,33806,22,,,1,15,,33807,22,,,1,55,,33808,22,,,1,12,,33809,22,,,1,14,,33810,22,,,1,10,,33811,22,,,1,15,,33812,22,,,1,55,,33813,22,,,1,15,,33814,22,,,1,15,,33815,22,,,1,15,,33816,22,,,1,55,,33817,22,,,1,15,,33818,22,,,1,15,,33819,22,,,1,15,,33820,22,,,1,55,,33821,22,,,1,15,,33822,22,,,1,15,,33823,22,,,1,15,,33824,22,,,1,55,,33825,22,,,1,15,,33826,22,,,1,15,,33827,22,,,1,15,,33828,22,,,1,55,,33829,22,,,1,15,,33764,22,,,1,15,,33761,22,,,1,15,,33766,22,,,1,55,,33762,22,,,1
701,'7-Sunday-10000001',838,,33835,22,,,1,70,,33837,22,,,1,15,,33893,22,,,1,20,,33838,22,,,1,15,,33839,22,,,1,58,,33840,22,,,1,17,,33841,22,,,1,15,,33842,22,,,1,55,,33843,22,,,1,15,,33844,22,,,1,15,,33845,22,,,1,15,,33846,22,,,1,55,,33847,22,,,1,15,,33848,22,,,1,15,,33849,22,,,1,15,,33850,22,,,1,55,,33851,22,,,1,15,,33852,22,,,1,15,,33853,22,,,1,15,,33854,22,,,1,55,,33855,22,,,1,15,,33856,22,,,1,15,,33857,22,,,1,15,,33858,22,,,1,55,,33859,22,,,1,15,,33860,22,,,1,15,,33861,22,,,1,15,,33862,22,,,1,55,,33863,22,,,1,15,,33864,22,,,1,15,,33865,22,,,1,15,,33866,22,,,1,55,,33867,22,,,1,15,,33868,22,,,1,15,,33869,22,,,1,15,,33870,22,,,1,54,,33871,22,,,1,13,,33872,22,,,1,13,,33873,22,,,1,10,,33874,22,,,1,15,,33875,22,,,1,55,,33876,22,,,1,15,,33877,22,,,1,15,,33878,22,,,1,15,,33879,22,,,1,55,,33880,22,,,1,15,,33881,22,,,1,15,,33882,22,,,1,15,,33883,22,,,1,55,,33884,22,,,1,15,,33885,22,,,1,15,,33886,22,,,1,15,,33887,22,,,1,55,,33833,22,,,1,15,,33836,22,,,1,15,,33831,22,,,1,15,,33888,22,,,1,55,,33834,22,,,1,15,,33889,22,,,1,15,,33832,22,,,1,15,,33890,22,,,1
701,'7-Weekday-11111100',607,,33966,22,,,1,15,,33895,22,,,1,15,,33896,22,,,1,15,,33897,22,,,1,55,,33968,22,,,1,24,,33898,22,,,1,15,,33899,22,,,1,55,,33900,22,,,1,15,,33901,22,,,1,15,,33902,22,,,1,15,,33903,22,,,1,55,,33904,22,,,1,15,,33905,22,,,1,15,,33906,22,,,1,17,,33907,22,,,1,56,,33908,22,,,1,15,,33909,22,,,1,15,,33910,22,,,1,15,,33911,22,,,1,55,,33912,22,,,1,15,,33913,22,,,1,15,,33914,22,,,1,15,,33915,22,,,1,55,,33916,22,,,1,15,,33917,22,,,1,15,,33918,22,,,1,15,,33919,22,,,1,55,,33920,22,,,1,15,,33921,22,,,1,15,,33922,22,,,1,15,,33923,22,,,1,55,,33924,22,,,1,15,,33925,22,,,1,15,,33926,22,,,1,17,,33927,22,,,1,61,,33928,22,,,1,20,,33929,22,,,1,15,,33930,22,,,1,55,,33931,22,,,1,15,,33932,22,,,1,15,,33933,22,,,1,15,,33934,22,,,1,55,,33935,22,,,1,15,,33936,22,,,1,15,,33937,22,,,1,15,,33938,22,,,1,55,,33939,22,,,1,11,,33940,22,,,1,13,,33941,22,,,1,20,,33942,22,,,1,55,,33943,22,,,1,15,,33944,22,,,1,15,,33945,22,,,1,15,,33946,22,,,1,55,,33947,22,,,1,15,,33948,22,,,1,15,,33949,22,,,1,15,,33950,22,,,1,55,,33951,22,,,1,15,,33952,22,,,1,15,,33953,22,,,1,15,,33954,22,,,1,55,,33955,22,,,1,13,,33956,22,,,1,8,,33957,22,,,1,15,,33958,22,,,1,15,,33959,22,,,1,55,,33960,22,,,1,15,,33961,22,,,1,15,,33962,22,,,1,15,,33963,22,,,1,55,,33964,22,,,1
20401,'204-Holiday1-10000001',745,,41791,14,,,1,70,,41792,14,,,1,30,,41793,14,,,1,70,,41794,14,,,1,30,,41795,14,,,1,70,,41790,14,,,1,30,,41796,14,,,1,70,,41797,14,,,1,30,,41798,14,,,1,70,,41799,14,,,1,30,,41800,14,,,1,70,,41801,14,,,1,30,,41802,14,,,1,70,,41803,14,,,1,30,,41804,14,,,1,70,,41805,14,,,1,30,,41806,14,,,1,70,,41807,14,,,1,30,,41808,14,,,1,70,,41809,14,,,1,30,,41810,14,,,1,70,,41811,14,,,1,30,,41812,14,,,1,70,,41813,14,,,1,30,,41814,14,,,1,70,,41815,14,,,1,30,,41816,14,,,1,70,,41817,14,,,1,30,,41818,14,,,1,70,,41819,14,,,1,30,,41820,14,,,1,70,,41821,14,,,1,30,,41822,14,,,1
20401,'204-Saturday-10000010',643,,41857,14,,,1,70,,41823,14,,,1,30,,41824,14,,,1,70,,41825,14,,,1,30,,41826,14,,,1,70,,41827,14,,,1,33,,41828,14,,,1,70,,41856,14,,,1,30,,41829,14,,,1,70,,41830,14,,,1,30,,41831,14,,,1,70,,41832,14,,,1,30,,41833,14,,,1,70,,41834,14,,,1,30,,41835,14,,,1,70,,41836,14,,,1,30,,41837,14,,,1,70,,41838,14,,,1,30,,41839,14,,,1,70,,41840,14,,,1,30,,41841,14,,,1,70,,41842,14,,,1,30,,41843,14,,,1,69,,41844,14,,,1,28,,41845,14,,,1,70,,41846,14,,,1,30,,41847,14,,,1,70,,41848,14,,,1,30,,41849,14,,,1,70,,41850,14,,,1,30,,41851,14,,,1,70,,41852,14,,,1,30,,41853,14,,,1,70,,41854,14,,,1,30,,41855,14,,,1
20401,'204-Sunday-10000001',742,,41859,14,,,1,70,,41860,14,,,1,30,,41861,14,,,1,70,,41862,14,,,1,30,,41863,14,,,1,70,,41858,14,,,1,33,,41864,14,,,1,70,,41865,14,,,1,30,,41866,14,,,1,70,,41867,14,,,1,30,,41868,14,,,1,70,,41869,14,,,1,30,,41870,14,,,1,70,,41871,14,,,1,30,,41872,14,,,1,70,,41873,14,,,1,30,,41874,14,,,1,70,,41875,14,,,1,30,,41876,14,,,1,70,,41877,14,,,1,30,,41878,14,,,1,70,,41879,14,,,1,27,,41880,14,,,1,70,,41881,14,,,1,30,,41882,14,,,1,70,,41883,14,,,1,30,,41884,14,,,1,70,,41885,14,,,1,30,,41886,14,,,1,70,,41887,14,,,1,30,,41888,14,,,1,70,,41889,14,,,1,30,,41890,14,,,1
20401,'204-Weekday-11111100',610,,41948,14,,,1,31,,41942,14,,,1,71,,41891,14,,,1,16,,41949,14,,,1,15,,41943,14,,,1,15,,41892,14,,,1,55,,41944,14,,,1,15,,41893,14,,,1,15,,41894,14,,,1,15,,41895,14,,,1,55,,41896,14,,,1,15,,41897,14,,,1,15,,41898,14,,,1,15,,41899,14,,,1,59,,41900,14,,,1,15,,41901,14,,,1,15,,41902,14,,,1,55,,41903,14,,,1,15,,41904,14,,,1,15,,41905,14,,,1,15,,41906,14,,,1,55,,41907,14,,,1,15,,41908,14,,,1,15,,41909,14,,,1,15,,41910,14,,,1,55,,41911,14,,,1,15,,41912,14,,,1,15,,41913,14,,,1,15,,41914,14,,,1,55,,41915,14,,,1,15,,41916,14,,,1,15,,41917,14,,,1,16,,41918,14,,,1,56,,41919,14,,,1,10,,41947,14,,,1,13,,41920,14,,,1,20,,41921,14,,,1,55,,41922,14,,,1,15,,41923,14,,,1,15,,41924,14,,,1,15,,41925,14,,,1,55,,41926,14,,,1,15,,41927,14,,,1,15,,41928,14,,,1,15,,41946,14,,,1,55,,41929,14,,,1,13,,41930,14,,,1,14,,41931,14,,,1,27,,41945,14,,,1,50,,41932,14,,,1,40,,41933,14,,,1,70,,41934,14,,,1,30,,41935,14,,,1,70,,41936,14,,,1,30,,41937,14,,,1,69,,41938,14,,,1,28,,41939,14,,,1,70,,41940,14,,,1,30,,41941,14,,,1
