6100,'61-Holiday1-21111111',816,,39816,28,4,,1,100,,39802,28,4,,1,102,,39803,28,4,,1,100,,39804,28,4,,1,100,,39805,28,4,,1,100,,39806,28,4,,1,100,,39807,28,4,,1,100,,39808,28,4,,1,100,,39809,28,4,,1,100,,39810,28,4,,1,98,,39811,28,4,,1,100,,39812,28,4,,1,100,,39813,28,4,,1,100,,39814,28,4,,1,100,,39815,28,4,,1
6100,'61-Saturday-10000010',640,,39817,21,4,,1,106,,39841,28,4,,1,70,,39842,28,4,,1,30,,39843,28,4,,1,70,,39844,28,4,,1,31,,39845,28,4,,1,70,,39846,28,4,,1,30,,39848,28,4,,1,70,,39847,28,4,,1,30,,39827,28,4,,1,70,,39828,28,4,,1,30,,39829,28,4,,1,70,,39830,28,4,,1,30,,39831,28,4,,1,70,,39832,28,4,,1,30,,39833,28,4,,1,70,,39834,28,4,,1,30,,39835,28,4,,1,70,,39836,28,4,,1,30,,39837,28,4,,1,70,,39838,28,4,,1,30,,39839,28,4,,1,70,,39840,28,4,,1,32,,39818,28,4,,1,70,,39819,28,4,,1,30,,39820,28,4,,1,70,,39821,28,4,,1,30,,39822,28,4,,1,70,,39823,28,4,,1,30,,39824,28,4,,1,70,,39849,28,4,,1,30,,39825,28,4,,1,70,,39826,28,4,,1,30,,39850,28,4,,1
6100,'61-Sunday-10000001',846,,39856,28,4,,1,70,,39855,28,4,,1,30,,39854,28,4,,1,72,,39853,28,4,,1,30,,39852,28,4,,1,70,,39851,28,4,,1,30,,39865,28,4,,1,70,,39864,28,4,,1,30,,39863,28,4,,1,70,,39862,28,4,,1,30,,39861,28,4,,1,70,,39860,28,4,,1,30,,39859,28,4,,1,70,,39858,28,4,,1,30,,39857,28,4,,1,70,,39879,28,4,,1,30,,39877,28,4,,1,70,,39878,28,4,,1,30,,39876,28,4,,1,68,,39875,28,4,,1,25,,39874,28,4,,1,70,,39873,28,4,,1,30,,39872,28,4,,1,70,,39870,28,4,,1,30,,39869,28,4,,1,70,,39868,28,4,,1,30,,39867,28,4,,1,70,,39866,28,4,,1,30,,39871,28,4,,1
6100,'61-Weekday-21111100',611,,39906,21,4,,1,37,,39892,28,4,,1,70,,39893,28,4,,1,30,,39898,28,4,,1,55,,39907,28,4,,1,15,,39899,28,4,,1,15,,39908,28,4,,1,15,,39897,28,4,,1,55,,39909,28,4,,1,15,,39894,28,4,,1,16,,39910,28,4,,1,15,,39896,28,4,,1,55,,39911,28,4,,1,15,,39895,28,4,,1,15,,39912,28,4,,1,15,,39900,28,4,,1,55,,39913,28,4,,1,15,,39880,28,4,,1,15,,39914,28,4,,1,15,,39901,28,4,,1,55,,39915,28,4,,1,15,,39902,28,4,,1,15,,39916,28,4,,1,15,,39881,28,4,,1,55,,39917,28,4,,1,15,,39882,28,4,,1,15,,39918,28,4,,1,15,,39883,28,4,,1,55,,39919,28,4,,1,15,,39935,28,4,,1,15,,39920,28,4,,1,17,,39884,28,4,,1,55,,39921,28,4,,1,15,,39885,28,4,,1,15,,39922,28,4,,1,15,,39886,28,4,,1,55,,39923,28,4,,1,15,,39887,28,4,,1,15,,39924,28,4,,1,15,,39888,28,4,,1,55,,39925,28,4,,1,15,,39889,28,4,,1,15,,39926,28,4,,1,15,,39890,28,4,,1,54,,39927,28,4,,1,13,,39891,28,4,,1,15,,39928,28,4,,1,70,,39929,28,4,,1,30,,39930,28,4,,1,70,,39934,28,4,,1,30,,39931,28,4,,1,70,,39932,28,4,,1,30,,39933,28,4,,1,70,,39936,28,4,,1,28,,39937,28,4,,1,70,,39905,28,4,,1,30,,39904,28,4,,1,70,,39903,28,4,,1
6101,'61-Holiday1-21111111',810,,39938,1,,,1,100,,39939,1,,,1,100,,39940,1,,,1,100,,39941,1,,,1,100,,39942,1,,,1,100,,39943,1,,,1,100,,39944,1,,,1,100,,39945,1,,,1,100,,39946,1,,,1,100,,39947,1,,,1,100,,39948,1,,,1,100,,39949,1,,,1,100,,39950,1,,,1,100,,39951,1,,,1,100,,39952,1,,,1
6101,'61-Saturday-10000010',645,,39976,1,,,1,70,,39977,1,,,1,30,,39978,1,,,1,70,,39979,1,,,1,30,,39980,1,,,1,70,,39981,1,,,1,30,,39982,1,,,1,70,,39983,1,,,1,30,,39986,1,,,1,70,,39984,1,,,1,30,,39985,1,,,1,70,,39956,1,,,1,30,,39955,1,,,1,70,,39957,1,,,1,30,,39954,1,,,1,70,,39958,1,,,1,30,,39959,1,,,1,70,,39960,1,,,1,30,,39961,1,,,1,70,,39962,1,,,1,30,,39963,1,,,1,70,,39975,1,,,1,30,,39974,1,,,1,70,,39973,1,,,1,30,,39972,1,,,1,70,,39971,1,,,1,30,,39970,1,,,1,70,,39969,1,,,1,30,,39968,1,,,1,70,,39967,1,,,1,30,,39966,1,,,1,70,,39965,1,,,1,30,,39964,1,,,1,70,,39988,1,0,18 19,1,30,,39953,1,0,18 19,1
6101,'61-Sunday-10000001',815,,40017,1,,,1,30,,40016,1,,,1,70,,40015,1,,,1,30,,40014,1,,,1,70,,40013,1,,,1,30,,40012,1,,,1,70,,39997,1,,,1,30,,39998,1,,,1,70,,39999,1,,,1,30,,40000,1,,,1,70,,40001,1,,,1,30,,40002,1,,,1,70,,40003,1,,,1,30,,40004,1,,,1,70,,40005,1,,,1,30,,40006,1,,,1,70,,40008,1,,,1,30,,40009,1,,,1,70,,40010,1,,,1,30,,40007,1,,,1,70,,40011,1,,,1,30,,39991,1,,,1,70,,39990,1,,,1,30,,39996,1,,,1,70,,39989,1,,,1,30,,39995,1,,,1,70,,39994,1,,,1,30,,39992,1,,,1,70,,39993,1,,,1
6101,'61-Weekday-21111100',615,,40035,1,,,1,30,,40041,1,,,1,55,,40065,1,,,1,15,,40042,1,,,1,15,,40054,1,,,1,15,,40043,1,,,1,55,,40063,1,,,1,15,,40044,1,,,1,15,,40047,1,,,1,15,,40045,1,,,1,55,,40060,1,,,1,15,,40046,1,,,1,15,,40053,1,,,1,15,,40038,1,,,1,55,,40059,1,,,1,15,,40039,1,,,1,15,,40052,1,,,1,15,,40040,1,,,1,55,,40058,1,,,1,15,,40037,1,,,1,15,,40051,1,,,1,15,,40036,1,,,1,55,,40066,1,,,1,15,,40020,1,,,1,15,,40057,1,,,1,15,,40021,1,,,1,55,,40050,1,,,1,15,,40022,1,,,1,15,,40056,1,,,1,15,,40023,1,,,1,55,,40069,1,,,1,15,,40024,1,,,1,15,,40062,1,,,1,15,,40025,1,,,1,55,,40049,1,,,1,15,,40026,1,,,1,15,,40067,1,,,1,15,,40027,1,,,1,55,,40068,1,,,1,15,,40028,1,,,1,15,,40070,1,,,1,15,,40029,1,,,1,55,,40048,1,,,1,15,,40030,1,,,1,15,,40055,1,,,1,15,,40031,1,,,1,55,,40061,1,,,1,30,,40064,1,,,1,70,,40074,1,,,1,30,,40071,1,,,1,70,,40072,1,,,1,30,,40073,1,,,1,70,,40075,1,,,1,30,,40032,1,,,1,70,,40033,1,,,1,30,,40034,1,,,1,70,,40019,1,0,18 19,1,30,,40018,1,0,18 19,1,70,,40076,1,0,18 19,1
20300,'203-Holiday1-20000001',900,,41458,1,0,6 7,1,100,,41459,1,0,6 7,1,100,,41460,1,0,6 7,1,100,,41461,1,0,6 7,1,100,,41462,1,0,6 7,1,100,,41463,1,0,6 7,1,100,,41464,1,0,6 7,1,100,,41465,1,0,6 7,1,100,,41466,1,0,6 7,1,100,,41467,1,0,6 7,1,100,,41468,1,0,6 7,1,100,,41469,1,0,6 7,1,100,,41470,1,0,6 7,1
20300,'203-Saturday-10000010',630,,41471,1,0,6 7,1,100,,41472,1,0,6 7,1,100,,41473,1,0,6 7,1,100,,41474,1,0,6 7,1,70,,41475,1,0,6 7,1,30,,41476,1,0,6 7,1,70,,41477,1,0,6 7,1,30,,41478,1,0,6 7,1,70,,41479,1,0,6 7,1,30,,41480,1,0,6 7,1,70,,41481,1,0,6 7,1,30,,41482,1,0,6 7,1,70,,41483,1,0,6 7,1,30,,41484,1,0,6 7,1,70,,41485,1,0,6 7,1,30,,41486,1,0,6 7,1,70,,41487,1,0,6 7,1,30,,41488,1,0,6 7,1,70,,41489,1,0,6 7,1,30,,41490,1,0,6 7,1,70,,41491,1,0,6 7,1,100,,41492,1,0,6 7,1,100,,41493,1,0,6 7,1,100,,41494,1,0,6 7,1
20300,'203-Sunday-10000001',900,,41495,1,0,6 7,1,100,,41496,1,0,6 7,1,100,,41497,1,0,6 7,1,100,,41498,1,0,6 7,1,100,,41499,1,0,6 7,1,100,,41500,1,0,6 7,1,100,,41501,1,0,6 7,1,100,,41502,1,0,6 7,1,100,,41503,1,0,6 7,1,100,,41504,1,0,6 7,1,100,,41505,1,0,6 7,1,100,,41506,1,0,6 7,1,100,,41507,1,0,6 7,1
20301,'203-Holiday1-20000001',1000,,41543,24,4,,1,104,,41551,24,4,,1,100,,41550,24,4,,1,100,,41549,24,4,,1,100,,41548,24,4,,1,100,,41547,24,4,,1,100,,41546,24,4,,1,100,,41545,24,4,,1,100,,41544,24,4,,1,96,,41542,24,4,,1,100,,41554,24,4,,1,100,,41553,24,4,,1,100,,41552,24,4,,1
20301,'203-Saturday-10000010',739,,41558,24,4,,1,100,,41559,24,4,,1,101,,41560,24,4,,1,100,,41561,24,4,,1,70,,41562,24,4,,1,30,,41563,24,4,,1,70,,41564,24,4,,1,30,,41565,24,4,,1,70,,41566,24,4,,1,30,,41567,24,4,,1,70,,41568,24,4,,1,30,,41569,24,4,,1,70,,41570,24,4,,1,30,,41571,24,4,,1,70,,41572,24,4,,1,30,,41573,24,4,,1,70,,41574,24,4,,1,30,,41555,24,4,,1,69,,41557,24,4,,1,30,,41556,24,4,,1,70,,41575,24,4,,1,95,,41576,24,4,,1,100,,41577,24,4,,1,100,,41578,24,4,,1
20301,'203-Sunday-10000001',1006,,41580,24,4,,1,103,,41588,24,4,,1,100,,41587,24,4,,1,100,,41586,24,4,,1,100,,41585,24,4,,1,100,,41584,24,4,,1,100,,41583,24,4,,1,100,,41582,24,4,,1,99,,41581,24,4,,1,47,,41579,24,4,,1,100,,41591,24,4,,1,100,,41590,24,4,,1,100,,41589,24,4,,1
