1601,'16-Holiday1-10000001',843,,35636,31,,,1,100,,35637,31,,,1,105,,35638,31,,,1,100,,35639,31,,,1,100,,35640,31,,,1,100,,35641,31,,,1,100,,35642,31,,,1,100,,35643,31,,,1,100,,35644,31,,,1,100,,35645,31,,,1,98,,35646,31,,,1,101,,35647,31,,,1,100,,35648,31,,,1,100,,35649,31,,,1,100,,35650,31,,,1,100,,35651,31,,,1
1601,'16-Saturday-10000010',647,,35652,4,,,1,70,,35653,31,,,1,30,,35654,31,,,1,70,,35655,31,,,1,30,,35656,31,,,1,71,,35657,31,,,1,34,,35658,31,,,1,73,,35659,31,,,1,30,,35660,31,,,1,70,,35661,31,,,1,30,,35662,31,,,1,70,,35663,31,,,1,30,,35664,31,,,1,70,,35665,31,,,1,30,,35666,31,,,1,70,,35667,31,,,1,30,,35668,31,,,1,70,,35669,31,,,1,30,,35670,31,,,1,70,,35671,31,,,1,30,,35672,31,,,1,70,,35673,31,,,1,30,,35674,31,,,1,68,,35675,31,,,1,28,,35676,31,,,1,68,,35677,31,,,1,30,,35678,31,,,1,70,,35679,31,,,1,30,,35680,31,,,1,70,,35681,31,,,1,30,,35682,31,,,1,70,,35683,31,,,1,30,,35684,31,,,1,70,,35685,31,,,1,30,,35687,31,,,1
1601,'16-Sunday-10000001',813,,35688,31,,,1,30,,35689,31,,,1,70,,35690,31,,,1,30,,35691,31,,,1,71,,35692,31,,,1,34,,35693,31,,,1,70,,35694,31,,,1,30,,35695,31,,,1,70,,35696,31,,,1,30,,35697,31,,,1,70,,35698,31,,,1,30,,35699,31,,,1,70,,35700,31,,,1,30,,35701,31,,,1,70,,35702,31,,,1,30,,35703,31,,,1,70,,35704,31,,,1,30,,35705,31,,,1,70,,35706,31,,,1,30,,35707,31,,,1,71,,35708,31,,,1,27,,35709,31,,,1,71,,35710,31,,,1,30,,35711,31,,,1,70,,35712,31,,,1,30,,35713,31,,,1,70,,35714,31,,,1,30,,35715,31,,,1,70,,35716,31,,,1,30,,35717,31,,,1,70,,35718,31,,,1,30,,35719,31,,,1
1601,'16-Weekday-11111100',612,,35721,31,,,1,32,,35722,31,,,1,12,,35758,31,,,1,59,,35723,31,,,1,20,,35762,31,,,1,15,,35724,31,,,1,57,,35759,31,,,1,16,,35725,31,,,1,15,,35760,31,,,1,15,,35726,31,,,1,55,,35761,31,,,1,15,,35727,31,,,1,15,,35771,31,,,1,15,,35728,31,,,1,56,,35777,31,,,1,16,,35729,31,,,1,15,,35778,31,,,1,14,,35730,31,,,1,56,,35779,31,,,1,15,,35731,31,,,1,15,,35780,31,,,1,15,,35732,31,,,1,55,,35781,31,,,1,15,,35733,31,,,1,15,,35782,31,,,1,15,,35734,31,,,1,55,,35783,31,,,1,15,,35735,31,,,1,15,,35784,31,,,1,15,,35736,31,,,1,55,,35785,31,,,1,15,,35737,31,,,1,15,,35786,31,,,1,17,,35738,31,,,1,55,,35768,31,,,1,15,,35739,31,,,1,17,,35763,31,,,1,15,,35740,31,,,1,56,,35764,31,,,1,15,,35741,31,,,1,15,,35765,31,,,1,55,,35742,31,,,1,15,,35766,31,,,1,15,,35743,31,,,1,15,,35767,31,,,1,55,,35744,31,,,1,14,,35757,31,,,1,13,,35745,31,,,1,14,,35769,31,,,1,13,,35746,31,,,1,53,,35772,31,,,1,15,,35747,31,,,1,14,,35748,31,,,1,15,,35773,31,,,1,55,,35749,31,,,1,15,,35776,31,,,1,15,,35750,31,,,1,15,,35774,31,,,1,55,,35751,31,,,1,15,,35775,31,,,1,15,,35752,31,,,1,15,,35787,31,,,1,54,,35753,31,,,1,31,,35754,31,,,1,67,,35755,31,,,1,13,,35756,31,,,1
2200,'22-Saturday-10000010',646,,36481,22,,,1,70,,36482,22,,,1,30,,36483,22,,,1,70,,36484,22,,,1,30,,36485,22,,,1,71,,36486,22,,,1,30,,36487,22,,,1,70,,36488,22,,,1,30,,36489,22,,,1,70,,36490,22,,,1,30,,36491,22,,,1,70,,36492,22,,,1,30,,36493,22,,,1,70,,36494,22,,,1,30,,36495,22,,,1,70,,36496,22,,,1,30,,36497,22,,,1,70,,36498,22,,,1,30,,36499,22,,,1,70,,36500,22,,,1,30,,36501,22,,,1,70,,36502,22,,,1,30,,36503,22,,,1,69,,36504,22,,,1,30,,36505,22,,,1,70,,36506,22,,,1,30,,36507,22,,,1,70,,36508,22,,,1,30,,36509,22,,,1,70,,36510,22,,,1,30,,36511,22,,,1,100,,36512,22,,,1,100,,36513,22,,,1
2200,'22-Sunday-10000001',846,,36524,22,,,1,100,,36514,22,,,1,100,,36515,22,,,1,100,,36516,22,,,1,100,,36517,22,,,1,100,,36518,22,,,1,100,,36519,22,,,1,100,,36520,22,,,1,100,,36521,22,,,1,100,,36522,22,,,1,99,,36523,22,,,1
2200,'22-Weekday-11111100',618,,36525,22,,,1,30,,36526,22,,,1,73,,36527,22,,,1,30,,36528,22,,,1,70,,36529,22,,,1,30,,36530,22,,,1,70,,36531,22,,,1,28,,36532,22,,,1,70,,36533,22,,,1,30,,36534,22,,,1,70,,36535,22,,,1,30,,36536,22,,,1,70,,36537,22,,,1,30,,36538,22,,,1,70,,36539,22,,,1,30,,36540,22,,,1,70,,36541,22,,,1,31,,36542,22,,,1,70,,36543,22,,,1,30,,36544,22,,,1,70,,36545,22,,,1,30,,36546,22,,,1,70,,36547,22,,,1,30,,36548,22,,,1,68,,36549,22,,,1,30,,36550,22,,,1,70,,36551,22,,,1,30,,36552,22,,,1,70,,36553,22,,,1,30,,36554,22,,,1,70,,36558,22,,,1,30,,36555,22,,,1,69,,36559,22,,,1,30,,36556,22,,,1,100,,36557,22,,,1
3301,'33-Saturday-10000010',658,,37866,8,,,1,70,,37867,8,,,1,30,,37868,8,,,1,70,,37869,8,,,1,30,,37870,8,,,1,70,,37871,8,,,1,30,,37872,8,,,1,70,,37873,8,,,1,30,,37874,8,,,1,70,,37875,8,,,1,30,,37876,8,,,1,70,,37877,8,,,1,30,,37878,8,,,1,70,,37879,8,,,1,30,,37880,8,,,1,70,,37881,8,,,1,30,,37882,8,,,1,70,,37883,8,,,1,30,,37884,8,,,1,70,,37885,8,,,1,30,,37886,8,,,1,70,,37887,8,,,1,30,,37888,8,,,1,70,,37889,8,,,1,30,,37890,8,,,1
3301,'33-Sunday-10000001',758,,37891,8,,,1,70,,37892,8,,,1,30,,37893,8,,,1,70,,37894,8,,,1,30,,37895,8,,,1,70,,37896,8,,,1,30,,37897,8,,,1,70,,37898,8,,,1,30,,37899,8,,,1,70,,37900,8,,,1,30,,37901,8,,,1,70,,37902,8,,,1,30,,37903,8,,,1,70,,37904,8,,,1,30,,37905,8,,,1,70,,37906,8,,,1,30,,37907,8,,,1,70,,37908,8,,,1,30,,37909,8,,,1,70,,37910,8,,,1,30,,37911,8,,,1,70,,37912,8,,,1,30,,37913,8,,,1
3301,'33-Weekday-11111100',547,,37914,8,,,1,70,,37915,8,,,1,30,,37916,8,,,1,73,,37917,8,,,1,34,,37918,8,,,1,70,,37919,8,,,1,30,,37920,8,,,1,70,,37921,8,,,1,28,,37922,8,,,1,69,,37923,8,,,1,30,,37924,8,,,1,70,,37925,8,,,1,30,,37926,8,,,1,70,,37927,8,,,1,30,,37928,8,,,1,70,,37929,8,,,1,30,,37930,8,,,1,70,,37931,8,,,1,32,,37932,8,,,1,71,,37933,8,,,1,30,,37934,8,,,1,70,,37935,8,,,1,30,,37936,8,,,1,70,,37937,8,,,1,30,,37938,8,,,1,66,,37939,8,,,1,28,,37940,8,,,1,70,,37946,8,,,1,30,,37941,8,,,1,70,,37942,8,,,1,30,,37947,8,,,1,70,,37943,8,,,1,30,,37948,8,,,1,70,,37944,8,,,1,28,,37945,8,,,1,70,,37949,8,,,1
