6000,'60-Saturday-10000010',703,,39690,4,,,1,30,,39691,4,,,1,70,,39692,4,,,1,30,,39693,4,,,1,70,,39694,4,,,1,30,,39695,4,,,1,70,,39696,4,,,1,30,,39697,4,,,1,70,,39698,4,,,1,30,,39699,4,,,1,70,,39700,4,,,1,30,,39701,4,,,1,70,,39702,4,,,1,30,,39703,4,,,1,70,,39704,4,,,1,30,,39705,4,,,1,70,,39706,4,,,1,30,,39707,4,,,1,70,,39708,4,,,1,30,,39709,4,,,1,70,,39710,4,,,1,30,,39711,4,,,1,70,,39712,4,,,1,30,,39713,4,,,1
6000,'60-Weekday-11111100',604,,39714,4,,,1,30,,39715,4,,,1,70,,39716,4,,,1,30,,39717,4,,,1,70,,39718,4,,,1,30,,39719,4,,,1,70,,39720,4,,,1,30,,39721,4,,,1,70,,39722,4,,,1,30,,39723,4,,,1,70,,39724,4,,,1,30,,39725,4,,,1,70,,39726,4,,,1,30,,39727,4,,,1,70,,39728,4,,,1,30,,39729,4,,,1,70,,39730,4,,,1,31,,39731,4,,,1,70,,39732,4,0,38 39,1,30,,39733,4,0,38 39,1,70,,39734,4,0,38 39,1,30,,39735,4,0,38 39,1,70,,39736,4,0,38 39,1,30,,39737,4,0,38 39,1,69,,39738,4,0,38 39,1,30,,39739,4,,,1,70,,39740,4,,,1,30,,39741,4,,,1,70,,39742,4,,,1,30,,39743,4,,,1,70,,39744,4,,,1,30,,39745,4,,,1
6500,'65-Holiday1-10000001',848,,40312,6,,,1,85,,40313,6,,,1,86,,40314,6,,,1,85,,40315,6,,,1,45,,40316,6,,,1,85,,40317,6,,,1,85,,40318,6,,,1,85,,40319,6,,,1,45,,40320,6,,,1,85,,40321,6,,,1,85,,40322,6,,,1,85,,40323,6,,,1,45,,40324,6,,,1,85,,40325,6,,,1,85,,40326,6,,,1,85,,40327,6,,,1,45,,40328,6,,,1,85,,40329,6,,,1
6500,'65-Saturday-10000010',718,,40330,6,,,1,30,,40331,6,,,1,70,,40332,6,,,1,30,,40333,6,,,1,72,,40334,6,,,1,30,,40335,6,,,1,70,,40336,6,,,1,30,,40337,6,,,1,70,,40338,6,,,1,30,,40339,6,,,1,70,,40340,6,,,1,30,,40341,6,,,1,70,,40342,6,,,1,30,,40343,6,,,1,70,,40344,6,,,1,30,,40345,6,,,1,70,,40346,6,,,1,30,,40347,6,,,1,70,,40348,6,,,1,30,,40349,6,,,1,70,,40350,6,,,1,30,,40351,6,,,1,69,,40352,6,,,1,85,,40353,6,,,1,45,,40354,6,,,1,85,,40355,6,,,1,85,,40356,6,,,1,85,,40357,6,,,1,45,,40358,6,,,1,85,,40359,6,,,1
6500,'65-Sunday-10000001',848,,40360,6,,,1,70,,40392,6,,,1,30,,40361,6,,,1,71,,40362,6,,,1,30,,40363,6,,,1,70,,40364,6,,,1,30,,40365,6,,,1,70,,40366,6,,,1,30,,40367,6,,,1,70,,40368,6,,,1,30,,40369,6,,,1,70,,40370,6,,,1,30,,40371,6,,,1,70,,40372,6,,,1,30,,40373,6,,,1,70,,40374,6,,,1,30,,40375,6,,,1,70,,40376,6,,,1,30,,40377,6,,,1,70,,40378,6,,,1,85,,40379,6,,,1,45,,40380,6,,,1,85,,40381,6,,,1,85,,40382,6,,,1,85,,40383,6,,,1
6500,'65-Weekday-11111100',618,,40393,6,,,1,30,,40394,6,,,1,72,,40395,6,,,1,30,,40396,6,,,1,70,,40397,6,,,1,30,,40398,6,,,1,70,,40399,6,,,1,30,,40400,6,,,1,70,,40401,6,,,1,30,,40402,6,,,1,70,,40403,6,,,1,30,,40404,6,,,1,70,,40405,6,,,1,30,,40406,6,,,1,70,,40407,6,,,1,30,,40408,6,,,1,75,,40409,6,,,1,26,,40410,6,0,40,1,65,,40411,6,0,40,1,30,,40412,6,0,40,1,70,,40413,6,0,40,1,30,,40414,6,0,40,1,70,,40415,6,0,40,1,30,,40416,6,0,40,1,73,,40417,6,,,1,30,,40418,6,,,1,70,,40419,6,,,1,30,,40420,6,,,1,70,,40421,6,,,1,30,,40422,6,,,1,70,,40423,6,,,1,30,,40424,6,,,1,69,,40425,6,,,1,30,,40426,6,,,1,70,,40427,6,,,1,30,,40428,6,,,1
20300,'203-Holiday1-20000001',904,,41458,4,0,6 7,1,100,,41459,4,0,6 7,1,100,,41460,4,0,6 7,1,100,,41461,4,0,6 7,1,100,,41462,4,0,6 7,1,100,,41463,4,0,6 7,1,100,,41464,4,0,6 7,1,100,,41465,4,0,6 7,1,100,,41466,4,0,6 7,1,100,,41467,4,0,6 7,1,100,,41468,4,0,6 7,1,100,,41469,4,0,6 7,1,100,,41470,4,0,6 7,1
20300,'203-Saturday-10000010',634,,41471,4,0,6 7,1,100,,41472,4,0,6 7,1,100,,41473,4,0,6 7,1,100,,41474,4,0,6 7,1,70,,41475,4,0,6 7,1,30,,41476,4,0,6 7,1,70,,41477,4,0,6 7,1,30,,41478,4,0,6 7,1,70,,41479,4,0,6 7,1,30,,41480,4,0,6 7,1,70,,41481,4,0,6 7,1,30,,41482,4,0,6 7,1,70,,41483,4,0,6 7,1,30,,41484,4,0,6 7,1,70,,41485,4,0,6 7,1,30,,41486,4,0,6 7,1,70,,41487,4,0,6 7,1,30,,41488,4,0,6 7,1,70,,41489,4,0,6 7,1,30,,41490,4,0,6 7,1,70,,41491,4,0,6 7,1,100,,41492,4,0,6 7,1,100,,41493,4,0,6 7,1,100,,41494,4,0,6 7,1
20300,'203-Sunday-10000001',904,,41495,4,0,6 7,1,100,,41496,4,0,6 7,1,100,,41497,4,0,6 7,1,100,,41498,4,0,6 7,1,100,,41499,4,0,6 7,1,100,,41500,4,0,6 7,1,100,,41501,4,0,6 7,1,100,,41502,4,0,6 7,1,100,,41503,4,0,6 7,1,100,,41504,4,0,6 7,1,100,,41505,4,0,6 7,1,100,,41506,4,0,6 7,1,100,,41507,4,0,6 7,1
20300,'203-Weekday-21111100',604,,41508,4,,,1,30,,41509,4,,,1,70,,41510,4,,,1,30,,41511,4,,,1,70,,41539,4,,,1,30,,41512,4,,,1,70,,41536,4,,,1,30,,41535,4,,,1,70,,41540,4,,,1,30,,41534,4,,,1,70,,41533,4,,,1,30,,41532,4,,,1,70,,41541,4,,,1,30,,41531,4,,,1,70,,41530,4,,,1,30,,41529,4,,,1,70,,41528,4,,,1,31,,41537,4,,,1,70,,41513,4,,,1,30,,41514,4,,,1,70,,41515,4,,,1,30,,41516,4,,,1,70,,41517,4,,,1,30,,41518,4,,,1,74,,41519,4,,,1,35,,41520,4,,,1,70,,41521,4,,,1,30,,41522,4,,,1,70,,41523,4,,,1,30,,41524,4,,,1,70,,41525,4,,,1,30,,41526,4,,,1,70,,41527,4,,,1,30,,41538,4,,,1
