2201,'22-Saturday-10000010',632,,36560,2,,,1,70,,36561,2,,,1,30,,36562,2,,,1,70,,36563,2,,,1,30,,36564,2,,,1,70,,36565,2,,,1,30,,36566,2,,,1,70,,36567,2,,,1,30,,36568,2,,,1,70,,36569,2,,,1,30,,36570,2,,,1,70,,36571,2,,,1,30,,36572,2,,,1,70,,36573,2,,,1,30,,36574,2,,,1,70,,36575,2,,,1,30,,36576,2,,,1,70,,36577,2,,,1,30,,36578,2,,,1,70,,36579,2,,,1,30,,36580,2,,,1,70,,36581,2,,,1,30,,36582,2,,,1,70,,36583,2,,,1,30,,36584,2,,,1,70,,36585,2,,,1,30,,36586,2,,,1,70,,36587,2,,,1,30,,36588,2,,,1,70,,36589,2,,,1,30,,36590,2,,,1,70,,36591,2,,,1,100,,36592,2,,,1
2201,'22-Sunday-10000001',902,,36602,2,,,1,100,,36593,2,,,1,100,,36594,2,,,1,100,,36595,2,,,1,100,,36596,2,,,1,100,,36597,2,,,1,100,,36598,2,,,1,100,,36599,2,,,1,100,,36600,2,,,1,100,,36601,2,,,1,100,,36603,2,,,1
2201,'22-Weekday-11111100',559,,36634,2,,,1,70,,36604,2,,,1,30,,36605,2,,,1,73,,36606,2,,,1,74,,36607,2,,,1,30,,36608,2,,,1,70,,36609,2,,,1,29,,36610,2,,,1,68,,36611,2,,,1,30,,36612,2,,,1,70,,36613,2,,,1,30,,36614,2,,,1,70,,36615,2,,,1,30,,36616,2,,,1,70,,36617,2,,,1,30,,36618,2,,,1,70,,36619,2,,,1,30,,36620,2,,,1,71,,36621,2,,,1,31,,36622,2,,,1,70,,36623,2,,,1,30,,36624,2,,,1,70,,36625,2,,,1,30,,36626,2,,,1,70,,36627,2,,,1,27,,36628,2,,,1,70,,36629,2,,,1,30,,36630,2,,,1,70,,36631,2,,,1,30,,36635,2,,,1,70,,36632,2,,,1,30,,36636,2,,,1,70,,36633,2,,,1,28,,36638,2,,,1,70,,36637,2,,,1
2601,'26-Weekday-11111100',600,,36848,2,,,1,30,,36847,2,,,1,70,,36846,2,,,1,34,,36845,2,,,1,70,,36844,2,,,1,30,,36843,2,,,1,599,,36842,2,,,1,71,,36841,2,,,1,30,,36840,2,,,1,70,,36839,2,,,1,30,,36838,2,,,1,70,,36837,2,,,1,30,,36836,2,,,1,525,,36849,2,,,1
3301,'33-Saturday-10000010',655,,37866,5,,,1,70,,37867,5,,,1,30,,37868,5,,,1,70,,37869,5,,,1,30,,37870,5,,,1,70,,37871,5,,,1,30,,37872,5,,,1,70,,37873,5,,,1,30,,37874,5,,,1,70,,37875,5,,,1,30,,37876,5,,,1,70,,37877,5,,,1,30,,37878,5,,,1,70,,37879,5,,,1,30,,37880,5,,,1,70,,37881,5,,,1,30,,37882,5,,,1,70,,37883,5,,,1,30,,37884,5,,,1,70,,37885,5,,,1,30,,37886,5,,,1,70,,37887,5,,,1,30,,37888,5,,,1,70,,37889,5,,,1,30,,37890,5,,,1
3301,'33-Sunday-10000001',755,,37891,5,,,1,70,,37892,5,,,1,30,,37893,5,,,1,70,,37894,5,,,1,30,,37895,5,,,1,70,,37896,5,,,1,30,,37897,5,,,1,70,,37898,5,,,1,30,,37899,5,,,1,70,,37900,5,,,1,30,,37901,5,,,1,70,,37902,5,,,1,30,,37903,5,,,1,70,,37904,5,,,1,30,,37905,5,,,1,70,,37906,5,,,1,30,,37907,5,,,1,70,,37908,5,,,1,30,,37909,5,,,1,70,,37910,5,,,1,30,,37911,5,,,1,70,,37912,5,,,1,30,,37913,5,,,1
3301,'33-Weekday-11111100',544,,37914,5,,,1,70,,37915,5,,,1,30,,37916,5,,,1,73,,37917,5,,,1,34,,37918,5,,,1,70,,37919,5,,,1,30,,37920,5,,,1,70,,37921,5,,,1,28,,37922,5,,,1,69,,37923,5,,,1,30,,37924,5,,,1,70,,37925,5,,,1,30,,37926,5,,,1,70,,37927,5,,,1,30,,37928,5,,,1,70,,37929,5,,,1,30,,37930,5,,,1,70,,37931,5,,,1,32,,37932,5,,,1,71,,37933,5,,,1,30,,37934,5,,,1,70,,37935,5,,,1,30,,37936,5,,,1,70,,37937,5,,,1,30,,37938,5,,,1,66,,37939,5,,,1,28,,37940,5,,,1,70,,37946,5,,,1,30,,37941,5,,,1,70,,37942,5,,,1,30,,37947,5,,,1,70,,37943,5,,,1,30,,37948,5,,,1,70,,37944,5,,,1,28,,37945,5,,,1,70,,37949,5,,,1
20100,'201-Holiday1-10000001',700,,40709,9,,,1,30,,40710,9,,,1,70,,40711,9,,,1,30,,40712,9,,,1,70,,40713,9,,,1,30,,40714,9,,,1,70,,40715,9,,,1,31,,40716,9,,,1,70,,40708,9,,,1,30,,40717,9,,,1,70,,40718,9,,,1,30,,40719,9,,,1,70,,40720,9,,,1,30,,40721,9,,,1,70,,40722,9,,,1,30,,40723,9,,,1,70,,40724,9,,,1,30,,40725,9,,,1,70,,40726,9,,,1,30,,40727,9,,,1,70,,40728,9,,,1,30,,40729,9,,,1,70,,40730,9,,,1,29,,40731,9,,,1,70,,40732,9,,,1,30,,40733,9,,,1,70,,40734,9,,,1,30,,40735,9,,,1,70,,40736,9,,,1,30,,40737,9,,,1,70,,40738,9,,,1,30,,40739,9,,,1,70,,40740,9,,,1,30,,40741,9,,,1,70,,40742,9,,,1
20100,'201-Saturday-10000010',636,,40778,2,,,1,65,,40743,9,,,1,30,,40744,9,,,1,70,,40745,9,,,1,30,,40746,9,,,1,70,,40747,9,,,1,31,,40748,9,,,1,70,,40749,9,,,1,30,,40750,9,,,1,70,,40751,9,,,1,30,,40752,9,,,1,70,,40753,9,,,1,30,,40754,9,,,1,70,,40755,9,,,1,30,,40756,9,,,1,70,,40757,9,,,1,30,,40758,9,,,1,70,,40759,9,,,1,30,,40760,9,,,1,70,,40761,9,,,1,30,,40762,9,,,1,70,,40763,9,,,1,30,,40764,9,,,1,70,,40765,9,,,1,29,,40766,9,,,1,70,,40767,9,,,1,30,,40768,9,,,1,70,,40769,9,,,1,30,,40770,9,,,1,70,,40771,9,,,1,30,,40772,9,,,1,70,,40773,9,,,1,30,,40774,9,,,1,70,,40775,9,,,1,30,,40776,9,,,1,70,,40777,9,,,1
20100,'201-Sunday-10000001',659,,40780,9,,,1,70,,40781,9,,,1,30,,40782,9,,,1,70,,40783,9,,,1,30,,40784,9,,,1,70,,40785,9,,,1,30,,40786,9,,,1,72,,40787,9,,,1,70,,40779,9,,,1,30,,40788,9,,,1,70,,40789,9,,,1,30,,40790,9,,,1,70,,40791,9,,,1,30,,40792,9,,,1,70,,40793,9,,,1,30,,40794,9,,,1,70,,40795,9,,,1,30,,40796,9,,,1,70,,40797,9,,,1,30,,40798,9,,,1,70,,40799,9,,,1,30,,40800,9,,,1,70,,40801,9,,,1,29,,40802,9,,,1,70,,40803,9,,,1,30,,40804,9,,,1,70,,40805,9,,,1,30,,40806,9,,,1,70,,40807,9,,,1,30,,40808,9,,,1,70,,40809,9,,,1,30,,40810,9,,,1,70,,40811,9,,,1,30,,40812,9,,,1,70,,40813,9,,,1
20100,'201-Weekday-11111100',516,,40848,2,,,1,20,,40889,2,,,1,16,,40849,9,,,1,55,,40850,9,,,1,15,,40847,9,,,1,15,,40851,9,,,1,15,,40846,9,,,1,55,,40852,9,,,1,15,,40845,9,,,1,10,,40877,9,,,1,10,,40853,9,,,1,10,,40841,9,,,1,50,,40878,9,,,1,10,,40854,9,,,1,10,,40842,9,,,1,10,,40879,9,,,1,10,,40855,9,,,1,10,,40839,9,,,1,50,,40880,9,,,1,10,,40856,9,,,1,10,,40838,9,,,1,10,,40881,9,,,1,11,,40857,9,,,1,10,,40814,9,,,1,50,,40893,9,,,1,10,,40858,9,,,1,10,,40815,9,,,1,10,,40894,9,,,1,10,,40859,9,,,1,10,,40816,9,,,1,50,,40895,9,,,1,10,,40860,9,,,1,10,,40817,9,,,1,10,,40896,9,,,1,10,,40861,9,,,1,10,,40818,9,,,1,50,,40897,9,,,1,10,,40862,9,,,1,10,,40819,9,,,1,10,,40898,9,,,1,10,,40863,9,,,1,10,,40820,9,,,1,50,,40899,9,,,1,10,,40864,9,,,1,10,,40821,9,,,1,10,,40900,9,,,1,10,,40865,9,,,1,10,,40822,9,,,1,50,,40901,9,,,1,10,,40866,9,,,1,10,,40823,9,,,1,10,,40902,9,,,1,11,,40867,9,,,1,11,,40908,9,,,1,50,,40840,9,,,1,10,,40882,9,,,1,10,,40876,9,,,1,10,,40868,9,,,1,10,,40883,9,,,1,10,,40844,9,,,1,50,,40824,9,,,1,10,,40884,9,,,1,10,,40869,9,,,1,10,,40870,9,,,1,10,,40885,9,,,1,10,,40825,9,,,1,50,,40871,9,,,1,10,,40886,9,,,1,10,,40843,9,,,1,10,,40872,9,,,1,10,,40887,9,,,1,10,,40826,9,,,1,50,,40873,9,,,1,10,,40888,9,,,1,9,,40827,9,,,1,10,,40874,9,,,1,15,,40907,9,,,1,55,,40875,9,,,1,15,,40890,9,,,1,15,,40828,9,,,1,15,,40891,9,,,1,55,,40829,9,,,1,15,,40892,9,,,1,15,,40830,9,,,1,15,,40903,9,,,1,55,,40831,9,,,1,15,,40904,9,,,1,15,,40832,9,,,1,15,,40905,9,0,15 16,1,55,,40833,9,,,1,13,,40906,9,,,1,30,,40834,9,,,1,70,,40835,9,,,1,35,,40836,9,,,1,70,,40837,9,,,1
