500,'5-Saturday-10000010',657,,33087,23,,,1,70,,33065,23,,,1,30,,33063,23,,,1,70,,33062,23,,,1,30,,33060,23,,,1,72,,33061,23,,,1,30,,33086,23,,,1,70,,33069,23,,,1,30,,33070,23,,,1,70,,33072,23,,,1,30,,33078,23,,,1,70,,33083,23,,,1,30,,33074,23,,,1,70,,33066,23,,,1,30,,33085,23,,,1,70,,33081,23,,,1,30,,33084,23,,,1,70,,33082,23,,,1,30,,33080,23,,,1,70,,33079,23,,,1,30,,33077,23,,,1,70,,33076,23,,,1,30,,33075,23,,,1,69,,33090,23,,,1,30,,33073,23,,,1,70,,33091,23,,,1,30,,33071,23,,,1,100,,33068,23,,,1,100,,33067,23,,,1,100,,33064,23,,,1,100,,33089,23,4,,1
500,'5-Sunday-20000001',958,,33108,23,,,1,70,,33093,23,,,1,30,,33094,23,,,1,70,,33095,23,,,1,30,,33100,23,,,1,70,,33105,23,,,1,30,,33096,23,,,1,70,,33092,23,,,1,30,,33107,23,,,1,70,,33103,23,,,1,30,,33106,23,,,1,70,,33104,23,,,1,30,,33102,23,,,1,70,,33101,23,,,1,30,,33099,23,,,1,70,,33098,23,,,1,30,,33097,23,,,1,69,,33109,23,,,1
500,'5-Weekday-11111100',557,,33112,23,,,1,70,,33136,23,,,1,30,,33137,23,,,1,73,,33138,23,,,1,70,,33139,23,,,1,30,,33140,23,,,1,70,,33141,23,,,1,30,,33142,23,,,1,20,,33143,23,,,1,70,,33111,23,,,1,30,,33115,23,,,1,70,,33116,23,,,1,30,,33117,23,,,1,70,,33118,23,,,1,30,,33119,23,,,1,70,,33120,23,,,1,30,,33121,23,,,1,70,,33122,23,,,1,31,,33123,23,,,1,70,,33124,23,,,1,30,,33125,23,,,1,70,,33126,23,,,1,30,,33127,23,,,1,70,,33128,23,,,1,30,,33129,23,,,1,67,,33130,23,,,1,30,,33146,23,,,1,70,,33131,23,,,1,30,,33132,23,,,1,70,,33133,23,,,1,30,,33147,23,,,1,70,,33134,23,,,1,30,,33135,23,,,1,78,,33110,23,,,1,30,,33145,23,,,1,70,,33114,23,,,1,30,,33144,23,4,,1
700,'7-Holiday1-10000001',828,,33487,30,,,1,30,,33488,30,,,1,70,,33489,30,,,1,30,,33490,30,,,1,70,,33491,30,,,1,30,,33492,30,,,1,70,,33493,30,,,1,30,,33494,30,,,1,70,,33495,30,,,1,30,,33496,30,,,1,70,,33497,30,,,1,30,,33498,30,,,1,70,,33499,30,,,1,30,,33500,30,,,1,70,,33501,30,,,1,30,,33502,30,,,1,70,,33503,30,,,1,30,,33504,30,,,1,70,,33505,30,,,1,30,,33506,30,,,1,70,,33507,30,,,1,30,,33508,30,,,1,70,,33509,30,,,1,30,,33510,30,,,1,70,,33511,30,,,1,30,,33512,30,,,1,70,,33513,30,,,1,30,,33514,30,,,1,70,,33516,30,,,1,30,,33518,30,,,1,70,,33519,30,,,1,30,,33517,30,,,1,70,,33515,30,,,1
700,'7-Saturday-10000010',557,,33520,17,,,1,70,,33522,30,,,1,30,,33521,30,,,1,70,,33523,30,,,1,15,,33524,30,,,1,15,,33525,30,,,1,55,,33526,30,,,1,15,,33527,30,,,1,15,,33528,30,,,1,15,,33529,30,,,1,57,,33530,30,,,1,18,,33531,30,,,1,15,,33532,30,,,1,55,,33533,30,,,1,15,,33534,30,,,1,15,,33535,30,,,1,15,,33536,30,,,1,55,,33537,30,,,1,15,,33538,30,,,1,15,,33539,30,,,1,15,,33540,30,,,1,55,,33541,30,,,1,15,,33542,30,,,1,15,,33543,30,,,1,15,,33544,30,,,1,55,,33545,30,,,1,15,,33546,30,,,1,15,,33547,30,,,1,15,,33548,30,,,1,55,,33549,30,,,1,15,,33550,30,,,1,15,,33551,30,,,1,15,,33552,30,,,1,55,,33553,30,,,1,15,,33554,30,,,1,15,,33555,30,,,1,15,,33556,30,,,1,55,,33557,30,,,1,15,,33558,30,,,1,15,,33559,30,,,1,15,,33560,30,,,1,55,,33561,30,,,1,15,,33562,30,,,1,15,,33563,30,,,1,15,,33564,30,,,1,55,,33565,30,,,1,12,,33566,30,,,1,13,,33567,30,,,1,15,,33568,30,,,1,15,,33569,30,,,1,55,,33570,30,,,1,15,,33571,30,,,1,15,,33572,30,,,1,15,,33573,30,,,1,55,,33574,30,,,1,15,,33575,30,,,1,15,,33576,30,,,1,15,,33577,30,,,1,55,,33578,30,,,1,15,,33579,30,,,1,15,,33580,30,,,1,15,,33581,30,,,1,55,,33582,30,,,1,15,,33583,30,,,1,15,,33584,30,,,1,15,,33585,30,,,1,55,,33586,30,,,1,15,,33587,30,,,1,15,,33588,30,,,1,15,,33589,30,,,1,70,,33590,30,,,1
700,'7-Sunday-10000001',829,,33591,30,,,1,30,,33592,30,,,1,70,,33593,30,,,1,15,,33594,30,,,1,15,,33595,30,,,1,58,,33596,30,,,1,15,,33597,30,,,1,15,,33598,30,,,1,55,,33599,30,,,1,15,,33600,30,,,1,15,,33601,30,,,1,15,,33602,30,,,1,55,,33603,30,,,1,15,,33604,30,,,1,15,,33605,30,,,1,15,,33606,30,,,1,55,,33607,30,,,1,15,,33608,30,,,1,15,,33609,30,,,1,15,,33610,30,,,1,55,,33611,30,,,1,15,,33612,30,,,1,15,,33613,30,,,1,15,,33614,30,,,1,55,,33615,30,,,1,15,,33616,30,,,1,15,,33617,30,,,1,15,,33618,30,,,1,55,,33619,30,,,1,15,,33620,30,,,1,15,,33621,30,,,1,15,,33622,30,,,1,55,,33623,30,,,1,15,,33624,30,,,1,15,,33625,30,,,1,15,,33626,30,,,1,55,,33627,30,,,1,12,,33628,30,,,1,13,,33629,30,,,1,15,,33630,30,,,1,15,,33631,30,,,1,55,,33632,30,,,1,15,,33633,30,,,1,15,,33634,30,,,1,15,,33635,30,,,1,55,,33636,30,,,1,15,,33637,30,,,1,15,,33638,30,,,1,15,,33639,30,,,1,55,,33640,30,,,1,15,,33641,30,,,1,15,,33642,30,,,1,15,,33643,30,,,1,55,,33649,30,,,1,15,,33645,30,,,1,15,,33650,30,,,1,15,,33647,30,,,1,55,,33651,30,,,1,15,,33648,30,,,1,15,,33652,30,,,1,15,,33646,30,,,1,70,,33644,30,,,1
700,'7-Weekday-11111100',541,,33726,17,,,1,15,,33727,30,,,1,55,,33653,30,,,1,15,,33654,30,,,1,15,,33655,30,,,1,15,,33656,30,,,1,59,,33657,30,,,1,16,,33658,30,,,1,15,,33659,30,,,1,55,,33660,30,,,1,15,,33661,30,,,1,15,,33662,30,,,1,15,,33663,30,,,1,55,,33664,30,,,1,15,,33665,30,,,1,15,,33666,30,,,1,16,,33667,30,,,1,56,,33668,30,,,1,15,,33669,30,,,1,15,,33670,30,,,1,15,,33671,30,,,1,55,,33672,30,,,1,15,,33673,30,,,1,15,,33674,30,,,1,15,,33675,30,,,1,55,,33676,30,,,1,15,,33677,30,,,1,15,,33678,30,,,1,15,,33679,30,,,1,55,,33680,30,,,1,15,,33681,30,,,1,15,,33682,30,,,1,15,,33683,30,,,1,55,,33684,30,,,1,15,,33685,30,,,1,16,,33686,30,,,1,16,,33687,30,,,1,55,,33688,30,,,1,15,,33689,30,,,1,15,,33690,30,,,1,15,,33691,30,,,1,55,,33692,30,,,1,15,,33693,30,,,1,15,,33694,30,,,1,15,,33695,30,,,1,55,,33696,30,,,1,15,,33697,30,,,1,15,,33698,30,,,1,15,,33699,30,,,1,54,,33700,30,,,1,12,,33701,30,,,1,14,,33702,30,,,1,15,,33703,30,,,1,55,,33704,30,,,1,15,,33705,30,,,1,15,,33706,30,,,1,15,,33707,30,,,1,55,,33708,30,,,1,15,,33709,30,,,1,15,,33710,30,,,1,15,,33711,30,,,1,55,,33712,30,,,1,15,,33713,30,,,1,15,,33714,30,,,1,15,,33715,30,,,1,55,,33716,30,,,1,13,,33717,30,,,1,13,,33718,30,,,1,15,,33719,30,,,1,15,,33720,30,,,1,55,,33721,30,,,1,15,,33722,30,,,1,15,,33723,30,,,1,15,,33724,30,,,1,70,,33725,30,,,1
1600,'16-Holiday1-10000001',815,,35497,23,4,,1,100,,35481,51,4,,1,102,,35482,51,4,,1,100,,35483,51,4,,1,100,,35484,51,4,,1,100,,35485,51,4,,1,100,,35486,51,4,,1,100,,35487,51,4,,1,100,,35488,51,4,,1,100,,35489,51,4,,1,98,,35490,51,4,,1,101,,35491,51,4,,1,100,,35492,51,4,,1,100,,35493,51,4,,1,100,,35494,51,4,,1,100,,35495,51,4,,1,100,,35496,51,4,,1
1600,'16-Saturday-10000010',646,,35532,23,4,,1,70,,35533,23,4,,1,30,,35531,51,4,,1,70,,35498,51,4,,1,30,,35499,51,4,,1,72,,35500,51,4,,1,33,,35501,51,4,,1,70,,35502,51,4,,1,30,,35503,51,4,,1,70,,35504,51,4,,1,30,,35505,51,4,,1,70,,35506,51,4,,1,30,,35507,51,4,,1,70,,35508,51,4,,1,30,,35509,51,4,,1,70,,35510,51,4,,1,30,,35511,51,4,,1,70,,35512,51,4,,1,30,,35513,51,4,,1,70,,35514,51,4,,1,30,,35515,51,4,,1,70,,35516,51,4,,1,30,,35517,51,4,,1,68,,35518,51,4,,1,28,,35519,51,4,,1,70,,35520,51,4,,1,30,,35521,51,4,,1,70,,35522,51,4,,1,30,,35523,51,4,,1,70,,35524,51,4,,1,30,,35525,51,4,,1,70,,35526,51,4,,1,30,,35527,51,4,,1,70,,35528,51,4,,1,30,,35529,51,4,,1,70,,35530,51,4,,1
1600,'16-Sunday-10000001',815,,35566,23,4,,1,30,,35534,51,4,,1,70,,35535,51,4,,1,30,,35536,51,4,,1,72,,35537,51,4,,1,30,,35538,51,4,,1,70,,35539,51,4,,1,30,,35540,51,4,,1,70,,35541,51,4,,1,30,,35542,51,4,,1,70,,35543,51,4,,1,30,,35544,51,4,,1,70,,35545,51,4,,1,30,,35546,51,4,,1,70,,35547,51,4,,1,30,,35548,51,4,,1,70,,35549,51,4,,1,30,,35550,51,4,,1,70,,35551,51,4,,1,30,,35552,51,4,,1,68,,35553,51,4,,1,31,,35554,51,4,,1,70,,35555,51,4,,1,30,,35556,51,4,,1,70,,35557,51,4,,1,30,,35558,51,4,,1,70,,35559,51,4,,1,30,,35560,51,4,,1,70,,35561,51,4,,1,30,,35562,51,4,,1,70,,35563,51,4,,1,30,,35564,51,4,,1,70,,35565,51,4,,1
1600,'16-Weekday-11111100',543,,35605,23,4,,1,70,,35601,23,4,,1,29,,35604,51,4,,1,17,,35602,23,4,,1,55,,35603,51,4,,1,17,,35606,51,4,,1,16,,35567,51,4,,1,55,,35607,51,4,,1,15,,35568,51,4,,1,15,,35608,51,4,,1,15,,35569,51,4,,1,55,,35609,51,4,,1,15,,35570,51,4,,1,15,,35634,51,4,,1,16,,35571,51,4,,1,55,,35629,51,4,,1,14,,35572,51,4,,1,16,,35630,51,4,,1,15,,35573,51,4,,1,55,,35631,51,4,,1,15,,35574,51,4,,1,15,,35632,51,4,,1,15,,35575,51,4,,1,55,,35633,51,4,,1,15,,35576,51,4,,1,15,,35625,51,4,,1,15,,35577,51,4,,1,55,,35628,51,4,,1,15,,35578,51,4,,1,15,,35627,51,4,,1,15,,35579,51,4,,1,55,,35626,51,4,,1,15,,35580,51,4,,1,15,,35624,51,4,,1,15,,35581,51,4,,1,57,,35623,51,4,,1,15,,35582,51,4,,1,16,,35610,51,4,,1,15,,35583,51,4,,1,55,,35611,51,4,,1,15,,35584,51,4,,1,15,,35612,51,4,,1,15,,35585,51,4,,1,55,,35613,51,4,,1,15,,35586,51,4,,1,15,,35614,51,4,,1,15,,35587,51,4,,1,55,,35615,51,4,,1,13,,35588,51,4,,1,13,,35616,51,4,,1,15,,35589,51,4,,1,54,,35590,51,4,,1,15,,35617,51,4,,1,15,,35591,51,4,,1,15,,35618,51,4,,1,55,,35592,51,4,,1,15,,35619,51,4,,1,15,,35593,51,4,,1,15,,35620,51,4,,1,55,,35594,51,4,,1,15,,35621,51,4,,1,15,,35595,51,4,,1,15,,35622,51,4,,1,55,,35596,51,4,,1,11,,35635,51,4,,1,14,,35597,51,4,,1,18,,35598,51,4,,1,70,,35599,51,4,,1,30,,35600,51,4,,1
1601,'16-Holiday1-10000001',817,,35636,1,,,1,100,,35637,1,,,1,102,,35638,1,,,1,100,,35639,1,,,1,100,,35640,1,,,1,100,,35641,1,,,1,100,,35642,1,,,1,100,,35643,1,,,1,100,,35644,1,,,1,100,,35645,1,,,1,98,,35646,1,,,1,101,,35647,1,,,1,100,,35648,1,,,1,100,,35649,1,,,1,100,,35650,1,,,1,100,,35651,1,,,1
1601,'16-Saturday-10000010',648,,35653,1,,,1,70,,35654,1,,,1,30,,35655,1,,,1,70,,35656,1,,,1,30,,35657,1,,,1,72,,35658,1,,,1,33,,35659,1,,,1,70,,35660,1,,,1,30,,35661,1,,,1,70,,35662,1,,,1,30,,35663,1,,,1,70,,35664,1,,,1,30,,35665,1,,,1,70,,35666,1,,,1,30,,35667,1,,,1,70,,35668,1,,,1,30,,35669,1,,,1,70,,35670,1,,,1,30,,35671,1,,,1,70,,35672,1,,,1,30,,35673,1,,,1,70,,35674,1,,,1,30,,35675,1,,,1,68,,35676,1,,,1,28,,35677,1,,,1,70,,35678,1,,,1,30,,35679,1,,,1,70,,35680,1,,,1,30,,35681,1,,,1,70,,35682,1,,,1,30,,35683,1,,,1,70,,35684,1,,,1,30,,35685,1,,,1,70,,35687,1,,,1,30,,35686,1,0,5,1
1601,'16-Sunday-10000001',747,,35688,1,,,1,70,,35689,1,,,1,30,,35690,1,,,1,70,,35691,1,,,1,30,,35692,1,,,1,72,,35693,1,,,1,30,,35694,1,,,1,70,,35695,1,,,1,30,,35696,1,,,1,70,,35697,1,,,1,30,,35698,1,,,1,70,,35699,1,,,1,30,,35700,1,,,1,70,,35701,1,,,1,30,,35702,1,,,1,70,,35703,1,,,1,30,,35704,1,,,1,70,,35705,1,,,1,30,,35706,1,,,1,70,,35707,1,,,1,30,,35708,1,,,1,68,,35709,1,,,1,31,,35710,1,,,1,70,,35711,1,,,1,30,,35712,1,,,1,70,,35713,1,,,1,30,,35714,1,,,1,70,,35715,1,,,1,30,,35716,1,,,1,70,,35717,1,,,1,30,,35718,1,,,1,70,,35719,1,,,1,30,,35720,1,,,1
1601,'16-Weekday-11111100',543,,35721,1,,,1,72,,35722,1,,,1,12,,35758,1,,,1,17,,35723,1,,,1,57,,35762,1,,,1,15,,35724,1,,,1,17,,35759,1,,,1,16,,35725,1,,,1,55,,35760,1,,,1,15,,35726,1,,,1,15,,35761,1,,,1,15,,35727,1,,,1,55,,35771,1,,,1,15,,35728,1,,,1,15,,35777,1,,,1,16,,35729,1,,,1,55,,35778,1,,,1,14,,35730,1,,,1,16,,35779,1,,,1,15,,35731,1,,,1,55,,35780,1,,,1,15,,35732,1,,,1,15,,35781,1,,,1,15,,35733,1,,,1,55,,35782,1,,,1,15,,35734,1,,,1,15,,35783,1,,,1,15,,35735,1,,,1,55,,35784,1,,,1,15,,35736,1,,,1,15,,35785,1,,,1,15,,35737,1,,,1,55,,35786,1,,,1,15,,35738,1,,,1,15,,35768,1,,,1,15,,35739,1,,,1,57,,35763,1,,,1,15,,35740,1,,,1,16,,35764,1,,,1,15,,35741,1,,,1,55,,35765,1,,,1,15,,35742,1,,,1,15,,35766,1,,,1,15,,35743,1,,,1,55,,35767,1,,,1,15,,35744,1,,,1,15,,35757,1,,,1,15,,35745,1,,,1,55,,35769,1,,,1,13,,35746,1,,,1,13,,35772,1,,,1,15,,35747,1,,,1,54,,35748,1,,,1,15,,35773,1,,,1,15,,35749,1,,,1,15,,35776,1,,,1,55,,35750,1,,,1,15,,35774,1,,,1,15,,35751,1,,,1,15,,35775,1,,,1,55,,35752,1,,,1,15,,35787,1,,,1,15,,35753,1,,,1,73,,35754,1,,,1,27,,35755,1,,,1,13,,35756,1,,,1,70,,35770,1,0,5,1
9100,'91-Saturday-10000010',2412,,40692,10,0,21 22 23,1,30,,40693,10,0,21 22 23,1,70,,40694,10,0,21 22 23,1,30,,40695,10,0,21 22 23,1,70,,40696,10,0,21 22 23,1
9100,'91-Weekday-10001100',2412,,40697,10,0,21 22 23,1,30,,40698,10,0,21 22 23,1,70,,40699,10,0,21 22 23,1,30,,40700,10,0,21 22 23,1,70,,40701,10,0,21 22 23,1
