5000,'50-Holiday1-20000001',850,,38185,48,4,,1,101,,38184,48,4,,1,100,,38183,48,4,,1,100,,38182,48,4,,1,100,,38181,48,4,,1,100,,38180,48,4,,1,100,,38179,48,4,,1,100,,38178,48,4,,1,100,,38177,48,4,,1,100,,38176,48,4,,1,98,,38175,48,4,,1,100,,38174,48,4,,1,100,,38173,48,4,,1,100,,38172,48,4,,1,100,,38171,48,4,,1,100,,38170,48,4,,1
5000,'50-Saturday-10000010',720,,38186,48,4,,1,30,,38187,48,4,,1,70,,38188,48,4,,1,30,,38189,48,4,,1,73,,38190,48,4,,1,30,,38191,48,4,,1,70,,38192,48,4,,1,30,,38193,48,4,,1,70,,38194,48,4,,1,30,,38195,48,4,,1,70,,38196,48,4,,1,30,,38197,48,4,,1,70,,38198,48,4,,1,30,,38199,48,4,,1,70,,38200,48,4,,1,30,,38201,48,4,,1,70,,38202,48,4,,1,30,,38203,48,4,,1,70,,38204,48,4,,1,30,,38205,48,4,,1,70,,38206,48,4,,1,30,,38207,48,4,,1,67,,38214,48,4,,1,30,,38216,48,4,,1,70,,38215,48,4,,1,30,,38213,48,4,,1,70,,38217,48,4,,1,30,,38212,48,4,,1,70,,38211,48,4,,1,30,,38218,48,4,,1,70,,38210,48,4,,1,30,,38209,48,4,,1,70,,38208,48,4,,1
5000,'50-Sunday-10000001',850,,38239,48,4,,1,86,,38238,48,4,,1,85,,38237,48,4,,1,85,,38236,48,4,,1,45,,38235,48,4,,1,85,,38234,48,4,,1,85,,38233,48,4,,1,85,,38232,48,4,,1,45,,38231,48,4,,1,85,,38230,48,4,,1,85,,38229,48,4,,1,85,,38228,48,4,,1,45,,38227,48,4,,1,83,,38226,48,4,,1,85,,38225,48,4,,1,85,,38224,48,4,,1,45,,38223,48,4,,1,85,,38222,48,4,,1,85,,38221,48,4,,1,85,,38220,48,4,,1,45,,38219,48,4,,1
5000,'50-Weekday-11111100',622,,38240,48,4,,1,30,,38241,48,4,,1,71,,38242,48,4,,1,32,,38243,48,4,,1,70,,38244,48,4,,1,30,,38245,48,4,,1,70,,38246,48,4,,1,29,,38247,48,4,,1,69,,38248,48,4,,1,30,,38249,48,4,,1,70,,38250,48,4,,1,30,,38251,48,4,,1,70,,38252,48,4,,1,30,,38253,48,4,,1,70,,38254,48,4,,1,30,,38255,48,4,,1,70,,38256,48,4,,1,31,,38257,48,4,,1,63,,38258,48,4,,1,30,,38259,48,4,,1,70,,38260,48,4,,1,30,,38261,48,4,,1,70,,38262,48,4,,1,30,,38263,48,4,,1,69,,38264,48,4,,1,36,,38265,48,4,,1,70,,38266,48,4,,1,30,,38267,48,4,,1,70,,38268,48,4,,1,30,,38269,48,4,,1,70,,38270,48,4,,1,30,,38271,48,4,,1,68,,38272,48,4,,1,29,,38273,48,4,,1
5001,'50-Holiday1-20000001',830,,38288,1,,,1,100,,38275,1,,,1,100,,38274,1,,,1,100,,38287,1,,,1,100,,38286,1,,,1,100,,38285,1,,,1,100,,38284,1,,,1,100,,38283,1,,,1,100,,38282,1,,,1,100,,38281,1,,,1,100,,38280,1,,,1,100,,38279,1,,,1,100,,38278,1,,,1,100,,38277,1,,,1,100,,38276,1,,,1
5001,'50-Saturday-10000010',730,,38290,1,,,1,70,,38291,1,,,1,30,,38292,1,,,1,70,,38293,1,,,1,30,,38294,1,,,1,70,,38295,1,,,1,30,,38296,1,,,1,70,,38297,1,,,1,30,,38298,1,,,1,70,,38299,1,,,1,30,,38300,1,,,1,70,,38301,1,,,1,30,,38302,1,,,1,70,,38303,1,,,1,30,,38304,1,,,1,70,,38305,1,,,1,30,,38306,1,,,1,70,,38307,1,,,1,30,,38308,1,,,1,70,,38309,1,,,1,30,,38289,1,,,1,70,,38310,1,,,1,30,,38312,1,,,1,70,,38313,1,,,1,30,,38317,1,,,1,70,,38314,1,,,1,30,,38315,1,,,1,70,,38318,1,,,1,30,,38316,1,,,1,70,,38311,1,,,1
5001,'50-Sunday-10000001',815,,38338,1,,,1,85,,38321,1,,,1,45,,38320,1,,,1,85,,38319,1,,,1,85,,38337,1,,,1,85,,38336,1,,,1,45,,38335,1,,,1,85,,38334,1,,,1,85,,38333,1,,,1,85,,38332,1,,,1,45,,38331,1,,,1,85,,38330,1,,,1,85,,38329,1,,,1,85,,38328,1,,,1,45,,38327,1,,,1,85,,38326,1,,,1,85,,38325,1,,,1,85,,38324,1,,,1,45,,38323,1,,,1,85,,38322,1,,,1
5001,'50-Weekday-11111100',600,,38339,1,,,1,30,,38340,1,,,1,70,,38341,1,,,1,30,,38342,1,,,1,70,,38343,1,,,1,30,,38344,1,,,1,70,,38345,1,,,1,30,,38346,1,,,1,70,,38347,1,,,1,30,,38348,1,,,1,70,,38349,1,,,1,30,,38350,1,,,1,70,,38351,1,,,1,30,,38352,1,,,1,70,,38353,1,,,1,30,,38354,1,,,1,70,,38355,1,,,1,30,,38356,1,,,1,25,,38357,1,,,1,70,,38358,1,,,1,30,,38359,1,,,1,70,,38360,1,,,1,30,,38361,1,,,1,70,,38362,1,,,1,75,,38363,1,,,1,30,,38364,1,,,1,70,,38365,1,,,1,30,,38366,1,,,1,70,,38367,1,,,1,30,,38368,1,,,1,70,,38369,1,,,1,30,,38370,1,,,1,70,,38371,1,,,1,30,,38373,1,,,1,70,,38374,1,,,1
6000,'60-Saturday-10000010',700,,39690,1,,,1,30,,39691,1,,,1,70,,39692,1,,,1,30,,39693,1,,,1,70,,39694,1,,,1,30,,39695,1,,,1,70,,39696,1,,,1,30,,39697,1,,,1,70,,39698,1,,,1,30,,39699,1,,,1,70,,39700,1,,,1,30,,39701,1,,,1,70,,39702,1,,,1,30,,39703,1,,,1,70,,39704,1,,,1,30,,39705,1,,,1,70,,39706,1,,,1,30,,39707,1,,,1,70,,39708,1,,,1,30,,39709,1,,,1,70,,39710,1,,,1,30,,39711,1,,,1,70,,39712,1,,,1,30,,39713,1,,,1
6000,'60-Weekday-11111100',600,,39714,1,,,1,30,,39715,1,,,1,70,,39716,1,,,1,30,,39717,1,,,1,70,,39718,1,,,1,30,,39719,1,,,1,70,,39720,1,,,1,30,,39721,1,,,1,70,,39722,1,,,1,30,,39723,1,,,1,70,,39724,1,,,1,30,,39725,1,,,1,70,,39726,1,,,1,30,,39727,1,,,1,70,,39728,1,,,1,30,,39729,1,,,1,70,,39730,1,,,1,30,,39731,1,,,1,70,,39732,1,0,38 39,1,30,,39733,1,0,38 39,1,70,,39734,1,0,38 39,1,30,,39735,1,0,38 39,1,70,,39736,1,0,38 39,1,30,,39737,1,0,38 39,1,70,,39738,1,0,38 39,1,30,,39739,1,,,1,70,,39740,1,,,1,30,,39741,1,,,1,70,,39742,1,,,1,30,,39743,1,,,1,70,,39744,1,,,1,30,,39745,1,,,1
6001,'60-Saturday-10000010',724,,39746,11,4,,1,30,,39747,11,4,,1,70,,39748,11,4,,1,30,,39749,11,4,,1,70,,39750,11,4,,1,30,,39751,11,4,,1,70,,39752,11,4,,1,30,,39753,11,4,,1,70,,39754,11,4,,1,30,,39755,11,4,,1,70,,39756,11,4,,1,30,,39757,11,4,,1,70,,39758,11,4,,1,30,,39759,11,4,,1,70,,39760,11,4,,1,30,,39761,11,4,,1,70,,39762,11,4,,1,30,,39763,11,4,,1,70,,39764,11,4,,1,30,,39765,11,4,,1,70,,39766,11,4,,1,30,,39767,11,4,,1,70,,39768,11,4,,1,30,,39769,11,4,,1
6001,'60-Weekday-11111100',624,,39770,11,4,,1,30,,39771,11,4,,1,73,,39772,11,4,,1,30,,39773,11,4,,1,70,,39774,11,4,,1,30,,39775,11,4,,1,70,,39776,11,4,,1,28,,39777,11,4,,1,70,,39778,11,4,,1,30,,39779,11,4,,1,70,,39780,11,4,,1,30,,39781,11,4,,1,70,,39782,11,4,,1,30,,39783,11,4,,1,70,,39784,11,4,,1,30,,39785,11,4,,1,70,,39786,11,4,,1,33,,39787,11,4,,1,70,,39788,11,4,,1,30,,39789,11,4,,1,70,,39790,11,4,,1,30,,39791,11,4,,1,70,,39792,11,4,,1,30,,39793,11,4,,1,66,,39794,11,4,,1,30,,39795,11,4,,1,70,,39796,11,4,,1,30,,39797,11,4,,1,70,,39798,11,4,,1,30,,39799,11,4,,1,70,,39800,11,4,,1,30,,39801,11,4,,1
6500,'65-Holiday1-10000001',845,,40312,1,,,1,85,,40313,1,,,1,85,,40314,1,,,1,85,,40315,1,,,1,45,,40316,1,,,1,85,,40317,1,,,1,85,,40318,1,,,1,85,,40319,1,,,1,45,,40320,1,,,1,85,,40321,1,,,1,85,,40322,1,,,1,85,,40323,1,,,1,45,,40324,1,,,1,85,,40325,1,,,1,85,,40326,1,,,1,85,,40327,1,,,1,45,,40328,1,,,1,85,,40329,1,,,1
6500,'65-Saturday-10000010',715,,40330,1,,,1,30,,40331,1,,,1,70,,40332,1,,,1,30,,40333,1,,,1,70,,40334,1,,,1,30,,40335,1,,,1,70,,40336,1,,,1,30,,40337,1,,,1,70,,40338,1,,,1,30,,40339,1,,,1,70,,40340,1,,,1,30,,40341,1,,,1,70,,40342,1,,,1,30,,40343,1,,,1,70,,40344,1,,,1,30,,40345,1,,,1,70,,40346,1,,,1,30,,40347,1,,,1,70,,40348,1,,,1,30,,40349,1,,,1,70,,40350,1,,,1,30,,40351,1,,,1,70,,40352,1,,,1,85,,40353,1,,,1,45,,40354,1,,,1,85,,40355,1,,,1,85,,40356,1,,,1,85,,40357,1,,,1,45,,40358,1,,,1,85,,40359,1,,,1
6500,'65-Sunday-10000001',845,,40360,1,,,1,70,,40392,1,,,1,30,,40361,1,,,1,70,,40384,1,,,1,30,,40363,1,,,1,70,,40385,1,,,1,30,,40365,1,,,1,70,,40386,1,,,1,30,,40367,1,,,1,70,,40387,1,,,1,30,,40369,1,,,1,70,,40388,1,,,1,30,,40371,1,,,1,70,,40389,1,,,1,30,,40373,1,,,1,70,,40390,1,,,1,30,,40375,1,,,1,70,,40391,1,,,1,30,,40377,1,,,1,70,,40378,1,,,1,85,,40379,1,,,1,45,,40380,1,,,1,85,,40381,1,,,1,85,,40382,1,,,1,85,,40383,1,,,1
6500,'65-Weekday-11111100',615,,40393,1,,,1,30,,40394,1,,,1,70,,40395,1,,,1,30,,40396,1,,,1,70,,40397,1,,,1,30,,40398,1,,,1,70,,40399,1,,,1,30,,40400,1,,,1,70,,40401,1,,,1,30,,40402,1,,,1,70,,40403,1,,,1,30,,40404,1,,,1,70,,40405,1,,,1,30,,40406,1,,,1,70,,40407,1,,,1,30,,40408,1,,,1,75,,40409,1,,,1,25,,40410,1,0,40,1,65,,40411,1,0,40,1,30,,40412,1,0,40,1,70,,40413,1,0,40,1,30,,40414,1,0,40,1,70,,40415,1,0,40,1,30,,40416,1,0,40,1,75,,40417,1,,,1,30,,40418,1,,,1,70,,40419,1,,,1,30,,40420,1,,,1,70,,40421,1,,,1,30,,40422,1,,,1,70,,40423,1,,,1,30,,40424,1,,,1,70,,40425,1,,,1,30,,40426,1,,,1,70,,40427,1,,,1,30,,40428,1,,,1
6501,'65-Holiday1-10000001',840,,40429,19,4,,1,81,,40430,19,4,,1,85,,40431,19,4,,1,46,,40432,19,4,,1,85,,40433,19,4,,1,85,,40434,19,4,,1,85,,40435,19,4,,1,45,,40436,19,4,,1,85,,40437,19,4,,1,85,,40438,19,4,,1,85,,40439,19,4,,1,45,,40440,19,4,,1,85,,40441,19,4,,1,84,,40442,19,4,,1,85,,40443,19,4,,1,45,,40444,19,4,,1,85,,40445,19,4,,1,85,,40446,19,4,,1,85,,40447,19,4,,1
6501,'65-Saturday-10000010',721,,40448,19,4,,1,30,,40449,19,4,,1,70,,40450,19,4,,1,30,,40451,19,4,,1,72,,40452,19,4,,1,31,,40453,19,4,,1,70,,40454,19,4,,1,30,,40455,19,4,,1,70,,40456,19,4,,1,30,,40457,19,4,,1,70,,40458,19,4,,1,30,,40459,19,4,,1,70,,40460,19,4,,1,30,,40461,19,4,,1,70,,40462,19,4,,1,30,,40463,19,4,,1,70,,40464,19,4,,1,30,,40465,19,4,,1,70,,40466,19,4,,1,30,,40467,19,4,,1,70,,40468,19,4,,1,30,,40469,19,4,,1,68,,40470,19,4,,1,29,,40471,19,4,,1,85,,40472,19,4,,1,85,,40473,19,4,,1,85,,40474,19,4,,1,45,,40475,19,4,,1,85,,40476,19,4,,1,85,,40477,19,4,,1
6501,'65-Sunday-10000001',851,,40478,19,4,,1,70,,40479,19,4,,1,30,,40511,19,4,,1,71,,40480,19,4,,1,22,,40503,19,4,,1,8,,40481,19,4,,1,70,,40482,19,4,,1,22,,40504,19,4,,1,8,,40483,19,4,,1,70,,40484,19,4,,1,22,,40505,19,4,,1,8,,40485,19,4,,1,70,,40486,19,4,,1,22,,40506,19,4,,1,8,,40487,19,4,,1,70,,40488,19,4,,1,22,,40507,19,4,,1,8,,40489,19,4,,1,70,,40490,19,4,,1,22,,40508,19,4,,1,8,,40491,19,4,,1,70,,40492,19,4,,1,22,,40509,19,4,,1,8,,40493,19,4,,1,70,,40494,19,4,,1,22,,40510,19,4,,1,8,,40495,19,4,,1,69,,40496,19,4,,1,30,,40497,19,4,,1,85,,40498,19,4,,1,85,,40499,19,4,,1,85,,40500,19,4,,1,45,,40501,19,4,,1,85,,40502,19,4,,1
6501,'65-Weekday-11111100',551,,40512,19,4,,1,70,,40513,19,4,,1,30,,40514,19,4,,1,72,,40515,19,4,,1,32,,40516,19,4,,1,70,,40517,19,4,,1,30,,40518,19,4,,1,70,,40519,19,4,,1,29,,40520,19,4,,1,70,,40521,19,4,,1,30,,40522,19,4,,1,70,,40523,19,4,,1,30,,40524,19,4,,1,70,,40525,19,4,,1,30,,40526,19,4,,1,70,,40527,19,4,,1,30,,40528,19,4,,1,70,,40529,19,4,,1,78,,40530,19,4,,1,27,,40531,19,4,,1,25,,40532,19,4,,1,70,,40533,19,4,,1,30,,40534,19,4,,1,70,,40535,19,4,,1,30,,40536,19,4,,1,67,,40537,19,4,,1,31,,40538,19,4,,1,70,,40539,19,4,,1,30,,40540,19,4,,1,70,,40541,19,4,,1,30,,40542,19,4,,1,70,,40543,19,4,,1,30,,40544,19,4,,1,68,,40545,19,4,,1,28,,40546,19,4,,1,70,,40547,19,4,,1,30,,40548,19,4,,1
20300,'203-Weekday-21111100',600,,41508,1,,,1,30,,41509,1,,,1,70,,41510,1,,,1,30,,41511,1,,,1,70,,41539,1,,,1,30,,41512,1,,,1,70,,41536,1,,,1,30,,41535,1,,,1,70,,41540,1,,,1,30,,41534,1,,,1,70,,41533,1,,,1,30,,41532,1,,,1,70,,41541,1,,,1,30,,41531,1,,,1,70,,41530,1,,,1,30,,41529,1,,,1,70,,41528,1,,,1,30,,41537,1,,,1,70,,41513,1,,,1,30,,41514,1,,,1,70,,41515,1,,,1,30,,41516,1,,,1,70,,41517,1,,,1,30,,41518,1,,,1,75,,41519,1,,,1,35,,41520,1,,,1,70,,41521,1,,,1,30,,41522,1,,,1,70,,41523,1,,,1,30,,41524,1,,,1,70,,41525,1,,,1,30,,41526,1,,,1,70,,41527,1,,,1,30,,41538,1,,,1
20301,'203-Weekday-21111100',710,,41592,29,4,,1,30,,41593,29,4,,1,78,,41594,29,4,,1,30,,41595,29,4,,1,70,,41596,29,4,,1,29,,41597,29,4,,1,76,,41598,29,4,,1,30,,41607,29,4,,1,70,,41608,29,4,,1,30,,41609,29,4,,1,70,,41610,29,4,,1,30,,41611,29,4,,1,70,,41612,29,4,,1,30,,41613,29,4,,1,70,,41614,29,4,,1,33,,41615,29,4,,1,68,,41616,29,4,,1,29,,41617,29,4,,1,70,,41618,29,4,,1,30,,41619,29,4,,1,70,,41620,29,4,,1,30,,41621,29,4,,1,66,,41622,29,4,,1,30,,41623,29,4,,1,71,,41624,29,4,,1,30,,41606,29,4,,1,70,,41599,29,4,,1,30,,41600,29,4,,1,70,,41601,29,4,,1,30,,41602,29,4,,1,68,,41603,29,4,,1,27,,41604,29,4,,1,70,,41605,29,4,,1,30,,41625,29,4,,1
