5301,'53-Holiday1-10000001',848,,38848,5,,,1,100,,38849,5,,,1,101,,38850,5,,,1,100,,38851,5,,,1,100,,38852,5,,,1,100,,38853,5,,,1,100,,38854,5,,,1,100,,38855,5,,,1,100,,38856,5,,,1,100,,38857,5,,,1,99,,38858,5,,,1,100,,38859,5,,,1,100,,38860,5,,,1,100,,38861,5,,,1,100,,38862,5,,,1
5301,'53-Saturday-10000010',648,,38891,5,,,1,70,,38864,5,,,1,30,,38865,5,,,1,70,,38866,5,,,1,30,,38867,5,,,1,72,,38868,5,,,1,30,,38869,5,,,1,70,,38870,5,,,1,30,,38871,5,,,1,70,,38872,5,,,1,30,,38873,5,,,1,70,,38874,5,,,1,30,,38875,5,,,1,70,,38876,5,,,1,30,,38877,5,,,1,70,,38878,5,,,1,30,,38879,5,,,1,70,,38880,5,,,1,30,,38881,5,,,1,70,,38882,5,,,1,30,,38883,5,,,1,70,,38884,5,,,1,30,,38885,5,,,1,69,,38886,5,,,1,30,,38887,5,,,1,100,,38888,5,,,1,100,,38889,5,,,1,100,,38890,5,,,1,100,,38863,5,,,1,155,,38892,5,,,1
5301,'53-Sunday-10000001',818,,38893,5,,,1,100,,38894,5,,,1,101,,38895,5,,,1,30,,38896,5,,,1,70,,38897,5,,,1,30,,38898,5,,,1,70,,38899,5,,,1,30,,38900,5,,,1,70,,38901,5,,,1,30,,38902,5,,,1,70,,38903,5,,,1,30,,38904,5,,,1,70,,38905,5,,,1,30,,38906,5,,,1,70,,38907,5,,,1,30,,38908,5,,,1,70,,38909,5,,,1,30,,38910,5,,,1,99,,38911,5,,,1,100,,38912,5,,,1,100,,38913,5,,,1,100,,38914,5,,,1,100,,38915,5,,,1
5301,'53-Weekday-11111100',534,,38937,5,,,1,70,,38938,5,,,1,30,,38939,5,,,1,70,,38940,5,,,1,30,,38941,5,,,1,70,,38942,5,,,1,30,,38916,5,,,1,70,,38917,5,,,1,30,,38918,5,,,1,70,,38919,5,,,1,30,,38920,5,,,1,70,,38921,5,,,1,30,,38922,5,,,1,70,,38923,5,,,1,30,,38924,5,,,1,70,,38925,5,,,1,31,,38952,5,,,1,70,,38947,5,,,1,25,,38946,5,,,1,26,,38945,5,,,1,70,,38944,5,,,1,30,,38943,5,,,1,70,,38950,5,,,1,30,,38951,5,,,1,70,,38926,5,,,1,30,,38927,5,,,1,78,,38928,5,,,1,70,,38929,5,,,1,30,,38930,5,,,1,70,,38931,5,,,1,30,,38932,5,,,1,70,,38933,5,,,1,30,,38949,5,,,1,69,,38948,5,,,1,30,,38934,5,,,1,70,,38935,5,,,1,30,,38936,5,,,1
5801,'58-Holiday1-11111111',803,,39588,5,,,1,100,,39587,5,,,1,101,,39586,5,,,1,100,,39589,5,,,1,100,,39590,5,,,1,100,,39591,5,,,1,100,,39592,5,,,1,100,,39593,5,,,1,100,,39594,5,,,1,100,,39595,5,,,1,99,,39596,5,,,1,100,,39601,5,,,1,100,,39600,5,,,1,100,,39599,5,,,1,100,,39598,5,,,1,100,,39597,5,,,1
5801,'58-Saturday-10000010',633,,39609,5,,,1,70,,39608,5,,,1,30,,39607,5,,,1,70,,39606,5,,,1,30,,39605,5,,,1,72,,39604,5,,,1,30,,39603,5,,,1,70,,39602,5,,,1,30,,39625,5,,,1,70,,39624,5,,,1,30,,39623,5,,,1,70,,39622,5,,,1,30,,39621,5,,,1,70,,39620,5,,,1,30,,39619,5,,,1,70,,39618,5,,,1,30,,39617,5,,,1,70,,39616,5,,,1,30,,39615,5,,,1,70,,39614,5,,,1,30,,39613,5,,,1,70,,39612,5,,,1,30,,39611,5,,,1,69,,39610,5,,,1,100,,39627,5,,,1,100,,39629,5,,,1,100,,39630,5,,,1,100,,39628,5,,,1,100,,39626,5,,,1
5801,'58-Sunday-10000001',833,,39633,5,,,1,100,,39632,5,,,1,101,,39631,5,,,1,70,,39634,5,,,1,30,,39648,5,,,1,70,,39647,5,,,1,30,,39646,5,,,1,70,,39645,5,,,1,30,,39644,5,,,1,70,,39643,5,,,1,30,,39642,5,,,1,70,,39641,5,,,1,30,,39640,5,,,1,70,,39639,5,,,1,30,,39638,5,,,1,70,,39637,5,,,1,30,,39636,5,,,1,69,,39635,5,,,1,100,,39653,5,,,1,100,,39652,5,,,1,100,,39651,5,,,1,100,,39650,5,,,1,100,,39649,5,,,1
5801,'58-Weekday-11111100',538,,39657,5,,,1,70,,39656,5,,,1,30,,39655,5,,,1,71,,39654,5,,,1,30,,39670,5,,,1,70,,39669,5,,,1,30,,39668,5,,,1,70,,39667,5,,,1,31,,39666,5,,,1,70,,39665,5,,,1,30,,39664,5,,,1,70,,39663,5,,,1,30,,39662,5,,,1,70,,39661,5,,,1,30,,39660,5,,,1,70,,39659,5,,,1,30,,39658,5,,,1,70,,39676,5,,,1,35,,39675,5,,,1,70,,39688,5,,,1,30,,39674,5,,,1,70,,39673,5,,,1,30,,39672,5,,,1,70,,39687,5,,,1,30,,39689,5,,,1,70,,39671,5,,,1,20,,39686,5,,,1,70,,39685,5,,,1,30,,39684,5,,,1,70,,39683,5,,,1,30,,39682,5,,,1,70,,39681,5,,,1,30,,39680,5,,,1,24,,39679,5,,,1,69,,39678,5,,,1,30,,39677,5,,,1
6000,'60-Saturday-10000010',704,,39690,4,,,1,30,,39691,4,,,1,70,,39692,4,,,1,30,,39693,4,,,1,70,,39694,4,,,1,30,,39695,4,,,1,70,,39696,4,,,1,30,,39697,4,,,1,70,,39698,4,,,1,30,,39699,4,,,1,70,,39700,4,,,1,30,,39701,4,,,1,70,,39702,4,,,1,30,,39703,4,,,1,70,,39704,4,,,1,30,,39705,4,,,1,70,,39706,4,,,1,30,,39707,4,,,1,70,,39708,4,,,1,30,,39709,4,,,1,70,,39710,4,,,1,30,,39711,4,,,1,70,,39712,4,,,1,30,,39713,4,,,1
6000,'60-Weekday-11111100',605,,39714,4,,,1,30,,39715,4,,,1,71,,39716,4,,,1,30,,39717,4,,,1,70,,39718,4,,,1,30,,39719,4,,,1,70,,39720,4,,,1,30,,39721,4,,,1,70,,39722,4,,,1,30,,39723,4,,,1,70,,39724,4,,,1,30,,39725,4,,,1,70,,39726,4,,,1,30,,39727,4,,,1,70,,39728,4,,,1,30,,39729,4,,,1,70,,39730,4,,,1,30,,39731,4,,,1,70,,39732,4,0,38 39,1,30,,39733,4,0,38 39,1,70,,39734,4,0,38 39,1,30,,39735,4,0,38 39,1,70,,39736,4,0,38 39,1,30,,39737,4,0,38 39,1,69,,39738,4,0,38 39,1,30,,39739,4,,,1,70,,39740,4,,,1,30,,39741,4,,,1,70,,39742,4,,,1,30,,39743,4,,,1,70,,39744,4,,,1,30,,39745,4,,,1
6500,'65-Holiday1-10000001',849,,40312,4,,,1,85,,40313,4,,,1,86,,40314,4,,,1,85,,40315,4,,,1,45,,40316,4,,,1,85,,40317,4,,,1,85,,40318,4,,,1,85,,40319,4,,,1,45,,40320,4,,,1,85,,40321,4,,,1,85,,40322,4,,,1,85,,40323,4,,,1,45,,40324,4,,,1,85,,40325,4,,,1,85,,40326,4,,,1,85,,40327,4,,,1,45,,40328,4,,,1,85,,40329,4,,,1
6500,'65-Saturday-10000010',719,,40330,4,,,1,30,,40331,4,,,1,70,,40332,4,,,1,30,,40333,4,,,1,71,,40334,4,,,1,30,,40335,4,,,1,70,,40336,4,,,1,30,,40337,4,,,1,70,,40338,4,,,1,30,,40339,4,,,1,70,,40340,4,,,1,30,,40341,4,,,1,70,,40342,4,,,1,30,,40343,4,,,1,70,,40344,4,,,1,30,,40345,4,,,1,70,,40346,4,,,1,30,,40347,4,,,1,70,,40348,4,,,1,30,,40349,4,,,1,70,,40350,4,,,1,30,,40351,4,,,1,70,,40352,4,,,1,85,,40353,4,,,1,45,,40354,4,,,1,85,,40355,4,,,1,85,,40356,4,,,1,85,,40357,4,,,1,45,,40358,4,,,1,85,,40359,4,,,1
6500,'65-Sunday-10000001',849,,40360,4,,,1,70,,40392,4,,,1,30,,40361,4,,,1,71,,40362,4,,,1,30,,40363,4,,,1,70,,40364,4,,,1,30,,40365,4,,,1,70,,40366,4,,,1,30,,40367,4,,,1,70,,40368,4,,,1,30,,40369,4,,,1,70,,40370,4,,,1,30,,40371,4,,,1,70,,40372,4,,,1,30,,40373,4,,,1,70,,40374,4,,,1,30,,40375,4,,,1,70,,40376,4,,,1,30,,40377,4,,,1,70,,40378,4,,,1,85,,40379,4,,,1,45,,40380,4,,,1,85,,40381,4,,,1,85,,40382,4,,,1,85,,40383,4,,,1
6500,'65-Weekday-11111100',619,,40393,4,,,1,30,,40394,4,,,1,71,,40395,4,,,1,30,,40396,4,,,1,70,,40397,4,,,1,30,,40398,4,,,1,70,,40399,4,,,1,30,,40400,4,,,1,70,,40401,4,,,1,30,,40402,4,,,1,70,,40403,4,,,1,30,,40404,4,,,1,70,,40405,4,,,1,30,,40406,4,,,1,70,,40407,4,,,1,30,,40408,4,,,1,75,,40409,4,,,1,27,,40410,4,0,40,1,65,,40411,4,0,40,1,30,,40412,4,0,40,1,70,,40413,4,0,40,1,30,,40414,4,0,40,1,70,,40415,4,0,40,1,30,,40416,4,0,40,1,73,,40417,4,,,1,30,,40418,4,,,1,70,,40419,4,,,1,30,,40420,4,,,1,70,,40421,4,,,1,30,,40422,4,,,1,70,,40423,4,,,1,30,,40424,4,,,1,69,,40425,4,,,1,30,,40426,4,,,1,70,,40427,4,,,1,30,,40428,4,,,1
