1301,'13-Holiday1-10000001',823,,35320,2,,,1,100,,35321,2,,,1,100,,35322,2,,,1,100,,35323,2,,,1,100,,35324,2,,,1,100,,35325,2,,,1,100,,35326,2,,,1,100,,35327,2,,,1,100,,35328,2,,,1,100,,35329,2,,,1,100,,35330,2,,,1,100,,35331,2,,,1,100,,35332,2,,,1,100,,35333,2,,,1,100,,35334,2,,,1,100,,35335,2,,,1
1301,'13-Saturday-10000010',653,,35337,2,,,1,70,,35338,2,,,1,30,,35339,2,,,1,70,,35340,2,,,1,30,,35341,2,,,1,71,,35342,2,,,1,30,,35343,2,,,1,70,,35344,2,,,1,30,,35345,2,,,1,70,,35346,2,,,1,30,,35336,2,,,1,70,,35347,2,,,1,30,,35348,2,,,1,70,,35349,2,,,1,30,,35350,2,,,1,70,,35351,2,,,1,30,,35352,2,,,1,70,,35353,2,,,1,30,,35354,2,,,1,70,,35355,2,,,1,30,,35356,2,,,1,70,,35357,2,,,1,30,,35358,2,,,1,69,,35359,2,,,1,30,,35360,2,,,1,70,,35361,2,,,1,30,,35369,2,,,1,70,,35362,2,,,1,30,,35363,2,,,1,70,,35364,2,,,1,30,,35365,2,,,1,70,,35366,2,,,1,30,,35367,2,,,1,70,,35368,2,,,1,30,,35370,2,,,1
1301,'13-Sunday-10000001',753,,35403,2,,,1,70,,35371,2,,,1,30,,35372,2,,,1,70,,35373,2,,,1,30,,35374,2,,,1,70,,35375,2,,,1,30,,35376,2,,,1,70,,35377,2,,,1,30,,35378,2,,,1,70,,35379,2,,,1,30,,35380,2,,,1,70,,35381,2,,,1,30,,35382,2,,,1,70,,35383,2,,,1,30,,35384,2,,,1,70,,35385,2,,,1,30,,35386,2,,,1,70,,35387,2,,,1,30,,35388,2,,,1,70,,35389,2,,,1,30,,35390,2,,,1,70,,35391,2,,,1,30,,35392,2,,,1,70,,35393,2,,,1,30,,35394,2,,,1,70,,35395,2,,,1,30,,35396,2,,,1,70,,35397,2,,,1,30,,35398,2,,,1,70,,35399,2,,,1,30,,35400,2,,,1,70,,35401,2,,,1,30,,35402,2,,,1
1301,'13-Weekday-21111100',554,,35434,2,,,1,68,,35437,2,,,1,14,,35440,2,,,1,72,,35429,2,,,1,35,,35428,2,,,1,76,,35404,2,,,1,32,,35405,2,,,1,68,,35406,2,,,1,33,,35407,2,,,1,68,,35408,2,,,1,28,,35409,2,,,1,72,,35410,2,,,1,28,,35411,2,,,1,72,,35412,2,,,1,28,,35413,2,,,1,72,,35414,2,,,1,28,,35415,2,,,1,72,,35416,2,,,1,12,,35442,2,,,1,16,,35417,2,,,1,72,,35418,2,,,1,30,,35430,2,,,1,73,,35419,2,,,1,27,,35420,2,,,1,73,,35427,2,,,1,27,,35421,2,,,1,71,,35422,2,,,1,80,,35423,2,,,1,30,,35424,2,,,1,70,,35436,2,,,1,30,,35435,2,,,1,70,,35425,2,,,1,30,,35426,2,,,1,70,,35431,2,,,1,27,,35439,2,,,1,30,,35432,2,,,1,70,,35433,2,,,1,30,,35438,2,,,1
3101,'31-Saturday-10000010',726,,37698,33,,,1,30,,37699,33,,,1,70,,37700,33,,,1,30,,37701,33,,,1,74,,37702,33,,,1,70,,37703,33,,,1,30,,37704,33,,,1,70,,37705,33,,,1,30,,37706,33,,,1,70,,37707,33,,,1,30,,37708,33,,,1,70,,37709,33,,,1,30,,37710,33,,,1,70,,37711,33,,,1,30,,37712,33,,,1,70,,37713,33,,,1,30,,37714,33,,,1,70,,37715,33,,,1,30,,37716,33,,,1,70,,37717,33,,,1,30,,37718,33,,,1,29,,37719,33,,,1,68,,37720,33,,,1,30,,37721,33,,,1,70,,37722,33,,,1
3101,'31-Sunday-10000001',826,,37723,33,,,1,30,,37724,33,,,1,70,,37725,33,,,1,30,,37726,33,,,1,72,,37727,33,,,1,30,,37728,33,,,1,70,,37729,33,,,1,30,,37730,33,,,1,70,,37731,33,,,1,30,,37732,33,,,1,70,,37733,33,,,1,30,,37734,33,,,1,70,,37735,33,,,1,30,,37736,33,,,1,70,,37737,33,,,1,30,,37738,33,,,1,70,,37739,33,,,1,30,,37740,33,,,1,70,,37741,33,,,1,30,,37742,33,,,1,70,,37743,33,,,1,30,,37744,33,,,1,70,,37745,33,,,1
3101,'31-Weekday-11111100',559,,37778,15,,,1,70,,37779,15,,,1,71,,37747,33,,,1,35,,37766,33,,,1,70,,37767,33,,,1,30,,37768,33,,,1,70,,37769,33,,,1,30,,37780,33,,,1,67,,37770,33,,,1,30,,37771,33,,,1,70,,37772,33,,,1,30,,37773,33,,,1,70,,37774,33,,,1,30,,37775,33,,,1,70,,37776,33,,,1,30,,37777,33,,,1,70,,37765,33,,,1,30,,37764,33,,,1,73,,37763,33,,,1,30,,37762,33,,,1,70,,37761,33,,,1,30,,37760,33,,,1,70,,37759,33,,,1,30,,37758,33,,,1,70,,37757,33,,,1,26,,37756,33,,,1,70,,37755,33,,,1,30,,37754,33,,,1,70,,37753,33,,,1,30,,37752,33,,,1,70,,37751,33,,,1,30,,37750,33,,,1,69,,37749,33,,,1,25,,37748,33,,,1,30,,37746,33,,,1
20101,'201-Holiday1-10000001',714,,40910,8,,,1,30,,40911,8,,,1,70,,40912,8,,,1,30,,40913,8,,,1,70,,40914,8,,,1,30,,40915,8,,,1,71,,40916,8,,,1,30,,40917,8,,,1,70,,40918,8,,,1,30,,40919,8,,,1,70,,40909,8,,,1,30,,40920,8,,,1,70,,40921,8,,,1,30,,40922,8,,,1,70,,40923,8,,,1,30,,40924,8,,,1,70,,40925,8,,,1,30,,40926,8,,,1,70,,40927,8,,,1,30,,40928,8,,,1,70,,40929,8,,,1,30,,40930,8,,,1,69,,40931,8,,,1,30,,40932,8,,,1,70,,40933,8,,,1,30,,40934,8,,,1,70,,40935,8,,,1,30,,40936,8,,,1,70,,40937,8,,,1,30,,40938,8,,,1,70,,40939,8,,,1,30,,40940,8,,,1,70,,40941,8,,,1,30,,40942,8,,,1,70,,40943,8,,,1
20101,'201-Saturday-10000010',644,,40979,8,,,1,70,,40944,8,,,1,30,,40945,8,,,1,70,,40946,8,,,1,30,,40947,8,,,1,71,,40948,8,,,1,30,,40949,8,,,1,70,,40950,8,,,1,30,,40951,8,,,1,70,,40952,8,,,1,30,,40953,8,,,1,70,,40954,8,,,1,30,,40955,8,,,1,70,,40956,8,,,1,30,,40957,8,,,1,70,,40958,8,,,1,30,,40959,8,,,1,70,,40960,8,,,1,30,,40961,8,,,1,70,,40962,8,,,1,30,,40963,8,,,1,70,,40964,8,,,1,30,,40965,8,,,1,69,,40966,8,,,1,30,,40967,8,,,1,70,,40968,8,,,1,30,,40969,8,,,1,70,,40970,8,,,1,30,,40971,8,,,1,70,,40972,8,,,1,30,,40973,8,,,1,70,,40974,8,,,1,30,,40975,8,,,1,70,,40976,8,,,1,30,,40977,8,,,1,70,,40978,8,0,13 14 7,1
20101,'201-Sunday-10000001',713,,40981,8,,,1,30,,40982,8,,,1,70,,40983,8,,,1,30,,40984,8,,,1,70,,40985,8,,,1,30,,40986,8,,,1,72,,40987,8,,,1,30,,40988,8,,,1,70,,40989,8,,,1,30,,40990,8,,,1,70,,40980,8,,,1,30,,40991,8,,,1,70,,40992,8,,,1,30,,40993,8,,,1,70,,40994,8,,,1,30,,40995,8,,,1,70,,40996,8,,,1,30,,40997,8,,,1,70,,40998,8,,,1,30,,40999,8,,,1,70,,41000,8,,,1,30,,41001,8,,,1,69,,41002,8,,,1,30,,41003,8,,,1,70,,41004,8,,,1,30,,41005,8,,,1,70,,41006,8,,,1,30,,41007,8,,,1,70,,41008,8,,,1,30,,41009,8,,,1,70,,41010,8,,,1,30,,41011,8,,,1,70,,41012,8,,,1,30,,41013,8,,,1,70,,41014,8,,,1
20101,'201-Weekday-11111100',528,,41089,8,,,1,30,,41090,8,,,1,55,,41048,8,,,1,15,,41051,8,,,1,15,,41049,8,,,1,16,,41052,8,,,1,57,,41046,8,,,1,10,,41053,8,,,1,10,,41075,8,,,1,10,,41045,8,,,1,10,,41054,8,,,1,50,,41076,8,,,1,10,,41015,8,,,1,10,,41055,8,,,1,10,,41077,8,,,1,10,,41050,8,,,1,10,,41056,8,,,1,50,,41078,8,,,1,10,,41047,8,,,1,10,,41057,8,,,1,10,,41079,8,,,1,12,,41016,8,,,1,10,,41058,8,,,1,50,,41092,8,,,1,10,,41017,8,,,1,10,,41059,8,,,1,10,,41093,8,,,1,10,,41018,8,,,1,10,,41060,8,,,1,50,,41094,8,,,1,10,,41019,8,,,1,10,,41061,8,,,1,10,,41095,8,,,1,10,,41020,8,,,1,10,,41062,8,,,1,50,,41096,8,,,1,10,,41021,8,,,1,10,,41063,8,,,1,10,,41097,8,,,1,10,,41022,8,,,1,10,,41064,8,,,1,50,,41098,8,,,1,10,,41023,8,,,1,10,,41065,8,,,1,10,,41099,8,,,1,10,,41024,8,,,1,10,,41066,8,,,1,50,,41100,8,,,1,10,,41025,8,,,1,10,,41101,8,,,1,10,,41067,8,,,1,10,,41026,8,,,1,10,,41068,8,,,1,50,,41080,8,,,1,10,,41027,8,,,1,10,,41069,8,,,1,10,,41081,8,,,1,10,,41028,8,,,1,10,,41070,8,,,1,50,,41082,8,,,1,10,,41033,8,,,1,10,,41071,8,,,1,10,,41084,8,,,1,10,,41029,8,,,1,10,,41072,8,,,1,50,,41083,8,,,1,10,,41030,8,,,1,10,,41073,8,,,1,10,,41085,8,,,1,10,,41031,8,,,1,10,,41074,8,,,1,49,,41086,8,,,1,9,,41032,8,,,1,15,,41034,8,,,1,15,,41102,8,,,1,55,,41035,8,,,1,15,,41103,8,,,1,15,,41036,8,,,1,15,,41104,8,,,1,55,,41037,8,,,1,15,,41105,8,,,1,15,,41038,8,,,1,15,,41106,8,,,1,55,,41039,8,,,1,15,,41107,8,,,1,15,,41040,8,,,1,15,,41108,8,,,1,55,,41041,8,,,1,43,,41042,8,,,1,70,,41043,8,,,1,35,,41044,8,,,1,70,,41091,8,,,1
