6201,'62-Weekday-11111100',600,,40077,1,,,1,23,,40077,19,4,,1,7,,40078,1,,,1,23,,40078,20,4,,1,47,,40079,1,,,1,22,,40079,19,4,,1,8,,40080,1,,,1,22,,40080,19,4,,1,48,,40081,1,,,1,22,,40081,19,4,,1,8,,40082,1,,,1,22,,40082,19,4,,1,48,,40083,1,,,1,22,,40083,19,4,,1,8,,40084,1,,,1,21,,40084,19,4,,1,49,,40085,1,,,1,21,,40085,19,4,,1,9,,40086,1,,,1,21,,40086,19,4,,1,49,,40087,1,,,1,21,,40087,19,4,,1,9,,40088,1,,,1,21,,40088,19,4,,1,49,,40089,1,,,1,21,,40089,19,4,,1,9,,40090,1,,,1,21,,40090,19,4,,1,49,,40091,1,,,1,21,,40091,19,4,,1,9,,40092,1,,,1,21,,40092,19,4,,1,49,,40093,1,,,1,21,,40093,19,4,,1,9,,40094,1,,,1,25,,40094,19,4,,1,45,,40095,1,,,1,25,,40095,19,4,,1,5,,40096,1,,,1,25,,40096,19,4,,1,45,,40097,1,,,1,25,,40097,19,4,,1,5,,40098,1,,,1,25,,40098,19,4,,1,45,,40099,1,,,1,25,,40099,19,4,,1,5,,40100,1,,,1,25,,40100,19,4,,1,45,,40101,1,,,1,20,,40101,19,4,,1,10,,40102,1,,,1,20,,40102,19,4,,1,50,,40103,1,,,1,20,,40103,19,4,,1,10,,40104,1,,,1,20,,40104,19,4,,1,50,,40105,1,,,1,20,,40105,19,4,,1,10,,40106,1,,,1,20,,40106,19,4,,1,50,,40107,1,,,1,20,,40107,19,4,,1,10,,40108,1,,,1,20,,40108,19,4,,1,50,,40109,1,,,1,19,,40109,19,4,,1,11,,40110,1,,,1,19,,40110,19,4,,1,51,,40111,1,,,1,19,,40111,19,4,,1,11,,40112,1,,,1,19,,40112,19,4,,1,66,,40113,1,,,1,19,,40113,19,4,,1
6700,'67-Weekday-11111100',608,,40566,16,4,,1,30,,40553,39,4,,1,70,,40554,39,4,,1,31,,40555,39,4,,1,70,,40556,39,4,,1,30,,40561,39,4,,1,70,,40559,39,4,,1,527,,40564,39,4,,1,75,,40560,39,4,,1,30,,40565,39,4,,1,70,,40549,39,4,,1,30,,40563,39,4,,1,70,,40550,39,4,,1,30,,40551,39,4,,1,70,,40552,39,4,,1,425,,40558,39,4,,1,70,,40562,39,4,,1,30,,40557,39,4,,1
6701,'67-Weekday-11111100',615,,40579,1,,,1,30,,40570,1,,,1,70,,40569,1,,,1,30,,40567,1,,,1,70,,40582,1,,,1,30,,40568,1,,,1,570,,40575,1,,,1,30,,40574,1,,,1,70,,40573,1,,,1,30,,40572,1,,,1,70,,40571,1,,,1,30,,40580,1,,,1,70,,40576,1,,,1,30,,40583,1,,,1,475,,40578,1,,,1,30,,40581,1,,,1,70,,40577,1,,,1
7800,'78-Weekday-11111100',552,,40652,1,,,1,78,,40653,1,,,1,70,,40654,1,,,1,30,,40655,1,,,1,70,,40656,1,,,1,30,,40657,1,,,1,70,,40658,1,,,1,30,,40659,1,,,1,470,,40660,1,,,1,30,,40661,1,,,1,70,,40662,1,,,1,30,,40663,1,,,1,70,,40664,1,,,1,30,,40665,1,,,1,70,,40666,1,,,1,30,,40667,1,,,1,70,,40668,1,,,1,430,,40669,1,,,1,70,,40670,1,,,1,30,,40671,1,,,1
7801,'78-Weekday-11111100',629,,40672,7,4,,1,81,,40673,7,4,,1,31,,40674,7,4,,1,70,,40675,7,4,,1,30,,40676,7,4,,1,70,,40677,7,4,,1,29,,40678,7,4,,1,69,,40679,7,4,,1,431,,40680,7,4,,1,71,,40681,7,4,,1,30,,40682,7,4,,1,70,,40683,7,4,,1,30,,40684,7,4,,1,70,,40685,7,4,,1,30,,40686,7,4,,1,69,,40687,7,4,,1,29,,40688,7,4,,1,420,,40689,7,4,,1,70,,40690,7,4,,1,30,,40691,7,4,,1
20300,'203-Holiday1-20000001',929,,41458,25,4,,1,100,,41459,25,4,,1,100,,41460,25,4,,1,100,,41461,25,4,,1,100,,41462,25,4,,1,100,,41463,25,4,,1,100,,41464,25,4,,1,100,,41465,25,4,,1,100,,41466,25,4,,1,100,,41467,25,4,,1,100,,41468,25,4,,1,100,,41469,25,4,,1,100,,41470,25,4,,1
20300,'203-Saturday-10000010',701,,41471,25,4,,1,100,,41472,25,4,,1,100,,41473,25,4,,1,104,,41474,25,4,,1,30,,41475,25,4,,1,70,,41476,25,4,,1,30,,41477,25,4,,1,70,,41478,25,4,,1,30,,41479,25,4,,1,70,,41480,25,4,,1,30,,41481,25,4,,1,70,,41482,25,4,,1,30,,41483,25,4,,1,70,,41484,25,4,,1,30,,41485,25,4,,1,70,,41486,25,4,,1,30,,41487,25,4,,1,70,,41488,25,4,,1,30,,41489,25,4,,1,69,,41490,25,4,,1,27,,41491,25,4,,1,100,,41492,25,4,,1,100,,41493,25,4,,1,100,,41494,25,4,,1
20300,'203-Sunday-10000001',929,,41495,25,4,,1,100,,41496,25,4,,1,100,,41497,25,4,,1,100,,41498,25,4,,1,100,,41499,25,4,,1,100,,41500,25,4,,1,100,,41501,25,4,,1,100,,41502,25,4,,1,100,,41503,25,4,,1,100,,41504,25,4,,1,100,,41505,25,4,,1,100,,41506,25,4,,1,100,,41507,25,4,,1
20301,'203-Holiday1-20000001',935,,41543,1,,,1,100,,41551,1,,,1,100,,41550,1,,,1,100,,41549,1,,,1,100,,41548,1,,,1,100,,41547,1,,,1,100,,41546,1,,,1,100,,41545,1,,,1,100,,41544,1,,,1,100,,41542,1,,,1,100,,41554,1,,,1,100,,41553,1,,,1,100,,41552,1,,,1
20301,'203-Saturday-10000010',710,,41558,1,,,1,100,,41559,1,,,1,100,,41560,1,,,1,100,,41561,1,,,1,30,,41562,1,,,1,70,,41563,1,,,1,30,,41564,1,,,1,70,,41565,1,,,1,30,,41566,1,,,1,70,,41567,1,,,1,30,,41568,1,,,1,70,,41569,1,,,1,30,,41570,1,,,1,70,,41571,1,,,1,30,,41572,1,,,1,70,,41573,1,,,1,30,,41574,1,,,1,70,,41555,1,,,1,30,,41557,1,,,1,70,,41556,1,,,1,30,,41575,1,,,1,95,,41576,1,,,1,100,,41577,1,,,1,100,,41578,1,,,1
20301,'203-Sunday-10000001',940,,41580,1,,,1,100,,41588,1,,,1,100,,41587,1,,,1,100,,41586,1,,,1,100,,41585,1,,,1,100,,41584,1,,,1,100,,41583,1,,,1,100,,41582,1,,,1,100,,41581,1,,,1,90,,41579,1,,,1,100,,41591,1,,,1,100,,41590,1,,,1,100,,41589,1,,,1
20301,'203-Weekday-21111100',640,,41592,6,,,1,69,,41593,6,,,1,38,,41594,6,,,1,70,,41595,6,,,1,30,,41596,6,,,1,70,,41597,6,,,1,36,,41598,6,,,1,70,,41607,6,,,1,30,,41608,6,,,1,70,,41609,6,,,1,30,,41610,6,,,1,70,,41611,6,,,1,30,,41612,6,,,1,70,,41613,6,,,1,30,,41614,6,,,1,70,,41615,6,,,1,27,,41616,6,,,1,69,,41617,6,,,1,30,,41618,6,,,1,70,,41619,6,,,1,30,,41620,6,,,1,70,,41621,6,,,1,30,,41622,6,,,1,71,,41623,6,,,1,31,,41624,6,,,1,70,,41606,6,,,1,30,,41599,6,,,1,70,,41600,6,,,1,30,,41601,6,,,1,70,,41602,6,,,1,30,,41603,6,,,1,68,,41604,6,,,1,30,,41605,6,,,1,70,,41625,6,,,1
