600,'6-Holiday1-10000001',828,,33234,49,,,1,100,,33235,49,,,1,100,,33236,49,,,1,100,,33237,49,,,1,100,,33238,49,,,1,100,,33239,49,,,1,100,,33240,49,,,1,100,,33241,49,,,1,100,,33242,49,,,1,100,,33243,49,,,1,100,,33244,49,,,1,100,,33245,49,,,1,100,,33246,49,,,1,100,,33247,49,,,1,100,,33248,49,,,1,100,,33249,49,,,1,100,,33250,49,,,1
600,'6-Saturday-10000010',609,,33251,34,,,1,49,,33252,49,,,1,70,,33253,49,,,1,30,,33254,49,,,1,70,,33255,49,,,1,30,,33256,49,,,1,71,,33257,49,,,1,72,,33258,49,,,1,30,,33259,49,,,1,70,,33260,49,,,1,30,,33261,49,,,1,70,,33262,49,,,1,30,,33263,49,,,1,70,,33264,49,,,1,30,,33265,49,,,1,70,,33266,49,,,1,30,,33267,49,,,1,70,,33268,49,,,1,30,,33269,49,,,1,70,,33270,49,,,1,30,,33271,49,,,1,70,,33272,49,,,1,30,,33273,49,,,1,70,,33274,49,,,1,29,,33275,49,,,1,28,,33276,49,,,1,70,,33277,49,,,1,30,,33278,49,,,1,70,,33279,49,,,1,30,,33280,49,,,1,70,,33281,49,,,1,30,,33282,49,,,1,70,,33283,49,,,1,30,,33284,49,,,1,70,,33285,49,,,1,30,,33286,49,,,1,70,,33287,49,,,1,30,,33288,49,,,1
600,'6-Sunday-10000001',828,,33289,49,,,1,30,,33290,49,,,1,70,,33291,49,,,1,30,,33292,49,,,1,70,,33293,49,,,1,30,,33294,49,,,1,70,,33295,49,,,1,30,,33296,49,,,1,70,,33297,49,,,1,30,,33298,49,,,1,70,,33299,49,,,1,30,,33300,49,,,1,70,,33301,49,,,1,30,,33302,49,,,1,70,,33303,49,,,1,30,,33304,49,,,1,70,,33305,49,,,1,30,,33306,49,,,1,70,,33307,49,,,1,30,,33308,49,,,1,70,,33309,49,,,1,30,,33310,49,,,1,70,,33311,49,,,1,30,,33312,49,,,1,70,,33313,49,,,1,30,,33314,49,,,1,70,,33315,49,,,1,30,,33316,49,,,1,70,,33317,49,,,1,30,,33318,49,,,1,70,,33319,49,,,1,30,,33320,49,,,1,70,,33321,49,,,1
600,'6-Weekday-11111100',559,,33359,30,,,1,70,,33357,49,,,1,30,,33322,49,,,1,73,,33323,49,,,1,72,,33324,49,,,1,30,,33325,49,,,1,70,,33326,49,,,1,30,,33327,49,,,1,70,,33328,49,,,1,29,,33329,49,,,1,70,,33330,49,,,1,30,,33331,49,,,1,70,,33332,49,,,1,30,,33333,49,,,1,70,,33334,49,,,1,30,,33335,49,,,1,70,,33336,49,,,1,30,,33337,49,,,1,74,,33338,49,,,1,31,,33339,49,,,1,70,,33340,49,,,1,30,,33341,49,,,1,70,,33342,49,,,1,30,,33343,49,,,1,70,,33344,49,,,1,25,,33345,49,,,1,68,,33346,49,,,1,30,,33347,49,,,1,70,,33348,49,,,1,30,,33349,49,,,1,70,,33350,49,,,1,30,,33351,49,,,1,70,,33352,49,,,1,27,,33353,49,,,1,31,,33354,49,,,1,70,,33355,49,,,1,30,,33356,49,,,1,70,,33358,49,,,1
900,'9-Holiday1-10000001',839,,34320,30,,,1,100,,34321,30,,,1,100,,34322,30,,,1,106,,34323,30,,,1,100,,34324,30,,,1,100,,34325,30,,,1,100,,34326,30,,,1,100,,34327,30,,,1,100,,34328,30,,,1,100,,34329,30,,,1,100,,34330,30,,,1,94,,34331,30,,,1,100,,34332,30,,,1,100,,34333,30,,,1,100,,34334,30,,,1,100,,34335,30,,,1
900,'9-Saturday-10000010',713,,34336,30,,,1,29,,34337,30,,,1,70,,34338,30,,,1,30,,34339,30,,,1,71,,34340,30,,,1,30,,34341,30,,,1,73,,34342,30,,,1,30,,34343,30,,,1,70,,34344,30,,,1,30,,34345,30,,,1,70,,34346,30,,,1,30,,34347,30,,,1,70,,34348,30,,,1,30,,34349,30,,,1,70,,34350,30,,,1,30,,34351,30,,,1,70,,34352,30,,,1,30,,34353,30,,,1,70,,34354,30,,,1,30,,34355,30,,,1,70,,34356,30,,,1,30,,34357,30,,,1,69,,34358,30,,,1,30,,34359,30,,,1,69,,34360,30,,,1,28,,34361,30,,,1,70,,34362,30,,,1,30,,34363,30,,,1,70,,34364,30,,,1,30,,34365,30,,,1,70,,34366,30,,,1,30,,34367,30,,,1,70,,34368,30,,,1,30,,34369,30,,,1,70,,34370,30,,,1
900,'9-Sunday-10000001',809,,34402,30,,,1,30,,34371,30,,,1,70,,34372,30,,,1,30,,34373,30,,,1,70,,34374,30,,,1,30,,34375,30,,,1,71,,34376,30,,,1,35,,34377,30,,,1,70,,34378,30,,,1,30,,34379,30,,,1,70,,34380,30,,,1,30,,34381,30,,,1,70,,34382,30,,,1,30,,34383,30,,,1,70,,34384,30,,,1,30,,34385,30,,,1,70,,34386,30,,,1,30,,34387,30,,,1,70,,34388,30,,,1,30,,34389,30,,,1,70,,34390,30,,,1,30,,34391,30,,,1,66,,34392,30,,,1,28,,34393,30,,,1,70,,34394,30,,,1,30,,34395,30,,,1,70,,34396,30,,,1,30,,34397,30,,,1,70,,34398,30,,,1,30,,34399,30,,,1,70,,34400,30,,,1,30,,34401,30,,,1
900,'9-Weekday-11111100',614,,34404,30,,,1,86,,34437,30,,,1,35,,34436,30,,,1,76,,34435,30,,,1,30,,34434,30,,,1,70,,34433,30,,,1,29,,34432,30,,,1,69,,34431,30,,,1,27,,34430,30,,,1,70,,34429,30,,,1,30,,34428,30,,,1,70,,34427,30,,,1,30,,34426,30,,,1,70,,34425,30,,,1,30,,34424,30,,,1,70,,34423,30,,,1,31,,34422,30,,,1,72,,34421,30,,,1,32,,34420,30,,,1,70,,34419,30,,,1,30,,34418,30,,,1,70,,34417,30,,,1,30,,34416,30,,,1,67,,34415,30,,,1,28,,34414,30,,,1,68,,34413,30,,,1,18,,34412,30,,,1,26,,34411,30,,,1,74,,34410,30,,,1,26,,34409,30,,,1,74,,34408,30,,,1,26,,34407,30,,,1,73,,34406,30,,,1,23,,34403,30,,,1,66,,34440,30,,,1,26,,34439,30,,,1,70,,34405,30,,,1,30,,34438,30,,,1
2101,'21-Saturday-10000010',710,,36423,27,,,1,30,,36424,27,,,1,70,,36399,27,,,1,30,,36400,27,,,1,70,,36401,27,,,1,30,,36402,27,,,1,70,,36403,27,,,1,30,,36404,27,,,1,70,,36405,27,,,1,30,,36406,27,,,1,70,,36407,27,,,1,30,,36408,27,,,1,70,,36409,27,,,1,30,,36410,27,,,1,70,,36411,27,,,1,30,,36412,27,,,1,70,,36413,27,,,1,30,,36414,27,,,1,70,,36415,27,,,1,30,,36416,27,,,1,70,,36417,27,,,1,30,,36418,27,,,1,70,,36419,27,,,1,30,,36420,27,,,1,70,,36421,27,,,1,30,,36422,27,,,1
2101,'21-Sunday-10000001',743,,36425,27,,,1,70,,36426,27,,,1,30,,36427,27,,,1,70,,36428,27,,,1,30,,36429,27,,,1,72,,36430,27,,,1,34,,36431,27,,,1,71,,36432,27,,,1,30,,36433,27,,,1,70,,36434,27,,,1,30,,36435,27,,,1,70,,36436,27,,,1,30,,36437,27,,,1,70,,36438,27,,,1,30,,36439,27,,,1,70,,36440,27,,,1,30,,36441,27,,,1,70,,36442,27,,,1,30,,36443,27,,,1,70,,36444,27,,,1,30,,36445,27,,,1,67,,36446,27,,,1,27,,36447,27,,,1,69,,36448,27,,,1
2101,'21-Weekday-11111100',616,,36453,27,,,1,93,,36461,27,,,1,35,,36454,27,,,1,71,,36451,27,,,1,30,,36452,27,,,1,70,,36462,27,,,1,30,,36455,27,,,1,67,,36470,27,,,1,31,,36465,27,,,1,70,,36471,27,,,1,30,,36469,27,,,1,70,,36472,27,,,1,30,,36468,27,,,1,70,,36473,27,,,1,30,,36467,27,,,1,70,,36474,27,,,1,32,,36456,27,,,1,72,,36475,27,,,1,30,,36457,27,,,1,70,,36463,27,,,1,30,,36458,27,,,1,70,,36464,27,,,1,30,,36466,27,,,1,68,,36459,27,,,1,29,,36449,27,,,1,67,,36460,27,,,1,30,,36450,27,,,1,70,,36478,27,,,1,30,,36479,27,,,1,70,,36480,27,,,1,30,,36477,27,,,1,69,,36476,27,,,1
