100,'1-Holiday1-10000001',829,,32428,31,,,1,100,,32429,31,,,1,30,,32430,31,,,1,71,,32431,31,,,1,70,,32432,31,,,1,30,,32433,31,,,1,70,,32434,31,,,1,30,,32435,31,,,1,70,,32436,31,,,1,30,,32437,31,,,1,70,,32438,31,,,1,30,,32439,31,,,1,70,,32440,31,,,1,30,,32441,31,,,1,70,,32442,31,,,1,30,,32443,31,,,1,70,,32444,31,,,1,30,,32445,31,,,1,70,,32446,31,,,1,29,,32447,31,,,1,100,,32448,31,,,1,100,,32449,31,,,1,100,,32450,31,,,1,100,,32451,31,,,1,100,,32452,31,,,1,100,,32453,31,,,1
100,'1-Saturday-10000010',629,,32454,31,,,1,30,,32455,31,,,1,70,,32456,31,,,1,30,,32457,31,,,1,70,,32458,31,,,1,30,,32459,31,,,1,71,,32460,31,,,1,70,,32461,31,,,1,30,,32462,31,,,1,70,,32463,31,,,1,30,,32464,31,,,1,70,,32465,31,,,1,30,,32466,31,,,1,70,,32467,31,,,1,30,,32468,31,,,1,70,,32469,31,,,1,30,,32470,31,,,1,70,,32471,31,,,1,30,,32472,31,,,1,70,,32473,31,,,1,30,,32474,31,,,1,70,,32475,31,,,1,30,,32476,31,,,1,70,,32477,31,,,1,29,,32478,31,,,1,30,,32479,31,,,1,70,,32480,31,,,1,30,,32481,31,,,1,70,,32482,31,,,1,30,,32483,31,,,1,70,,32484,31,,,1,30,,32485,31,,,1,70,,32486,31,,,1,30,,32487,31,,,1,70,,32488,31,,,1,100,,32489,31,,,1
100,'1-Sunday-10000001',829,,32490,31,,,1,100,,32491,31,,,1,30,,32492,31,,,1,71,,32493,31,,,1,70,,32494,31,,,1,30,,32495,31,,,1,70,,32496,31,,,1,30,,32497,31,,,1,70,,32498,31,,,1,30,,32499,31,,,1,70,,32500,31,,,1,30,,32501,31,,,1,70,,32502,31,,,1,30,,32503,31,,,1,70,,32504,31,,,1,30,,32505,31,,,1,70,,32506,31,,,1,30,,32507,31,,,1,70,,32508,31,,,1,29,,32509,31,,,1,100,,32510,31,,,1,100,,32511,31,,,1,100,,32512,31,,,1,100,,32513,31,,,1,100,,32514,31,,,1,100,,32515,31,,,1
100,'1-Weekday-11111100',558,,32552,31,,,1,70,,32549,31,,,1,30,,32550,31,,,1,56,,32553,31,,,1,18,,32516,31,,,1,70,,32517,31,,,1,30,,32518,31,,,1,70,,32519,31,,,1,30,,32520,31,,,1,70,,32521,31,,,1,30,,32530,31,,,1,70,,32531,31,,,1,30,,32532,31,,,1,70,,32533,31,,,1,30,,32534,31,,,1,70,,32535,31,,,1,30,,32536,31,,,1,70,,32537,31,,,1,30,,32538,31,,,1,70,,32522,31,,,1,30,,32523,31,,,1,70,,32524,31,,,1,30,,32525,31,,,1,70,,32526,31,,,1,30,,32527,31,,,1,70,,32528,31,,,1,28,,32529,31,,,1,70,,32539,31,,,1,30,,32540,31,,,1,70,,32541,31,,,1,30,,32542,31,,,1,70,,32543,31,,,1,30,,32544,31,,,1,70,,32545,31,,,1,28,,32546,31,,,1,30,,32547,31,,,1,70,,32548,31,,,1,100,,32551,31,,,1
801,'8-Holiday1-10000001',730,,34178,3,,,1,29,,34177,17,,,1,71,,34145,17,,,1,70,,34146,17,,,1,30,,34147,17,,,1,70,,34148,17,,,1,35,,34149,17,,,1,70,,34150,17,,,1,30,,34151,17,,,1,70,,34152,17,,,1,30,,34153,17,,,1,70,,34154,17,,,1,30,,34155,17,,,1,70,,34156,17,,,1,30,,34157,17,,,1,70,,34158,17,,,1,30,,34159,17,,,1,70,,34160,17,,,1,30,,34161,17,,,1,70,,34162,17,,,1,30,,34163,17,,,1,69,,34164,17,,,1,26,,34165,17,,,1,70,,34166,17,,,1,30,,34167,17,,,1,70,,34168,17,,,1,30,,34169,17,,,1,70,,34170,17,,,1,30,,34171,17,,,1,70,,34172,17,,,1,30,,34173,17,,,1,70,,34174,17,,,1,30,,34175,17,,,1,70,,34176,17,,,1
801,'8-Saturday-10000010',631,,34213,17,,,1,70,,34214,17,,,1,29,,34179,17,,,1,70,,34180,17,,,1,30,,34181,17,,,1,70,,34182,17,,,1,34,,34183,17,,,1,71,,34184,17,,,1,30,,34185,17,,,1,70,,34186,17,,,1,30,,34187,17,,,1,70,,34188,17,,,1,30,,34189,17,,,1,70,,34190,17,,,1,30,,34191,17,,,1,70,,34192,17,,,1,30,,34193,17,,,1,70,,34194,17,,,1,30,,34195,17,,,1,70,,34196,17,,,1,30,,34197,17,,,1,70,,34198,17,,,1,30,,34199,17,,,1,69,,34200,17,,,1,28,,34201,17,,,1,70,,34202,17,,,1,30,,34203,17,,,1,70,,34204,17,,,1,30,,34205,17,,,1,70,,34206,17,,,1,30,,34207,17,,,1,70,,34208,17,,,1,28,,34209,17,,,1,70,,34210,17,,,1,30,,34211,17,,,1,70,,34212,17,,,1
801,'8-Sunday-10000001',730,,34248,17,,,1,29,,34247,17,,,1,71,,34215,17,,,1,70,,34216,17,,,1,30,,34217,17,,,1,70,,34218,17,,,1,35,,34219,17,,,1,70,,34220,17,,,1,30,,34221,17,,,1,70,,34222,17,,,1,30,,34223,17,,,1,70,,34224,17,,,1,30,,34225,17,,,1,70,,34226,17,,,1,30,,34227,17,,,1,70,,34228,17,,,1,30,,34229,17,,,1,70,,34230,17,,,1,30,,34231,17,,,1,70,,34232,17,,,1,30,,34233,17,,,1,69,,34234,17,,,1,26,,34235,17,,,1,70,,34236,17,,,1,30,,34237,17,,,1,70,,34238,17,,,1,30,,34239,17,,,1,70,,34240,17,,,1,30,,34241,17,,,1,70,,34242,17,,,1,30,,34243,17,,,1,70,,34244,17,,,1,30,,34245,17,,,1,70,,34246,17,,,1
801,'8-Weekday-11111100',543,,34301,3,,,1,70,,34300,17,,,1,20,,34249,17,,,1,10,,34297,3,,,1,58,,34250,17,,,1,18,,34251,17,,,1,4,,34252,17,,,1,13,,34253,17,,,1,18,,34254,17,,,1,55,,34255,17,,,1,15,,34256,17,,,1,15,,34257,17,,,1,15,,34258,17,,,1,55,,34259,17,,,1,15,,34260,17,,,1,15,,34261,17,,,1,15,,34262,17,,,1,54,,34302,17,,,1,14,,34263,17,,,1,14,,34264,17,,,1,15,,34304,17,,,1,55,,34265,17,,,1,15,,34305,17,,,1,15,,34266,17,,,1,15,,34306,17,,,1,55,,34267,17,,,1,15,,34307,17,,,1,15,,34268,17,,,1,15,,34308,17,,,1,55,,34269,17,,,1,15,,34309,17,,,1,15,,34270,17,,,1,15,,34310,17,,,1,55,,34271,17,,,1,15,,34311,17,,,1,16,,34272,17,,,1,17,,34273,17,,,1,55,,34298,17,,,1,16,,34274,17,,,1,17,,34299,17,,,1,15,,34275,17,,,1,55,,34276,17,,,1,15,,34277,17,,,1,15,,34278,17,,,1,15,,34279,17,,,1,55,,34280,17,,,1,15,,34281,17,,,1,15,,34282,17,,,1,15,,34283,17,,,1,53,,34284,17,,,1,14,,34285,17,,,1,14,,34303,17,,,1,14,,34312,17,,,1,54,,34286,17,,,1,15,,34313,17,,,1,15,,34287,17,,,1,15,,34314,17,,,1,55,,34288,17,,,1,15,,34315,17,,,1,15,,34289,17,,,1,15,,34316,17,,,1,55,,34290,17,,,1,15,,34317,17,,,1,15,,34291,17,,,1,70,,34292,17,,,1,28,,34293,17,,,1,66,,34294,17,,,1,30,,34295,17,,,1,70,,34296,17,,,1
2000,'20-Holiday1-10000001',821,,36040,25,,,1,30,,36041,25,,,1,70,,36042,25,,,1,30,,36043,25,,,1,72,,36044,25,,,1,30,,36045,25,,,1,70,,36046,25,,,1,30,,36047,25,,,1,70,,36048,25,,,1,30,,36049,25,,,1,70,,36050,25,,,1,30,,36051,25,,,1,70,,36052,25,,,1,30,,36053,25,,,1,70,,36054,25,,,1,30,,36055,25,,,1,70,,36056,25,,,1,30,,36057,25,,,1,70,,36058,25,,,1,30,,36059,25,,,1,68,,36060,25,,,1,30,,36061,25,,,1,70,,36062,25,,,1,30,,36063,25,,,1,70,,36064,25,,,1,30,,36065,25,,,1,70,,36066,25,,,1,30,,36067,25,,,1,70,,36068,25,,,1,30,,36069,25,,,1,100,,36070,25,,,1
2000,'20-Saturday-10000010',626,,36071,25,,,1,30,,36072,25,,,1,70,,36073,25,,,1,30,,36074,25,,,1,70,,36075,25,,,1,30,,36076,25,,,1,73,,36077,25,,,1,30,,36078,25,,,1,70,,36079,25,,,1,30,,36080,25,,,1,70,,36081,25,,,1,30,,36082,25,,,1,70,,36083,25,,,1,30,,36084,25,,,1,70,,36085,25,,,1,30,,36086,25,,,1,70,,36087,25,,,1,30,,36088,25,,,1,70,,36089,25,,,1,30,,36090,25,,,1,70,,36091,25,,,1,30,,36092,25,,,1,70,,36093,25,,,1,30,,36094,25,,,1,67,,36095,25,,,1,30,,36096,25,,,1,70,,36097,25,,,1,30,,36098,25,,,1,70,,36099,25,,,1,30,,36100,25,,,1,70,,36101,25,,,1,30,,36102,25,,,1,70,,36103,25,,,1,30,,36104,25,,,1,70,,36105,25,,,1,30,,36106,25,,,1
2000,'20-Sunday-20000001',826,,36108,25,,,1,30,,36109,25,,,1,70,,36110,25,,,1,30,,36111,25,,,1,72,,36112,25,,,1,30,,36113,25,,,1,70,,36114,25,,,1,30,,36115,25,,,1,70,,36116,25,,,1,30,,36117,25,,,1,70,,36118,25,,,1,30,,36119,25,,,1,70,,36120,25,,,1,30,,36121,25,,,1,70,,36122,25,,,1,30,,36123,25,,,1,70,,36124,25,,,1,30,,36125,25,,,1,70,,36126,25,,,1,30,,36127,25,,,1,68,,36128,25,,,1,20,,36129,25,,,1,70,,36130,25,,,1,30,,36131,25,,,1,70,,36132,25,,,1,30,,36133,25,,,1,70,,36134,25,,,1,30,,36135,25,,,1,70,,36136,25,,,1,30,,36137,25,,,1,100,,36138,25,,,1
2000,'20-Weekday-11111100',552,,36151,25,,,1,70,,36152,25,,,1,15,,36178,25,,,1,15,,36153,25,,,1,75,,36175,25,,,1,30,,36174,25,,,1,70,,36141,25,,,1,30,,36142,25,,,1,70,,36143,25,,,1,29,,36176,25,,,1,70,,36154,25,,,1,30,,36155,25,,,1,70,,36156,25,,,1,30,,36157,25,,,1,70,,36158,25,,,1,30,,36159,25,,,1,70,,36160,25,,,1,30,,36161,25,,,1,70,,36162,25,,,1,82,,36144,25,,,1,30,,36145,25,,,1,70,,36146,25,,,1,30,,36147,25,,,1,70,,36148,25,,,1,30,,36149,25,,,1,69,,36150,25,,,1,17,,36163,25,,,1,30,,36177,25,,,1,70,,36164,25,,,1,30,,36165,25,,,1,70,,36166,25,,,1,30,,36167,25,,,1,70,,36168,25,,,1,30,,36169,25,,,1,68,,36170,25,,,1,30,,36171,25,,,1,70,,36172,25,,,1,30,,36173,25,,,1
