100,'1-Holiday1-10000001',828,,32428,30,,,1,100,,32429,30,,,1,30,,32430,30,,,1,71,,32431,30,,,1,30,,32432,30,,,1,70,,32433,30,,,1,30,,32434,30,,,1,70,,32435,30,,,1,30,,32436,30,,,1,70,,32437,30,,,1,30,,32438,30,,,1,70,,32439,30,,,1,30,,32440,30,,,1,70,,32441,30,,,1,30,,32442,30,,,1,70,,32443,30,,,1,30,,32444,30,,,1,70,,32445,30,,,1,30,,32446,30,,,1,69,,32447,30,,,1,100,,32448,30,,,1,100,,32449,30,,,1,100,,32450,30,,,1,100,,32451,30,,,1,100,,32452,30,,,1,100,,32453,30,,,1
100,'1-Saturday-10000010',628,,32454,30,,,1,30,,32455,30,,,1,70,,32456,30,,,1,30,,32457,30,,,1,70,,32458,30,,,1,30,,32459,30,,,1,71,,32460,30,,,1,30,,32461,30,,,1,70,,32462,30,,,1,30,,32463,30,,,1,70,,32464,30,,,1,30,,32465,30,,,1,70,,32466,30,,,1,30,,32467,30,,,1,70,,32468,30,,,1,30,,32469,30,,,1,70,,32470,30,,,1,30,,32471,30,,,1,70,,32472,30,,,1,30,,32473,30,,,1,70,,32474,30,,,1,30,,32475,30,,,1,70,,32476,30,,,1,30,,32477,30,,,1,69,,32478,30,,,1,30,,32479,30,,,1,70,,32480,30,,,1,30,,32481,30,,,1,70,,32482,30,,,1,30,,32483,30,,,1,70,,32484,30,,,1,30,,32485,30,,,1,70,,32486,30,,,1,30,,32487,30,,,1,70,,32488,30,,,1,100,,32489,30,,,1
100,'1-Sunday-10000001',828,,32490,30,,,1,100,,32491,30,,,1,30,,32492,30,,,1,71,,32493,30,,,1,30,,32494,30,,,1,70,,32495,30,,,1,30,,32496,30,,,1,70,,32497,30,,,1,30,,32498,30,,,1,70,,32499,30,,,1,30,,32500,30,,,1,70,,32501,30,,,1,30,,32502,30,,,1,70,,32503,30,,,1,30,,32504,30,,,1,70,,32505,30,,,1,30,,32506,30,,,1,70,,32507,30,,,1,30,,32508,30,,,1,69,,32509,30,,,1,100,,32510,30,,,1,100,,32511,30,,,1,100,,32512,30,,,1,100,,32513,30,,,1,100,,32514,30,,,1,100,,32515,30,,,1
100,'1-Weekday-11111100',557,,32552,30,,,1,70,,32549,30,,,1,30,,32550,30,,,1,56,,32553,30,,,1,18,,32516,30,,,1,70,,32517,30,,,1,30,,32518,30,,,1,70,,32519,30,,,1,30,,32520,30,,,1,70,,32521,30,,,1,30,,32530,30,,,1,70,,32531,30,,,1,30,,32532,30,,,1,70,,32533,30,,,1,30,,32534,30,,,1,70,,32535,30,,,1,30,,32536,30,,,1,70,,32537,30,,,1,30,,32538,30,,,1,70,,32522,30,,,1,30,,32523,30,,,1,70,,32524,30,,,1,30,,32525,30,,,1,70,,32526,30,,,1,30,,32527,30,,,1,70,,32528,30,,,1,28,,32529,30,,,1,30,,32539,30,,,1,70,,32540,30,,,1,30,,32541,30,,,1,70,,32542,30,,,1,30,,32543,30,,,1,70,,32544,30,,,1,30,,32545,30,,,1,68,,32546,30,,,1,30,,32547,30,,,1,70,,32548,30,,,1,100,,32551,30,,,1
300,'3-Saturday-10000010',624,,32681,17,4,,1,30,,32682,27,4,,1,70,,32683,27,4,,1,30,,32684,27,4,,1,70,,32685,27,4,,1,30,,32686,27,4,,1,71,,32687,27,4,,1,30,,32688,27,4,,1,70,,32689,27,4,,1,30,,32690,27,4,,1,70,,32691,27,4,,1,30,,32692,27,4,,1,70,,32693,27,4,,1,30,,32694,27,4,,1,70,,32695,27,4,,1,30,,32696,27,4,,1,70,,32697,27,4,,1,30,,32698,27,4,,1,70,,32699,27,4,,1,30,,32700,27,4,,1,70,,32701,27,4,,1,30,,32702,27,4,,1,70,,32703,27,4,,1,30,,32704,27,4,,1,68,,32705,27,4,,1,30,,32706,27,4,,1,70,,32707,27,4,,1,30,,32708,27,4,,1,70,,32709,27,4,,1,30,,32710,27,4,,1,100,,32711,27,4,,1,100,,32712,27,4,,1
300,'3-Sunday-10000001',851,,32713,27,4,,1,100,,32714,27,4,,1,73,,32715,27,4,,1,30,,32716,27,4,,1,70,,32717,27,4,,1,30,,32718,27,4,,1,70,,32719,27,4,,1,30,,32720,27,4,,1,70,,32721,27,4,,1,30,,32722,27,4,,1,70,,32723,27,4,,1,30,,32724,27,4,,1,70,,32725,27,4,,1,30,,32726,27,4,,1,70,,32727,27,4,,1,30,,32728,27,4,,1,70,,32729,27,4,,1,30,,32730,27,4,,1,69,,32735,27,4,,1,30,,32731,27,4,,1,70,,32736,27,4,,1,30,,32732,27,4,,1,70,,32737,27,4,,1,30,,32733,27,4,,1,100,,32738,27,4,,1,100,,32734,27,4,,1
300,'3-Weekday-11111100',555,,32771,17,4,,1,69,,32758,27,4,,1,30,,32757,27,4,,1,73,,32756,27,4,,1,30,,32755,27,4,,1,70,,32754,27,4,,1,30,,32753,27,4,,1,70,,32752,27,4,,1,29,,32751,27,4,,1,70,,32750,27,4,,1,30,,32749,27,4,,1,70,,32748,27,4,,1,30,,32747,27,4,,1,70,,32746,27,4,,1,30,,32745,27,4,,1,70,,32744,27,4,,1,30,,32743,27,4,,1,70,,32742,27,4,,1,83,,32741,27,4,,1,30,,32740,27,4,,1,70,,32739,27,4,,1,30,,32768,27,4,,1,70,,32767,27,4,,1,30,,32766,27,4,,1,68,,32765,27,4,,1,28,,32764,27,4,,1,20,,32763,27,4,,1,70,,32762,27,4,,1,30,,32761,27,4,,1,70,,32772,27,4,,1,30,,32760,27,4,,1,70,,32773,27,4,,1,30,,32759,27,4,,1,67,,32774,27,4,,1,30,,32770,27,4,,1,70,,32775,27,4,,1,30,,32769,27,4,,1
401,'4-Saturday-10000010',624,,32964,1,,,1,30,,32965,1,,,1,70,,32966,1,,,1,30,,32967,1,,,1,70,,32968,1,,,1,30,,32969,1,,,1,71,,32970,1,,,1,30,,32971,1,,,1,70,,32972,1,,,1,30,,32973,1,,,1,70,,32974,1,,,1,30,,32975,1,,,1,70,,32976,1,,,1,30,,32977,1,,,1,70,,32978,1,,,1,30,,32979,1,,,1,70,,32980,1,,,1,30,,32981,1,,,1,70,,32982,1,,,1,30,,32983,1,,,1,70,,32984,1,,,1,30,,32985,1,,,1,70,,32986,1,,,1,30,,32987,1,,,1,68,,32988,1,,,1,30,,32989,1,,,1,70,,32990,1,,,1,30,,32991,1,,,1,70,,32992,1,,,1,30,,32993,1,,,1,100,,32994,1,,,1,100,,32995,1,,,1
401,'4-Sunday-10000001',851,,32996,1,,,1,100,,32997,1,,,1,73,,32998,1,,,1,30,,32999,1,,,1,70,,33000,1,,,1,30,,33001,1,,,1,70,,33002,1,,,1,30,,33003,1,,,1,70,,33004,1,,,1,30,,33005,1,,,1,70,,33006,1,,,1,30,,33007,1,,,1,70,,33008,1,,,1,30,,33009,1,,,1,70,,33010,1,,,1,30,,33011,1,,,1,70,,33012,1,,,1,30,,33013,1,,,1,69,,33021,1,,,1,30,,33014,1,,,1,70,,33019,1,,,1,30,,33015,1,,,1,70,,33020,1,,,1,30,,33016,1,,,1,100,,33017,1,,,1,100,,33018,1,,,1
401,'4-Weekday-11111100',555,,33054,1,,,1,69,,33037,1,,,1,30,,33038,1,,,1,73,,33039,1,,,1,30,,33040,1,,,1,70,,33041,1,,,1,30,,33042,1,,,1,70,,33043,1,,,1,29,,33044,1,,,1,70,,33045,1,,,1,30,,33046,1,,,1,70,,33048,1,,,1,30,,33047,1,,,1,70,,33049,1,,,1,30,,33050,1,,,1,70,,33051,1,,,1,30,,33052,1,,,1,70,,33053,1,,,1,83,,33029,1,,,1,30,,33030,1,,,1,70,,33031,1,,,1,30,,33032,1,,,1,70,,33033,1,,,1,30,,33034,1,,,1,68,,33035,1,,,1,28,,33036,1,,,1,20,,33023,1,,,1,70,,33024,1,,,1,30,,33025,1,,,1,70,,33055,1,,,1,30,,33026,1,,,1,70,,33056,1,,,1,30,,33027,1,,,1,67,,33057,1,,,1,30,,33028,1,,,1,70,,33058,1,,,1,30,,33022,1,,,1
20400,'204-Holiday1-10000001',734,,41627,15,,,1,70,,41628,15,,,1,30,,41629,15,,,1,70,,41630,15,,,1,30,,41631,15,,,1,70,,41632,15,,,1,30,,41633,15,,,1,70,,41634,15,,,1,30,,41635,15,,,1,70,,41626,15,,,1,30,,41636,15,,,1,70,,41637,15,,,1,30,,41638,15,,,1,70,,41639,15,,,1,30,,41640,15,,,1,70,,41641,15,,,1,30,,41642,15,,,1,70,,41643,15,,,1,30,,41644,15,,,1,70,,41645,15,,,1,30,,41646,15,,,1,70,,41647,15,,,1,30,,41648,15,,,1,70,,41649,15,,,1,30,,41650,15,,,1,70,,41651,15,,,1,30,,41652,15,,,1,70,,41653,15,,,1,30,,41654,15,,,1,70,,41655,15,,,1,30,,41656,15,,,1,70,,41657,15,,,1,30,,41658,15,,,1,70,,41659,15,,,1
20400,'204-Saturday-10000010',634,,41660,15,,,1,70,,41661,15,,,1,30,,41662,15,,,1,70,,41663,15,,,1,30,,41664,15,,,1,71,,41665,15,,,1,31,,41666,15,,,1,70,,41667,15,,,1,30,,41668,15,,,1,70,,41669,15,,,1,30,,41670,15,,,1,70,,41671,15,,,1,30,,41672,15,,,1,70,,41673,15,,,1,30,,41674,15,,,1,70,,41675,15,,,1,30,,41676,15,,,1,70,,41677,15,,,1,30,,41678,15,,,1,70,,41679,15,,,1,30,,41680,15,,,1,70,,41681,15,,,1,30,,41682,15,,,1,70,,41683,15,,,1,29,,41684,15,,,1,70,,41685,15,,,1,30,,41686,15,,,1,70,,41687,15,,,1,30,,41688,15,,,1,70,,41689,15,,,1,30,,41690,15,,,1,70,,41691,15,,,1,30,,41692,15,,,1,70,,41693,15,,,1,30,,41694,15,,,1,70,,41695,15,,,1
20400,'204-Sunday-10000001',734,,41697,15,,,1,70,,41698,15,,,1,30,,41699,15,,,1,70,,41700,15,,,1,30,,41701,15,,,1,70,,41702,15,,,1,31,,41703,15,,,1,70,,41704,15,,,1,30,,41705,15,,,1,70,,41696,15,,,1,30,,41706,15,,,1,70,,41707,15,,,1,30,,41708,15,,,1,70,,41709,15,,,1,30,,41710,15,,,1,70,,41711,15,,,1,30,,41712,15,,,1,70,,41713,15,,,1,30,,41714,15,,,1,70,,41715,15,,,1,30,,41716,15,,,1,70,,41717,15,,,1,29,,41718,15,,,1,70,,41719,15,,,1,30,,41720,15,,,1,70,,41721,15,,,1,30,,41722,15,,,1,70,,41723,15,,,1,30,,41724,15,,,1,70,,41725,15,,,1,30,,41726,15,,,1,70,,41727,15,,,1,30,,41728,15,,,1,70,,41729,15,,,1
20400,'204-Weekday-11111100',605,,41788,15,,,1,30,,41730,15,,,1,71,,41731,15,,,1,18,,41732,15,,,1,15,,41733,15,,,1,15,,41734,15,,,1,55,,41735,15,,,1,15,,41736,15,,,1,15,,41737,15,,,1,15,,41738,15,,,1,55,,41739,15,,,1,15,,41740,15,,,1,14,,41741,15,,,1,14,,41742,15,,,1,55,,41743,15,,,1,15,,41744,15,,,1,15,,41745,15,,,1,15,,41746,15,,,1,55,,41747,15,,,1,15,,41748,15,,,1,15,,41749,15,,,1,15,,41750,15,,,1,55,,41751,15,,,1,15,,41752,15,,,1,15,,41753,15,,,1,15,,41754,15,,,1,55,,41755,15,,,1,15,,41756,15,,,1,15,,41757,15,,,1,15,,41758,15,,,1,55,,41759,15,,,1,15,,41760,15,,,1,16,,41761,15,,,1,16,,41762,15,,,1,55,,41763,15,,,1,15,,41764,15,,,1,15,,41765,15,,,1,15,,41766,15,,,1,55,,41767,15,,,1,15,,41768,15,,,1,15,,41769,15,,,1,15,,41770,15,,,1,55,,41771,15,,,1,15,,41772,15,,,1,15,,41773,15,,,1,15,,41774,15,,,1,54,,41775,15,,,1,14,,41789,15,,,1,15,,41776,15,,,1,70,,41777,15,,,1,30,,41778,15,,,1,70,,41779,15,,,1,30,,41780,15,,,1,70,,41781,15,,,1,30,,41782,15,,,1,70,,41783,15,,,1,28,,41784,15,,,1,70,,41785,15,,,1,30,,41786,15,,,1,70,,41787,15,,,1
