5000,'50-Holiday1-20000001',816,,38185,2,,,1,100,,38184,2,,,1,100,,38183,2,,,1,100,,38182,2,,,1,100,,38181,2,,,1,100,,38180,2,,,1,100,,38179,2,,,1,100,,38178,2,,,1,100,,38177,2,,,1,100,,38176,2,,,1,100,,38175,2,,,1,100,,38174,2,,,1,100,,38173,2,,,1,100,,38172,2,,,1,100,,38171,2,,,1,100,,38170,2,,,1
5000,'50-Saturday-10000010',646,,38186,2,,,1,70,,38187,2,,,1,30,,38188,2,,,1,70,,38189,2,,,1,30,,38190,2,,,1,70,,38191,2,,,1,30,,38192,2,,,1,70,,38193,2,,,1,30,,38194,2,,,1,70,,38195,2,,,1,30,,38196,2,,,1,70,,38197,2,,,1,30,,38198,2,,,1,70,,38199,2,,,1,30,,38200,2,,,1,70,,38201,2,,,1,30,,38202,2,,,1,70,,38203,2,,,1,30,,38204,2,,,1,70,,38205,2,,,1,30,,38206,2,,,1,70,,38207,2,,,1,30,,38214,2,,,1,70,,38216,2,,,1,30,,38215,2,,,1,70,,38213,2,,,1,30,,38217,2,,,1,70,,38212,2,,,1,30,,38211,2,,,1,70,,38218,2,,,1,30,,38210,2,,,1,70,,38209,2,,,1,30,,38208,2,,,1
5000,'50-Sunday-10000001',816,,38239,2,,,1,85,,38238,2,,,1,45,,38237,2,,,1,85,,38236,2,,,1,85,,38235,2,,,1,85,,38234,2,,,1,45,,38233,2,,,1,85,,38232,2,,,1,85,,38231,2,,,1,85,,38230,2,,,1,45,,38229,2,,,1,85,,38228,2,,,1,85,,38227,2,,,1,85,,38226,2,,,1,45,,38225,2,,,1,85,,38224,2,,,1,85,,38223,2,,,1,85,,38222,2,,,1,45,,38221,2,,,1,85,,38220,2,,,1,85,,38219,2,,,1
5000,'50-Weekday-11111100',546,,38240,2,,,1,70,,38241,2,,,1,30,,38242,2,,,1,70,,38243,2,,,1,30,,38244,2,,,1,70,,38245,2,,,1,30,,38246,2,,,1,70,,38247,2,,,1,30,,38248,2,,,1,70,,38249,2,,,1,30,,38250,2,,,1,70,,38251,2,,,1,30,,38252,2,,,1,70,,38253,2,,,1,30,,38254,2,,,1,70,,38255,2,,,1,30,,38256,2,,,1,70,,38257,2,,,1,20,,38258,2,,,1,70,,38259,2,,,1,30,,38260,2,,,1,70,,38261,2,,,1,30,,38262,2,,,1,70,,38263,2,,,1,30,,38264,2,,,1,80,,38265,2,,,1,30,,38266,2,,,1,70,,38267,2,,,1,30,,38268,2,,,1,70,,38269,2,,,1,30,,38270,2,,,1,70,,38271,2,,,1,30,,38272,2,,,1,70,,38273,2,,,1
5300,'53-Holiday1-10000001',831,,38743,2,,,1,100,,38744,2,,,1,100,,38745,2,,,1,100,,38746,2,,,1,100,,38747,2,,,1,100,,38748,2,,,1,100,,38749,2,,,1,100,,38750,2,,,1,100,,38751,2,,,1,100,,38752,2,,,1,100,,38753,2,,,1,100,,38754,2,,,1,100,,38755,2,,,1,100,,38756,2,,,1,100,,38757,2,,,1,100,,38758,2,,,1
5300,'53-Saturday-10000010',701,,38759,2,,,1,30,,38760,2,,,1,70,,38761,2,,,1,30,,38762,2,,,1,70,,38763,2,,,1,30,,38764,2,,,1,70,,38765,2,,,1,30,,38766,2,,,1,70,,38767,2,,,1,30,,38768,2,,,1,70,,38769,2,,,1,30,,38770,2,,,1,70,,38771,2,,,1,30,,38772,2,,,1,70,,38773,2,,,1,30,,38774,2,,,1,70,,38775,2,,,1,30,,38776,2,,,1,70,,38777,2,,,1,30,,38778,2,,,1,70,,38779,2,,,1,30,,38780,2,,,1,70,,38781,2,,,1,30,,38782,2,,,1,100,,38783,2,,,1,100,,38784,2,,,1,100,,38785,2,,,1,100,,38786,2,,,1,100,,38787,2,,,1
5300,'53-Sunday-10000001',801,,38788,2,,,1,100,,38789,2,,,1,100,,38790,2,,,1,30,,38791,2,,,1,70,,38792,2,,,1,30,,38793,2,,,1,70,,38794,2,,,1,30,,38795,2,,,1,70,,38796,2,,,1,30,,38797,2,,,1,70,,38798,2,,,1,30,,38799,2,,,1,70,,38800,2,,,1,30,,38801,2,,,1,70,,38802,2,,,1,30,,38803,2,,,1,70,,38804,2,,,1,30,,38805,2,,,1,100,,38806,2,,,1,100,,38807,2,,,1,100,,38808,2,,,1,100,,38809,2,,,1,100,,38810,2,,,1,100,,38811,2,,,1
5300,'53-Weekday-11111100',601,,38839,2,,,1,30,,38840,2,,,1,70,,38841,2,,,1,30,,38842,2,,,1,70,,38843,2,,,1,30,,38828,2,,,1,70,,38829,2,,,1,30,,38830,2,,,1,70,,38821,2,,,1,30,,38822,2,,,1,70,,38823,2,,,1,30,,38824,2,,,1,70,,38825,2,,,1,30,,38826,2,,,1,70,,38827,2,,,1,30,,38846,2,,,1,75,,38831,2,,,1,35,,38847,2,,,1,70,,38834,2,,,1,30,,38838,2,,,1,70,,38837,2,,,1,30,,38836,2,,,1,70,,38835,2,,,1,30,,38844,2,,,1,60,,38845,2,,,1,30,,38820,2,,,1,70,,38814,2,,,1,30,,38815,2,,,1,70,,38816,2,,,1,30,,38817,2,,,1,70,,38813,2,,,1,30,,38812,2,,,1,70,,38833,2,,,1,30,,38832,2,,,1,70,,38818,2,,,1,35,,38819,2,,,1
5501,'55-Holiday1-11111111',816,,39057,2,,,1,100,,39058,2,,,1,100,,39059,2,,,1,100,,39060,2,,,1,100,,39061,2,,,1,100,,39062,2,,,1,100,,39063,2,,,1,100,,39064,2,,,1,100,,39065,2,,,1,100,,39066,2,,,1,100,,39067,2,,,1,100,,39068,2,,,1,100,,39069,2,,,1,100,,39070,2,,,1,100,,39071,2,,,1,100,,39072,2,,,1
5501,'55-Saturday-10000010',646,,39099,2,,,1,70,,39073,2,,,1,30,,39098,2,,,1,70,,39074,2,,,1,30,,39090,2,,,1,70,,39075,2,,,1,30,,39106,2,,,1,70,,39076,2,,,1,30,,39091,2,,,1,70,,39084,2,,,1,30,,39107,2,,,1,70,,39083,2,,,1,30,,39097,2,,,1,70,,39082,2,,,1,30,,39100,2,,,1,70,,39081,2,,,1,30,,39096,2,,,1,70,,39080,2,,,1,30,,39101,2,,,1,70,,39079,2,,,1,30,,39095,2,,,1,70,,39078,2,,,1,30,,39102,2,,,1,70,,39077,2,,,1,30,,39094,2,,,1,70,,39085,2,,,1,30,,39103,2,,,1,70,,39086,2,,,1,30,,39093,2,,,1,70,,39087,2,,,1,30,,39104,2,,,1,70,,39088,2,,,1,30,,39092,2,,,1,70,,39089,2,,,1,30,,39105,2,,,1
5501,'55-Sunday-10000001',816,,39108,2,,,1,100,,39109,2,,,1,100,,39110,2,,,1,100,,39111,2,,,1,100,,39112,2,,,1,100,,39113,2,,,1,100,,39114,2,,,1,100,,39115,2,,,1,100,,39116,2,,,1,100,,39117,2,,,1,100,,39118,2,,,1,100,,39119,2,,,1,100,,39120,2,,,1,100,,39121,2,,,1,100,,39122,2,,,1,100,,39123,2,,,1
5501,'55-Weekday-11111100',546,,39151,2,,,1,70,,39124,2,,,1,30,,39152,2,,,1,70,,39136,2,,,1,30,,39142,2,,,1,70,,39135,2,,,1,30,,39153,2,,,1,70,,39134,2,,,1,30,,39143,2,,,1,70,,39133,2,,,1,30,,39154,2,,,1,70,,39132,2,,,1,30,,39144,2,,,1,70,,39131,2,,,1,30,,39155,2,,,1,70,,39130,2,,,1,30,,39145,2,,,1,70,,39129,2,,,1,30,,39156,2,,,1,70,,39128,2,,,1,30,,39146,2,,,1,70,,39127,2,,,1,30,,39157,2,,,1,70,,39126,2,,,1,30,,39147,2,,,1,70,,39125,2,,,1,30,,39158,2,,,1,70,,39137,2,,,1,30,,39148,2,,,1,70,,39138,2,,,1,30,,39159,2,,,1,70,,39139,2,,,1,30,,39149,2,,,1,70,,39140,2,,,1,30,,39160,2,,,1,70,,39141,2,,,1,30,,39150,2,,,1
6300,'63-Holiday1-10000001',846,,40114,2,,,1,100,,40115,2,,,1,100,,40116,2,,,1,100,,40117,2,,,1,100,,40118,2,,,1,100,,40119,2,,,1,100,,40120,2,,,1,100,,40121,2,,,1,100,,40122,2,,,1,100,,40123,2,,,1,100,,40124,2,,,1,100,,40125,2,,,1,100,,40126,2,,,1,100,,40127,2,,,1,100,,40128,2,,,1
6300,'63-Saturday-10000010',631,,40129,2,,,1,70,,40130,2,,,1,30,,40131,2,,,1,70,,40132,2,,,1,30,,40133,2,,,1,70,,40157,2,,,1,30,,40134,2,,,1,70,,40135,2,,,1,30,,40136,2,,,1,70,,40137,2,,,1,30,,40138,2,,,1,70,,40139,2,,,1,30,,40140,2,,,1,70,,40141,2,,,1,30,,40142,2,,,1,70,,40143,2,,,1,30,,40144,2,,,1,70,,40145,2,,,1,30,,40146,2,,,1,70,,40147,2,,,1,30,,40148,2,,,1,70,,40149,2,,,1,30,,40150,2,,,1,70,,40151,2,,,1,30,,40158,2,,,1,70,,40152,2,,,1,30,,40159,2,,,1,70,,40153,2,,,1,30,,40160,2,,,1,70,,40154,2,,,1,30,,40161,2,,,1,70,,40155,2,,,1,30,,40162,2,,,1,70,,40156,2,,,1
6300,'63-Sunday-10000001',846,,40163,2,,,1,100,,40164,2,,,1,100,,40165,2,,,1,100,,40166,2,,,1,100,,40167,2,,,1,100,,40168,2,,,1,100,,40169,2,,,1,100,,40170,2,,,1,100,,40171,2,,,1,100,,40172,2,,,1,100,,40173,2,,,1,100,,40174,2,,,1,100,,40175,2,,,1,100,,40176,2,,,1,100,,40177,2,,,1
6300,'63-Weekday-11111100',601,,40178,2,,,1,30,,40179,2,,,1,70,,40212,2,,,1,30,,40180,2,,,1,70,,40181,2,,,1,30,,40182,2,,,1,70,,40183,2,,,1,30,,40184,2,,,1,70,,40185,2,,,1,30,,40186,2,,,1,70,,40187,2,,,1,30,,40188,2,,,1,70,,40189,2,,,1,30,,40190,2,,,1,70,,40191,2,,,1,30,,40192,2,,,1,70,,40193,2,,,1,35,,40194,2,,,1,70,,40195,2,,,1,30,,40196,2,,,1,70,,40197,2,,,1,30,,40198,2,,,1,70,,40199,2,,,1,30,,40200,2,,,1,70,,40201,2,,,1,30,,40202,2,,,1,65,,40203,2,,,1,30,,40204,2,,,1,70,,40205,2,,,1,30,,40206,2,,,1,70,,40207,2,,,1,30,,40208,2,,,1,70,,40209,2,,,1,30,,40210,2,,,1,70,,40211,2,,,1
