1001,'10-Weekday-11111100',706,,34846,18,0,34 35,1,31,,34812,18,0,34 35,1,70,,34814,18,0,34 35,1,30,,34816,18,0,34 35,1,70,,34818,18,0,34 35,1,29,,34820,18,0,34 35,1,69,,34823,18,0,34 35,1,30,,34824,18,0,34 35,1,70,,34825,18,0,34 35,1,30,,34826,18,0,34 35,1,70,,34827,18,0,34 35,1,30,,34828,18,0,34 35,1,70,,34829,18,0,34 35,1,30,,34830,18,0,34 35,1,70,,34831,18,0,34 35,1,30,,34832,18,0,34 35,1,73,,34822,18,0,34 35,1,30,,34801,18,0,34 35,1,70,,34787,18,0,34 35,1,30,,34797,18,0,34 35,1,70,,34795,18,0,34 35,1,30,,34793,18,0,34 35,1,70,,34833,18,0,34 35,1
1601,'16-Holiday1-10000001',903,,35636,54,,,1,100,,35637,54,,,1,105,,35638,54,,,1,100,,35639,54,,,1,100,,35640,54,,,1,100,,35641,54,,,1,100,,35642,54,,,1,100,,35643,54,,,1,100,,35644,54,,,1,100,,35645,54,,,1,98,,35646,54,,,1,101,,35647,54,,,1,100,,35648,54,,,1,100,,35649,54,,,1,100,,35650,54,,,1,100,,35651,54,,,1
1601,'16-Saturday-10000010',708,,35652,27,,,1,30,,35653,54,,,1,70,,35654,54,,,1,30,,35655,54,,,1,71,,35656,54,,,1,31,,35657,54,,,1,74,,35658,54,,,1,33,,35659,54,,,1,70,,35660,54,,,1,30,,35661,54,,,1,70,,35662,54,,,1,30,,35663,54,,,1,70,,35664,54,,,1,30,,35665,54,,,1,70,,35666,54,,,1,30,,35667,54,,,1,70,,35668,54,,,1,30,,35669,54,,,1,70,,35670,54,,,1,30,,35671,54,,,1,70,,35672,54,,,1,30,,35673,54,,,1,69,,35674,54,,,1,28,,35675,54,,,1,68,,35676,54,,,1,28,,35677,54,,,1,70,,35678,54,,,1,30,,35679,54,,,1,70,,35680,54,,,1,30,,35681,54,,,1,70,,35682,54,,,1,30,,35683,54,,,1,70,,35684,54,,,1,30,,35685,54,,,1,70,,35687,54,,,1
1601,'16-Sunday-10000001',833,,35688,54,,,1,70,,35689,54,,,1,30,,35690,54,,,1,70,,35691,54,,,1,31,,35692,54,,,1,74,,35693,54,,,1,30,,35694,54,,,1,70,,35695,54,,,1,30,,35696,54,,,1,70,,35697,54,,,1,30,,35698,54,,,1,70,,35699,54,,,1,30,,35700,54,,,1,70,,35701,54,,,1,30,,35702,54,,,1,70,,35703,54,,,1,30,,35704,54,,,1,70,,35705,54,,,1,30,,35706,54,,,1,70,,35707,54,,,1,31,,35708,54,,,1,67,,35709,54,,,1,31,,35710,54,,,1,70,,35711,54,,,1,30,,35712,54,,,1,70,,35713,54,,,1,30,,35714,54,,,1,70,,35715,54,,,1,30,,35716,54,,,1,70,,35717,54,,,1,30,,35718,54,,,1,70,,35719,54,,,1
1601,'16-Weekday-11111100',634,,35721,54,,,1,72,,35722,54,,,1,11,,35758,54,,,1,19,,35723,54,,,1,20,,35762,54,,,1,55,,35724,54,,,1,17,,35759,54,,,1,16,,35725,54,,,1,15,,35760,54,,,1,55,,35726,54,,,1,15,,35761,54,,,1,15,,35727,54,,,1,56,,35771,54,,,1,15,,35728,54,,,1,16,,35777,54,,,1,16,,35729,54,,,1,55,,35778,54,,,1,14,,35730,54,,,1,16,,35779,54,,,1,15,,35731,54,,,1,55,,35780,54,,,1,15,,35732,54,,,1,15,,35781,54,,,1,15,,35733,54,,,1,55,,35782,54,,,1,15,,35734,54,,,1,15,,35783,54,,,1,15,,35735,54,,,1,55,,35784,54,,,1,15,,35736,54,,,1,16,,35785,54,,,1,15,,35737,54,,,1,55,,35786,54,,,1,17,,35738,54,,,1,15,,35768,54,,,1,15,,35739,54,,,1,57,,35763,54,,,1,15,,35740,54,,,1,16,,35764,54,,,1,15,,35741,54,,,1,55,,35765,54,,,1,15,,35742,54,,,1,15,,35766,54,,,1,15,,35743,54,,,1,54,,35767,54,,,1,15,,35744,54,,,1,13,,35757,54,,,1,13,,35745,54,,,1,54,,35769,54,,,1,13,,35746,54,,,1,13,,35772,54,,,1,15,,35747,54,,,1,14,,35748,54,,,1,55,,35773,54,,,1,15,,35749,54,,,1,15,,35776,54,,,1,15,,35750,54,,,1,55,,35774,54,,,1,15,,35751,54,,,1,15,,35775,54,,,1,15,,35752,54,,,1,53,,35787,54,,,1,14,,35753,54,,,1,31,,35754,54,,,1,67,,35755,54,,,1,13,,35756,54,,,1
3600,'36-Saturday-10000010',740,,38011,14,,,1,70,,38023,14,,,1,30,,38012,14,,,1,71,,38024,14,,,1,29,,38013,14,,,1,70,,38025,14,,,1,30,,38014,14,,,1,70,,38026,14,,,1,30,,38015,14,,,1,70,,38027,14,,,1,30,,38016,14,,,1,70,,38028,14,,,1,30,,38017,14,,,1,70,,38029,14,,,1,30,,38018,14,,,1,70,,38030,14,,,1,30,,38019,14,,,1,70,,38031,14,,,1,30,,38020,14,,,1,70,,38032,14,,,1,30,,38021,14,,,1,69,,38033,14,,,1,32,,38022,14,,,1,70,,38034,14,,,1,30,,38035,14,,,1
3600,'36-Sunday-10000001',839,,38036,14,,,1,70,,38037,14,,,1,30,,38038,14,,,1,71,,38039,14,,,1,30,,38040,14,,,1,75,,38041,14,,,1,30,,38042,14,,,1,70,,38043,14,,,1,30,,38044,14,,,1,70,,38045,14,,,1,30,,38046,14,,,1,70,,38047,14,,,1,30,,38048,14,,,1,70,,38049,14,,,1,30,,38050,14,,,1,70,,38051,14,,,1,30,,38052,14,,,1,70,,38053,14,,,1,30,,38054,14,,,1,65,,38055,14,,,1,29,,38056,14,,,1,70,,38057,14,,,1
3600,'36-Weekday-11111100',626,,38082,14,,,1,99,,38060,14,,,1,30,,38059,14,,,1,70,,38074,14,,,1,30,,38073,14,,,1,70,,38072,14,,,1,30,,38071,14,,,1,70,,38070,14,,,1,30,,38069,14,,,1,70,,38068,14,,,1,30,,38067,14,,,1,70,,38066,14,,,1,30,,38065,14,,,1,70,,38064,14,,,1,30,,38063,14,,,1,70,,38062,14,,,1,31,,38061,14,,,1,70,,38081,14,,,1,30,,38086,14,,,1,70,,38080,14,,,1,30,,38079,14,,,1,70,,38078,14,,,1,30,,38077,14,,,1,69,,38076,14,,,1,30,,38075,14,,,1,70,,38089,14,,,1,30,,38084,14,,,1,70,,38088,14,,,1,30,,38083,14,,,1,70,,38058,14,,,1,30,,38085,14,,,1,68,,38087,14,,,1,30,,38090,14,,,1
5701,'57-Saturday-10000010',751,,39446,17,,,1,100,,39445,17,,,1,101,,39439,17,,,1,100,,39438,17,,,1,100,,39443,17,,,1,100,,39442,17,,,1,100,,39441,17,,,1,100,,39440,17,,,1,100,,39444,17,,,1,100,,39449,17,,,1,100,,39448,17,,,1,100,,39447,17,,,1
5701,'57-Weekday-11111100',650,,39477,17,,,1,74,,39450,17,,,1,30,,39451,17,,,1,70,,39452,17,,,1,30,,39453,17,,,1,70,,39454,17,,,1,28,,39455,17,,,1,70,,39456,17,,,1,30,,39457,17,,,1,70,,39458,17,,,1,30,,39460,17,,,1,70,,39459,17,,,1,30,,39461,17,,,1,70,,39462,17,,,1,30,,39463,17,,,1,70,,39464,17,,,1,33,,39465,17,,,1,70,,39467,17,,,1,30,,39466,17,,,1,70,,39468,17,,,1,30,,39469,17,,,1,70,,39470,17,,,1,30,,39471,17,,,1,67,,39472,17,,,1,30,,39473,17,,,1,70,,39478,17,,,1,30,,39474,17,,,1,70,,39479,17,,,1,30,,39475,17,,,1,70,,39481,17,,,1,30,,39476,17,,,1,70,,39480,17,,,1
6101,'61-Holiday1-21111111',832,,39938,25,,,1,100,,39939,25,,,1,104,,39940,25,,,1,100,,39941,25,,,1,100,,39942,25,,,1,100,,39943,25,,,1,100,,39944,25,,,1,100,,39945,25,,,1,100,,39946,25,,,1,100,,39947,25,,,1,96,,39948,25,,,1,100,,39949,25,,,1,100,,39950,25,,,1,100,,39951,25,,,1,100,,39952,25,,,1
6101,'61-Saturday-10000010',710,,39976,25,,,1,30,,39977,25,,,1,70,,39978,25,,,1,28,,39987,18,,,1,2,,39979,25,,,1,69,,39980,25,,,1,31,,39981,25,,,1,70,,39982,25,,,1,30,,39983,25,,,1,70,,39986,25,,,1,30,,39984,25,,,1,70,,39985,25,,,1,30,,39956,25,,,1,70,,39955,25,,,1,30,,39957,25,,,1,70,,39954,25,,,1,30,,39958,25,,,1,70,,39959,25,,,1,30,,39960,25,,,1,70,,39961,25,,,1,30,,39962,25,,,1,70,,39963,25,,,1,30,,39975,25,,,1,71,,39974,25,,,1,30,,39973,25,,,1,70,,39972,25,,,1,30,,39971,25,,,1,70,,39970,25,,,1,30,,39969,25,,,1,70,,39968,25,,,1,30,,39967,25,,,1,70,,39966,25,,,1,30,,39965,25,,,1,70,,39964,25,,,1
6101,'61-Sunday-10000001',837,,40017,25,,,1,70,,40016,25,,,1,30,,40015,25,,,1,71,,40014,25,,,1,33,,40013,25,,,1,70,,40012,25,,,1,30,,39997,25,,,1,70,,39998,25,,,1,30,,39999,25,,,1,70,,40000,25,,,1,30,,40001,25,,,1,70,,40002,25,,,1,30,,40003,25,,,1,70,,40004,25,,,1,30,,40005,25,,,1,70,,40006,25,,,1,30,,40008,25,,,1,70,,40009,25,,,1,30,,40010,25,,,1,69,,40007,25,,,1,27,,40011,25,,,1,70,,39991,25,,,1,30,,39990,25,,,1,70,,39996,25,,,1,30,,39989,25,,,1,70,,39995,25,,,1,30,,39994,25,,,1,70,,39992,25,,,1,30,,39993,25,,,1
6101,'61-Weekday-21111100',639,,40035,25,,,1,69,,40041,25,,,1,17,,40065,25,,,1,15,,40042,25,,,1,15,,40054,25,,,1,55,,40043,25,,,1,15,,40063,25,,,1,15,,40044,25,,,1,15,,40047,25,,,1,55,,40045,25,,,1,15,,40060,25,,,1,15,,40046,25,,,1,15,,40053,25,,,1,55,,40038,25,,,1,15,,40059,25,,,1,15,,40039,25,,,1,15,,40052,25,,,1,55,,40040,25,,,1,15,,40058,25,,,1,15,,40037,25,,,1,15,,40051,25,,,1,55,,40036,25,,,1,15,,40066,25,,,1,15,,40020,25,,,1,15,,40057,25,,,1,55,,40021,25,,,1,15,,40050,25,,,1,15,,40022,25,,,1,15,,40056,25,,,1,55,,40023,25,,,1,15,,40069,25,,,1,17,,40024,25,,,1,58,,40062,25,,,1,15,,40025,25,,,1,15,,40049,25,,,1,15,,40026,25,,,1,55,,40067,25,,,1,15,,40027,25,,,1,15,,40068,25,,,1,15,,40028,25,,,1,55,,40070,25,,,1,15,,40029,25,,,1,15,,40048,25,,,1,15,,40030,25,,,1,55,,40055,25,,,1,14,,40031,25,,,1,11,,40061,25,,,1,30,,40064,25,,,1,70,,40074,25,,,1,30,,40071,25,,,1,70,,40072,25,,,1,30,,40073,25,,,1,70,,40075,25,,,1,30,,40032,25,,,1,68,,40033,25,,,1,30,,40034,25,,,1,70,,40019,25,0,18 19,1
7601,'76-Weekday-11111100',641,,40601,11,,,1,70,,40602,11,,,1,30,,40603,11,,,1,70,,40604,11,,,1,30,,40605,11,,,1,70,,40606,11,,,1,29,,40607,11,,,1,70,,40608,11,,,1,430,,40609,11,,,1,71,,40610,11,,,1,30,,40611,11,,,1,70,,40612,11,,,1,30,,40613,11,,,1,70,,40614,11,,,1,30,,40615,11,,,1,70,,40616,11,,,1,30,,40617,11,,,1
20101,'201-Holiday1-10000001',759,,40910,34,,,1,70,,40911,34,,,1,30,,40912,34,,,1,70,,40913,34,,,1,30,,40914,34,,,1,71,,40915,34,,,1,71,,40916,34,,,1,30,,40917,34,,,1,70,,40918,34,,,1,30,,40919,34,,,1,70,,40909,34,,,1,30,,40920,34,,,1,70,,40921,34,,,1,30,,40922,34,,,1,70,,40923,34,,,1,30,,40924,34,,,1,70,,40925,34,,,1,30,,40926,34,,,1,70,,40927,34,,,1,30,,40928,34,,,1,70,,40929,34,,,1,29,,40930,34,,,1,29,,40931,34,,,1,70,,40932,34,,,1,30,,40933,34,,,1,70,,40934,34,,,1,30,,40935,34,,,1,70,,40936,34,,,1,30,,40937,34,,,1,70,,40938,34,,,1,30,,40939,34,,,1,70,,40940,34,,,1,30,,40941,34,,,1,70,,40942,34,,,1,30,,40943,34,,,1
20101,'201-Saturday-10000010',729,,40979,34,,,1,30,,40944,34,,,1,70,,40945,34,,,1,30,,40946,34,,,1,71,,40947,34,,,1,72,,40948,34,,,1,30,,40949,34,,,1,70,,40950,34,,,1,30,,40951,34,,,1,70,,40952,34,,,1,30,,40953,34,,,1,70,,40954,34,,,1,30,,40955,34,,,1,70,,40956,34,,,1,30,,40957,34,,,1,70,,40958,34,,,1,30,,40959,34,,,1,70,,40960,34,,,1,30,,40961,34,,,1,70,,40962,34,,,1,30,,40963,34,,,1,70,,40964,34,,,1,29,,40965,34,,,1,28,,40966,34,,,1,70,,40967,34,,,1,30,,40968,34,,,1,70,,40969,34,,,1,30,,40970,34,,,1,70,,40971,34,,,1,30,,40972,34,,,1,70,,40973,34,,,1,30,,40974,34,,,1,70,,40975,34,,,1,30,,40976,34,,,1,70,,40977,34,,,1
20101,'201-Sunday-10000001',758,,40981,34,,,1,70,,40982,34,,,1,30,,40983,34,,,1,70,,40984,34,,,1,30,,40985,34,,,1,71,,40986,34,,,1,72,,40987,34,,,1,30,,40988,34,,,1,70,,40989,34,,,1,30,,40990,34,,,1,70,,40980,34,,,1,30,,40991,34,,,1,70,,40992,34,,,1,30,,40993,34,,,1,70,,40994,34,,,1,30,,40995,34,,,1,70,,40996,34,,,1,30,,40997,34,,,1,70,,40998,34,,,1,30,,40999,34,,,1,70,,41000,34,,,1,29,,41001,34,,,1,29,,41002,34,,,1,70,,41003,34,,,1,30,,41004,34,,,1,70,,41005,34,,,1,30,,41006,34,,,1,70,,41007,34,,,1,30,,41008,34,,,1,70,,41009,34,,,1,30,,41010,34,,,1,70,,41011,34,,,1,30,,41012,34,,,1,70,,41013,34,,,1,30,,41014,34,,,1
20101,'201-Weekday-11111100',613,,41089,34,,,1,30,,41090,34,,,1,15,,41048,34,,,1,55,,41051,34,,,1,18,,41049,34,,,1,7,,41088,18,,,1,11,,41052,34,,,1,7,,41087,18,,,1,50,,41046,34,,,1,10,,41053,34,,,1,10,,41075,34,,,1,10,,41045,34,,,1,10,,41054,34,,,1,10,,41076,34,,,1,50,,41015,34,,,1,10,,41055,34,,,1,10,,41077,34,,,1,10,,41050,34,,,1,9,,41056,34,,,1,10,,41078,34,,,1,49,,41047,34,,,1,10,,41057,34,,,1,10,,41079,34,,,1,12,,41016,34,,,1,10,,41058,34,,,1,10,,41092,34,,,1,50,,41017,34,,,1,10,,41059,34,,,1,10,,41093,34,,,1,10,,41018,34,,,1,10,,41060,34,,,1,10,,41094,34,,,1,50,,41019,34,,,1,10,,41061,34,,,1,10,,41095,34,,,1,10,,41020,34,,,1,10,,41062,34,,,1,10,,41096,34,,,1,50,,41021,34,,,1,10,,41063,34,,,1,10,,41097,34,,,1,10,,41022,34,,,1,10,,41064,34,,,1,10,,41098,34,,,1,50,,41023,34,,,1,10,,41065,34,,,1,10,,41099,34,,,1,10,,41024,34,,,1,12,,41066,34,,,1,10,,41100,34,,,1,54,,41025,34,,,1,11,,41101,34,,,1,10,,41067,34,,,1,10,,41026,34,,,1,10,,41068,34,,,1,50,,41080,34,,,1,10,,41027,34,,,1,10,,41069,34,,,1,10,,41081,34,,,1,10,,41028,34,,,1,10,,41070,34,,,1,50,,41082,34,,,1,10,,41033,34,,,1,10,,41071,34,,,1,10,,41084,34,,,1,10,,41029,34,,,1,10,,41072,34,,,1,50,,41083,34,,,1,9,,41030,34,,,1,9,,41073,34,,,1,8,,41085,34,,,1,8,,41031,34,,,1,10,,41074,34,,,1,9,,41086,34,,,1,49,,41032,34,,,1,15,,41034,34,,,1,15,,41102,34,,,1,15,,41035,34,,,1,55,,41103,34,,,1,15,,41036,34,,,1,15,,41104,34,,,1,15,,41037,34,,,1,55,,41105,34,,,1,15,,41038,34,,,1,15,,41106,34,,,1,15,,41039,34,,,1,55,,41107,34,,,1,14,,41040,34,,,1,13,,41108,34,,,1,13,,41041,34,,,1,83,,41042,34,,,1,30,,41043,34,,,1,75,,41044,34,,,1,70,,41091,34,,,1
20300,'203-Weekday-21111100',643,,41508,29,,,1,69,,41509,29,,,1,33,,41510,29,,,1,70,,41511,29,,,1,30,,41539,29,,,1,70,,41512,29,,,1,31,,41536,29,,,1,68,,41535,29,,,1,30,,41540,29,,,1,70,,41534,29,,,1,30,,41533,29,,,1,70,,41532,29,,,1,30,,41541,29,,,1,70,,41531,29,,,1,30,,41530,29,,,1,70,,41529,29,,,1,30,,41528,29,,,1,75,,41537,29,,,1,30,,41513,29,,,1,70,,41514,29,,,1,30,,41515,29,,,1,70,,41516,29,,,1,30,,41517,29,,,1,68,,41518,29,,,1,28,,41519,29,,,1,75,,41520,29,,,1,30,,41521,29,,,1,70,,41522,29,,,1,30,,41523,29,,,1,70,,41524,29,,,1,30,,41525,29,,,1,69,,41526,29,,,1,30,,41527,29,,,1,70,,41538,29,,,1
