2300,'23-Saturday-10000010',645,,36639,1,,,1,70,,36640,1,,,1,30,,36641,1,,,1,70,,36642,1,,,1,30,,36643,1,,,1,70,,36644,1,,,1,30,,36645,1,,,1,70,,36646,1,,,1,30,,36647,1,,,1,70,,36648,1,,,1,30,,36649,1,,,1,70,,36650,1,,,1,30,,36651,1,,,1,70,,36652,1,,,1,30,,36653,1,,,1,70,,36654,1,,,1,30,,36655,1,,,1,70,,36656,1,,,1,30,,36657,1,,,1,70,,36658,1,,,1,30,,36659,1,,,1,70,,36660,1,,,1,30,,36661,1,,,1,70,,36662,1,,,1,30,,36663,1,,,1,70,,36664,1,,,1,30,,36665,1,,,1,70,,36666,1,,,1,30,,36667,1,,,1,70,,36668,1,,,1
2300,'23-Sunday-10000001',715,,36670,1,,,1,30,,36671,1,,,1,70,,36672,1,,,1,30,,36673,1,,,1,70,,36674,1,,,1,30,,36675,1,,,1,70,,36676,1,,,1,30,,36677,1,,,1,70,,36678,1,,,1,30,,36669,1,,,1,70,,36679,1,,,1,30,,36680,1,,,1,70,,36681,1,,,1,30,,36682,1,,,1,70,,36683,1,,,1,30,,36684,1,,,1,70,,36685,1,,,1,30,,36686,1,,,1,70,,36687,1,,,1,30,,36688,1,,,1,70,,36689,1,,,1,30,,36690,1,,,1,70,,36691,1,,,1,30,,36692,1,,,1,70,,36693,1,,,1,30,,36694,1,,,1,70,,36695,1,,,1,30,,36696,1,,,1
2300,'23-Weekday-11111100',545,,36729,1,,,1,70,,36728,1,,,1,30,,36727,1,,,1,70,,36726,1,,,1,32,,36725,1,,,1,68,,36724,1,,,1,30,,36723,1,,,1,70,,36722,1,,,1,30,,36721,1,,,1,70,,36720,1,,,1,30,,36719,1,,,1,72,,36718,1,,,1,28,,36717,1,,,1,70,,36716,1,,,1,30,,36715,1,,,1,70,,36714,1,,,1,30,,36713,1,,,1,70,,36712,1,,,1,32,,36711,1,,,1,68,,36710,1,,,1,30,,36709,1,,,1,70,,36708,1,,,1,30,,36707,1,,,1,70,,36706,1,,,1,30,,36705,1,,,1,72,,36704,1,,,1,28,,36703,1,,,1,70,,36702,1,,,1,30,,36701,1,,,1,70,,36700,1,,,1,30,,36699,1,,,1,70,,36698,1,,,1,32,,36730,1,,,1,68,,36697,1,,,1
2301,'23-Saturday-10000010',737,,36731,26,4,,1,70,,36732,26,4,,1,30,,36733,26,4,,1,70,,36734,26,4,,1,31,,36735,26,4,,1,70,,36736,26,4,,1,30,,36737,26,4,,1,70,,36738,26,4,,1,30,,36739,26,4,,1,70,,36740,26,4,,1,30,,36741,26,4,,1,70,,36742,26,4,,1,30,,36743,26,4,,1,70,,36744,26,4,,1,30,,36745,26,4,,1,70,,36746,26,4,,1,30,,36747,26,4,,1,70,,36748,26,4,,1,30,,36749,26,4,,1,70,,36750,26,4,,1,30,,36751,26,4,,1,70,,36752,26,4,,1,29,,36753,26,4,,1,70,,36754,26,4,,1,30,,36755,26,4,,1,70,,36759,26,4,,1,30,,36756,26,4,,1,70,,36757,26,4,,1,30,,36758,26,4,,1
2301,'23-Sunday-10000001',806,,36764,26,4,,1,30,,36765,26,4,,1,70,,36766,26,4,,1,31,,36767,26,4,,1,70,,36768,26,4,,1,30,,36769,26,4,,1,70,,36770,26,4,,1,30,,36771,26,4,,1,70,,36772,26,4,,1,30,,36762,26,4,,1,70,,36773,26,4,,1,30,,36774,26,4,,1,70,,36775,26,4,,1,30,,36776,26,4,,1,70,,36777,26,4,,1,30,,36778,26,4,,1,70,,36779,26,4,,1,30,,36780,26,4,,1,70,,36781,26,4,,1,30,,36782,26,4,,1,70,,36783,26,4,,1,30,,36784,26,4,,1,70,,36785,26,4,,1,30,,36786,26,4,,1,70,,36787,26,4,,1,30,,36761,26,4,,1,70,,36763,26,4,,1,30,,36760,26,4,,1
2301,'23-Weekday-11111100',552,,36821,26,4,,1,85,,36820,26,4,,1,71,,36819,26,4,,1,31,,36818,26,4,,1,70,,36817,26,4,,1,30,,36816,26,4,,1,70,,36815,26,4,,1,31,,36814,26,4,,1,69,,36813,26,4,,1,30,,36812,26,4,,1,70,,36811,26,4,,1,30,,36810,26,4,,1,70,,36809,26,4,,1,30,,36808,26,4,,1,70,,36807,26,4,,1,30,,36806,26,4,,1,70,,36805,26,4,,1,30,,36804,26,4,,1,72,,36803,26,4,,1,30,,36802,26,4,,1,70,,36801,26,4,,1,30,,36800,26,4,,1,70,,36799,26,4,,1,30,,36798,26,4,,1,68,,36797,26,4,,1,28,,36796,26,4,,1,70,,36795,26,4,,1,30,,36794,26,4,,1,70,,36793,26,4,,1,30,,36792,26,4,,1,70,,36791,26,4,,1,30,,36790,26,4,,1,69,,36788,26,4,,1,29,,36789,26,4,,1
2700,'27-Holiday1-10000001',730,,36877,1,,,1,70,,36878,1,,,1,30,,36879,1,,,1,70,,36880,1,,,1,30,,36875,1,,,1,70,,36863,1,,,1,30,,36873,1,,,1,70,,36862,1,,,1,30,,36866,1,,,1,70,,36861,1,,,1,30,,36874,1,,,1,70,,36860,1,,,1,30,,36865,1,,,1,70,,36859,1,,,1,30,,36872,1,,,1,70,,36858,1,,,1,30,,36850,1,,,1,70,,36857,1,,,1,30,,36864,1,,,1,70,,36856,1,,,1,30,,36869,1,,,1,70,,36855,1,,,1,30,,36871,1,,,1,70,,36854,1,,,1,30,,36867,1,,,1,70,,36853,1,,,1,30,,36870,1,,,1,70,,36851,1,,,1,30,,36868,1,,,1,70,,36876,1,,,1,30,,36852,1,,,1
2700,'27-Saturday-10000010',635,,36910,1,,,1,75,,36881,1,,,1,35,,36884,1,,,1,75,,36882,1,,,1,35,,36883,1,,,1,75,,36885,1,,,1,75,,36886,1,,,1,35,,36887,1,,,1,75,,36888,1,,,1,35,,36889,1,,,1,75,,36890,1,,,1,75,,36891,1,,,1,35,,36892,1,,,1,75,,36893,1,,,1,35,,36894,1,,,1,75,,36895,1,,,1,35,,36896,1,,,1,75,,36897,1,,,1,75,,36898,1,,,1,35,,36899,1,,,1,75,,36900,1,,,1,35,,36901,1,,,1,75,,36902,1,,,1,75,,36903,1,,,1,35,,36904,1,,,1,75,,36905,1,,,1,35,,36906,1,,,1,75,,36907,1,,,1,35,,36908,1,,,1,75,,36909,1,,,1
2700,'27-Sunday-10000001',710,,36911,1,,,1,35,,36912,1,,,1,75,,36913,1,,,1,35,,36914,1,,,1,75,,36915,1,,,1,75,,36916,1,,,1,35,,36917,1,,,1,75,,36918,1,,,1,35,,36919,1,,,1,75,,36920,1,,,1,75,,36921,1,,,1,35,,36922,1,,,1,75,,36923,1,,,1,35,,36924,1,,,1,75,,36925,1,,,1,35,,36926,1,,,1,75,,36927,1,,,1,75,,36928,1,,,1,35,,36929,1,,,1,75,,36930,1,,,1,35,,36931,1,,,1,75,,36932,1,,,1,75,,36933,1,,,1,35,,36934,1,,,1,75,,36935,1,,,1,35,,36936,1,,,1,75,,36937,1,,,1,35,,36938,1,,,1
2700,'27-Weekday-11111100',530,,36966,1,,,1,70,,36939,1,,,1,35,,36940,1,,,1,75,,36941,1,,,1,35,,36942,1,,,1,75,,36943,1,,,1,35,,36944,1,,,1,75,,36945,1,,,1,75,,36946,1,,,1,35,,36947,1,,,1,75,,36948,1,,,1,35,,36949,1,,,1,75,,36950,1,,,1,75,,36951,1,,,1,35,,36952,1,,,1,75,,36953,1,,,1,35,,36954,1,,,1,75,,36955,1,,,1,35,,36956,1,,,1,75,,36957,1,,,1,75,,36958,1,,,1,35,,36959,1,,,1,75,,36960,1,,,1,35,,36961,1,,,1,75,,36962,1,,,1,75,,36963,1,,,1,35,,36964,1,,,1,75,,36965,1,,,1,35,,36967,1,,,1,75,,36968,1,,,1,35,,36969,1,,,1,75,,36970,1,,,1
2701,'27-Holiday1-10000001',755,,36973,13,4,,1,70,,36974,13,4,,1,30,,36975,13,4,,1,70,,36976,13,4,,1,30,,36977,13,4,,1,70,,36978,13,4,,1,30,,36979,13,4,,1,70,,36980,13,4,,1,30,,36981,13,4,,1,70,,36982,13,4,,1,30,,36983,13,4,,1,70,,36984,13,4,,1,30,,36985,13,4,,1,70,,36986,13,4,,1,30,,36987,13,4,,1,70,,36988,13,4,,1,30,,36989,13,4,,1,70,,36990,13,4,,1,30,,36991,13,4,,1,70,,36992,13,4,,1,30,,36993,13,4,,1,70,,36994,13,4,,1,30,,36995,13,4,,1,70,,36996,13,4,,1,30,,36997,13,4,,1,70,,36998,13,4,,1,30,,36999,13,4,,1,70,,37000,13,4,,1,30,,37001,13,4,,1,70,,36971,13,4,,1,30,,36972,13,4,,1
2701,'27-Saturday-10000010',700,,37031,13,4,,1,35,,37002,13,4,,1,75,,37026,13,4,,1,35,,37003,13,4,,1,76,,37004,13,4,,1,36,,37005,13,4,,1,75,,37006,13,4,,1,75,,37007,13,4,,1,35,,37008,13,4,,1,75,,37009,13,4,,1,35,,37010,13,4,,1,75,,37011,13,4,,1,75,,37012,13,4,,1,35,,37013,13,4,,1,75,,37014,13,4,,1,35,,37015,13,4,,1,75,,37016,13,4,,1,35,,37017,13,4,,1,75,,37018,13,4,,1,74,,37019,13,4,,1,34,,37020,13,4,,1,75,,37021,13,4,,1,35,,37022,13,4,,1,75,,37023,13,4,,1,75,,37024,13,4,,1,35,,37025,13,4,,1,75,,37027,13,4,,1,35,,37028,13,4,,1,75,,37029,13,4,,1,35,,37030,13,4,,1
2701,'27-Sunday-10000001',735,,37032,13,4,,1,75,,37033,13,4,,1,35,,37034,13,4,,1,75,,37035,13,4,,1,35,,37036,13,4,,1,75,,37037,13,4,,1,75,,37038,13,4,,1,35,,37039,13,4,,1,75,,37040,13,4,,1,35,,37041,13,4,,1,75,,37042,13,4,,1,75,,37043,13,4,,1,35,,37044,13,4,,1,75,,37045,13,4,,1,35,,37046,13,4,,1,75,,37047,13,4,,1,35,,37048,13,4,,1,75,,37049,13,4,,1,75,,37050,13,4,,1,35,,37051,13,4,,1,75,,37052,13,4,,1,35,,37053,13,4,,1,75,,37054,13,4,,1,75,,37055,13,4,,1,35,,37056,13,4,,1,75,,37057,13,4,,1,35,,37058,13,4,,1,75,,37059,13,4,,1
2701,'27-Weekday-11111100',555,,37087,13,4,,1,70,,37060,13,4,,1,75,,37061,13,4,,1,38,,37062,13,4,,1,75,,37063,13,4,,1,35,,37064,13,4,,1,75,,37065,13,4,,1,34,,37066,13,4,,1,75,,37067,13,4,,1,75,,37068,13,4,,1,35,,37069,13,4,,1,75,,37070,13,4,,1,35,,37071,13,4,,1,75,,37072,13,4,,1,75,,37073,13,4,,1,34,,37074,13,4,,1,76,,37075,13,4,,1,35,,37076,13,4,,1,75,,37077,13,4,,1,35,,37078,13,4,,1,75,,37079,13,4,,1,76,,37080,13,4,,1,34,,37081,13,4,,1,75,,37082,13,4,,1,35,,37083,13,4,,1,75,,37084,13,4,,1,75,,37085,13,4,,1,35,,37086,13,4,,1,74,,37088,13,4,,1,35,,37089,13,4,,1,75,,37090,13,4,,1,35,,37091,13,4,,1
