2000,'20-Holiday1-10000001',838,,36040,44,4,,1,70,,36041,44,4,,1,30,,36042,44,4,,1,71,,36043,44,4,,1,32,,36044,44,4,,1,70,,36045,44,4,,1,30,,36046,44,4,,1,70,,36047,44,4,,1,30,,36048,44,4,,1,70,,36049,44,4,,1,30,,36050,44,4,,1,70,,36051,44,4,,1,30,,36052,44,4,,1,70,,36053,44,4,,1,30,,36054,44,4,,1,70,,36055,44,4,,1,30,,36056,44,4,,1,70,,36057,44,4,,1,30,,36058,44,4,,1,69,,36059,44,4,,1,28,,36060,44,4,,1,70,,36061,44,4,,1,30,,36062,44,4,,1,70,,36063,44,4,,1,30,,36064,44,4,,1,70,,36065,44,4,,1,30,,36066,44,4,,1,70,,36067,44,4,,1,30,,36068,44,4,,1,70,,36069,44,4,,1,100,,36070,44,4,,1
2000,'20-Saturday-10000010',613,,36107,15,4,,1,30,,36071,44,4,,1,70,,36072,44,4,,1,30,,36073,44,4,,1,70,,36074,44,4,,1,30,,36075,44,4,,1,70,,36076,44,4,,1,34,,36077,44,4,,1,70,,36078,44,4,,1,30,,36079,44,4,,1,70,,36080,44,4,,1,30,,36081,44,4,,1,70,,36082,44,4,,1,30,,36083,44,4,,1,70,,36084,44,4,,1,30,,36085,44,4,,1,70,,36086,44,4,,1,30,,36087,44,4,,1,70,,36088,44,4,,1,30,,36089,44,4,,1,70,,36090,44,4,,1,30,,36091,44,4,,1,70,,36092,44,4,,1,30,,36093,44,4,,1,70,,36094,44,4,,1,26,,36095,44,4,,1,70,,36096,44,4,,1,30,,36097,44,4,,1,70,,36098,44,4,,1,30,,36099,44,4,,1,70,,36100,44,4,,1,30,,36101,44,4,,1,70,,36102,44,4,,1,30,,36103,44,4,,1,70,,36104,44,4,,1,30,,36105,44,4,,1,70,,36106,44,4,,1
2000,'20-Sunday-20000001',732,,36140,15,4,,1,70,,36139,15,4,,1,41,,36108,44,4,,1,70,,36109,44,4,,1,30,,36110,44,4,,1,70,,36111,44,4,,1,32,,36112,44,4,,1,70,,36113,44,4,,1,30,,36114,44,4,,1,70,,36115,44,4,,1,30,,36116,44,4,,1,70,,36117,44,4,,1,30,,36118,44,4,,1,70,,36119,44,4,,1,30,,36120,44,4,,1,70,,36121,44,4,,1,30,,36122,44,4,,1,70,,36123,44,4,,1,30,,36124,44,4,,1,70,,36125,44,4,,1,30,,36126,44,4,,1,69,,36127,44,4,,1,28,,36128,44,4,,1,60,,36129,44,4,,1,30,,36130,44,4,,1,70,,36131,44,4,,1,30,,36132,44,4,,1,70,,36133,44,4,,1,30,,36134,44,4,,1,70,,36135,44,4,,1,30,,36136,44,4,,1,70,,36137,44,4,,1,100,,36138,44,4,,1
2000,'20-Weekday-11111100',610,,36151,44,4,,1,30,,36152,44,4,,1,15,,36178,44,4,,1,56,,36153,44,4,,1,35,,36175,44,4,,1,70,,36174,44,4,,1,30,,36141,44,4,,1,70,,36142,44,4,,1,30,,36143,44,4,,1,69,,36176,44,4,,1,30,,36154,44,4,,1,70,,36155,44,4,,1,30,,36156,44,4,,1,70,,36157,44,4,,1,30,,36158,44,4,,1,70,,36159,44,4,,1,30,,36160,44,4,,1,70,,36161,44,4,,1,33,,36162,44,4,,1,82,,36144,44,4,,1,70,,36145,44,4,,1,30,,36146,44,4,,1,70,,36147,44,4,,1,30,,36148,44,4,,1,70,,36149,44,4,,1,27,,36150,44,4,,1,17,,36163,44,4,,1,70,,36177,44,4,,1,30,,36164,44,4,,1,70,,36165,44,4,,1,30,,36166,44,4,,1,70,,36167,44,4,,1,30,,36168,44,4,,1,69,,36169,44,4,,1,27,,36170,44,4,,1,70,,36171,44,4,,1,30,,36172,44,4,,1,70,,36173,44,4,,1
2001,'20-Holiday1-10000001',745,,36179,1,,,1,70,,36180,1,,,1,30,,36181,1,,,1,70,,36182,1,,,1,30,,36183,1,,,1,70,,36184,1,,,1,30,,36185,1,,,1,70,,36186,1,,,1,30,,36187,1,,,1,70,,36188,1,,,1,30,,36189,1,,,1,70,,36190,1,,,1,30,,36191,1,,,1,70,,36192,1,,,1,30,,36193,1,,,1,70,,36194,1,,,1,30,,36195,1,,,1,70,,36196,1,,,1,30,,36197,1,,,1,70,,36198,1,,,1,30,,36199,1,,,1,70,,36200,1,,,1,30,,36201,1,,,1,70,,36202,1,,,1,30,,36203,1,,,1,70,,36204,1,,,1,30,,36205,1,,,1,70,,36206,1,,,1,30,,36207,1,,,1,70,,36208,1,,,1,30,,36209,1,,,1,70,,36210,1,,,1
2001,'20-Saturday-10000010',620,,36211,1,,,1,30,,36212,1,,,1,70,,36213,1,,,1,30,,36214,1,,,1,70,,36215,1,,,1,30,,36216,1,,,1,70,,36217,1,,,1,30,,36218,1,,,1,70,,36219,1,,,1,30,,36220,1,,,1,70,,36221,1,,,1,30,,36222,1,,,1,70,,36223,1,,,1,30,,36224,1,,,1,70,,36225,1,,,1,30,,36226,1,,,1,70,,36227,1,,,1,30,,36228,1,,,1,70,,36229,1,,,1,30,,36230,1,,,1,70,,36231,1,,,1,30,,36232,1,,,1,70,,36233,1,,,1,30,,36234,1,,,1,70,,36235,1,,,1,30,,36236,1,,,1,70,,36237,1,,,1,30,,36238,1,,,1,70,,36239,1,,,1,30,,36240,1,,,1,70,,36241,1,,,1,30,,36242,1,,,1,70,,36243,1,,,1,30,,36244,1,,,1,70,,36245,1,,,1,30,,36246,1,,,1
2001,'20-Sunday-20000001',740,,36247,1,,,1,70,,36248,1,,,1,40,,36249,1,,,1,70,,36250,1,,,1,30,,36251,1,,,1,70,,36252,1,,,1,30,,36253,1,,,1,70,,36254,1,,,1,30,,36255,1,,,1,70,,36256,1,,,1,30,,36257,1,,,1,70,,36258,1,,,1,30,,36259,1,,,1,70,,36260,1,,,1,30,,36261,1,,,1,70,,36262,1,,,1,30,,36263,1,,,1,70,,36264,1,,,1,30,,36265,1,,,1,70,,36266,1,,,1,30,,36267,1,,,1,70,,36268,1,,,1,30,,36269,1,,,1,60,,36270,1,,,1,30,,36271,1,,,1,70,,36272,1,,,1,30,,36273,1,,,1,70,,36274,1,,,1,30,,36275,1,,,1,70,,36276,1,,,1,30,,36277,1,,,1,70,,36278,1,,,1
2001,'20-Weekday-11111100',545,,36279,1,,,1,70,,36280,1,,,1,30,,36281,1,,,1,55,,36282,1,,,1,30,,36283,1,,,1,70,,36284,1,,,1,30,,36285,1,,,1,70,,36286,1,,,1,30,,36287,1,,,1,70,,36288,1,,,1,30,,36314,1,,,1,70,,36289,1,,,1,30,,36290,1,,,1,70,,36291,1,,,1,30,,36292,1,,,1,70,,36293,1,,,1,30,,36294,1,,,1,70,,36295,1,,,1,30,,36296,1,,,1,20,,36297,1,,,1,70,,36298,1,,,1,30,,36299,1,,,1,70,,36300,1,,,1,30,,36301,1,,,1,70,,36302,1,,,1,30,,36303,1,,,1,80,,36316,1,,,1,70,,36304,1,,,1,30,,36315,1,,,1,70,,36305,1,,,1,30,,36306,1,,,1,70,,36307,1,,,1,30,,36308,1,,,1,70,,36309,1,,,1,20,,36310,1,,,1,30,,36311,1,,,1,70,,36312,1,,,1,30,,36313,1,,,1
2300,'23-Saturday-10000010',707,,36639,26,4,,1,30,,36640,26,4,,1,70,,36641,26,4,,1,30,,36642,26,4,,1,71,,36643,26,4,,1,31,,36644,26,4,,1,70,,36645,26,4,,1,30,,36646,26,4,,1,70,,36647,26,4,,1,30,,36648,26,4,,1,70,,36649,26,4,,1,30,,36650,26,4,,1,70,,36651,26,4,,1,30,,36652,26,4,,1,70,,36653,26,4,,1,30,,36654,26,4,,1,70,,36655,26,4,,1,30,,36656,26,4,,1,70,,36657,26,4,,1,30,,36658,26,4,,1,70,,36659,26,4,,1,30,,36660,26,4,,1,69,,36661,26,4,,1,30,,36662,26,4,,1,70,,36663,26,4,,1,30,,36664,26,4,,1,70,,36665,26,4,,1,30,,36666,26,4,,1,70,,36667,26,4,,1,30,,36668,26,4,,1
2300,'23-Sunday-10000001',736,,36670,26,4,,1,70,,36671,26,4,,1,30,,36672,26,4,,1,72,,36673,26,4,,1,31,,36674,26,4,,1,70,,36675,26,4,,1,30,,36676,26,4,,1,70,,36677,26,4,,1,30,,36678,26,4,,1,70,,36669,26,4,,1,30,,36679,26,4,,1,70,,36680,26,4,,1,30,,36681,26,4,,1,70,,36682,26,4,,1,30,,36683,26,4,,1,70,,36684,26,4,,1,30,,36685,26,4,,1,70,,36686,26,4,,1,30,,36687,26,4,,1,70,,36688,26,4,,1,30,,36689,26,4,,1,69,,36690,26,4,,1,29,,36691,26,4,,1,70,,36692,26,4,,1,30,,36693,26,4,,1,70,,36694,26,4,,1,30,,36695,26,4,,1,70,,36696,26,4,,1
2300,'23-Weekday-11111100',607,,36729,26,4,,1,30,,36728,26,4,,1,71,,36727,26,4,,1,32,,36726,26,4,,1,72,,36725,26,4,,1,28,,36724,26,4,,1,70,,36723,26,4,,1,30,,36722,26,4,,1,69,,36721,26,4,,1,30,,36720,26,4,,1,70,,36719,26,4,,1,32,,36718,26,4,,1,68,,36717,26,4,,1,30,,36716,26,4,,1,70,,36715,26,4,,1,30,,36714,26,4,,1,70,,36713,26,4,,1,31,,36712,26,4,,1,74,,36711,26,4,,1,28,,36710,26,4,,1,70,,36709,26,4,,1,30,,36708,26,4,,1,70,,36707,26,4,,1,30,,36706,26,4,,1,69,,36705,26,4,,1,31,,36704,26,4,,1,68,,36703,26,4,,1,30,,36702,26,4,,1,70,,36701,26,4,,1,30,,36700,26,4,,1,70,,36699,26,4,,1,30,,36698,26,4,,1,71,,36730,26,4,,1,27,,36697,26,4,,1
2301,'23-Saturday-10000010',715,,36731,1,,,1,30,,36732,1,,,1,70,,36733,1,,,1,30,,36734,1,,,1,70,,36735,1,,,1,30,,36736,1,,,1,70,,36737,1,,,1,30,,36738,1,,,1,70,,36739,1,,,1,30,,36740,1,,,1,70,,36741,1,,,1,30,,36742,1,,,1,70,,36743,1,,,1,30,,36744,1,,,1,70,,36745,1,,,1,30,,36746,1,,,1,70,,36747,1,,,1,30,,36748,1,,,1,70,,36749,1,,,1,30,,36750,1,,,1,70,,36751,1,,,1,30,,36752,1,,,1,70,,36753,1,,,1,30,,36754,1,,,1,70,,36755,1,,,1,30,,36759,1,,,1,70,,36756,1,,,1,30,,36757,1,,,1,70,,36758,1,,,1
2301,'23-Sunday-10000001',745,,36764,1,,,1,70,,36765,1,,,1,30,,36766,1,,,1,70,,36767,1,,,1,30,,36768,1,,,1,70,,36769,1,,,1,30,,36770,1,,,1,70,,36771,1,,,1,30,,36772,1,,,1,70,,36762,1,,,1,30,,36773,1,,,1,70,,36774,1,,,1,30,,36775,1,,,1,70,,36776,1,,,1,30,,36777,1,,,1,70,,36778,1,,,1,30,,36779,1,,,1,70,,36780,1,,,1,30,,36781,1,,,1,70,,36782,1,,,1,30,,36783,1,,,1,70,,36784,1,,,1,30,,36785,1,,,1,70,,36786,1,,,1,30,,36787,1,,,1,70,,36761,1,,,1,30,,36763,1,,,1,70,,36760,1,,,1
2301,'23-Weekday-11111100',530,,36821,1,,,1,85,,36820,1,,,1,30,,36819,1,,,1,70,,36818,1,,,1,30,,36817,1,,,1,70,,36816,1,,,1,30,,36815,1,,,1,70,,36814,1,,,1,30,,36813,1,,,1,70,,36812,1,,,1,30,,36811,1,,,1,70,,36810,1,,,1,30,,36809,1,,,1,70,,36808,1,,,1,30,,36807,1,,,1,70,,36806,1,,,1,30,,36805,1,,,1,70,,36804,1,,,1,30,,36803,1,,,1,70,,36802,1,,,1,30,,36801,1,,,1,70,,36800,1,,,1,30,,36799,1,,,1,70,,36798,1,,,1,30,,36797,1,,,1,70,,36796,1,,,1,30,,36795,1,,,1,70,,36794,1,,,1,30,,36793,1,,,1,70,,36792,1,,,1,30,,36791,1,,,1,70,,36790,1,,,1,30,,36788,1,,,1,70,,36789,1,,,1
2800,'28-Holiday1-10000001',842,,37092,20,4,,1,100,,37093,20,4,,1,102,,37094,20,4,,1,100,,37095,20,4,,1,100,,37096,20,4,,1,100,,37097,20,4,,1,100,,37098,20,4,,1,100,,37099,20,4,,1,100,,37100,20,4,,1,100,,37101,20,4,,1,100,,37102,20,4,,1,100,,37103,20,4,,1,100,,37104,20,4,,1,100,,37105,20,4,,1,100,,37106,20,4,,1,100,,37107,20,4,,1
2800,'28-Saturday-10000010',725,,37108,20,4,,1,75,,37109,20,4,,1,35,,37110,20,4,,1,76,,37111,20,4,,1,35,,37112,20,4,,1,75,,37113,20,4,,1,35,,37114,20,4,,1,75,,37115,20,4,,1,75,,37116,20,4,,1,35,,37117,20,4,,1,75,,37118,20,4,,1,35,,37119,20,4,,1,75,,37120,20,4,,1,75,,37121,20,4,,1,35,,37122,20,4,,1,75,,37123,20,4,,1,35,,37124,20,4,,1,75,,37125,20,4,,1,35,,37126,20,4,,1,73,,37127,20,4,,1,75,,37128,20,4,,1,35,,37129,20,4,,1,75,,37130,20,4,,1,35,,37131,20,4,,1,75,,37132,20,4,,1,35,,37133,20,4,,1,73,,37134,20,4,,1
2800,'28-Sunday-10000001',722,,37135,20,4,,1,35,,37136,20,4,,1,75,,37137,20,4,,1,75,,37138,20,4,,1,35,,37139,20,4,,1,77,,37140,20,4,,1,35,,37141,20,4,,1,75,,37142,20,4,,1,75,,37143,20,4,,1,35,,37144,20,4,,1,75,,37145,20,4,,1,35,,37146,20,4,,1,75,,37147,20,4,,1,35,,37148,20,4,,1,75,,37149,20,4,,1,75,,37150,20,4,,1,35,,37151,20,4,,1,75,,37152,20,4,,1,35,,37153,20,4,,1,75,,37154,20,4,,1,75,,37155,20,4,,1,35,,37156,20,4,,1,75,,37157,20,4,,1,35,,37158,20,4,,1,75,,37159,20,4,,1,35,,37160,20,4,,1,75,,37161,20,4,,1
2800,'28-Weekday-11111100',648,,37162,20,4,,1,77,,37163,20,4,,1,75,,37164,20,4,,1,35,,37165,20,4,,1,75,,37166,20,4,,1,36,,37167,20,4,,1,75,,37168,20,4,,1,35,,37169,20,4,,1,75,,37170,20,4,,1,75,,37171,20,4,,1,35,,37172,20,4,,1,75,,37173,20,4,,1,35,,37174,20,4,,1,75,,37175,20,4,,1,76,,37176,20,4,,1,35,,37177,20,4,,1,75,,37178,20,4,,1,35,,37179,20,4,,1,75,,37180,20,4,,1,35,,37181,20,4,,1,73,,37182,20,4,,1,75,,37183,20,4,,1,35,,37184,20,4,,1,75,,37185,20,4,,1,35,,37186,20,4,,1,75,,37187,20,4,,1,75,,37188,20,4,,1,33,,37189,20,4,,1,75,,37190,20,4,,1
2801,'28-Holiday1-10000001',842,,37191,1,,,1,100,,37192,1,,,1,102,,37193,1,,,1,100,,37194,1,,,1,100,,37195,1,,,1,100,,37196,1,,,1,100,,37197,1,,,1,100,,37198,1,,,1,100,,37199,1,,,1,100,,37200,1,,,1,100,,37201,1,,,1,100,,37202,1,,,1,100,,37203,1,,,1,100,,37204,1,,,1,100,,37205,1,,,1
2801,'28-Saturday-10000010',726,,37206,1,,,1,75,,37207,1,,,1,35,,37208,1,,,1,76,,37209,1,,,1,35,,37210,1,,,1,75,,37211,1,,,1,35,,37212,1,,,1,75,,37213,1,,,1,75,,37214,1,,,1,35,,37215,1,,,1,75,,37216,1,,,1,35,,37217,1,,,1,75,,37218,1,,,1,75,,37219,1,,,1,35,,37220,1,,,1,75,,37221,1,,,1,35,,37222,1,,,1,75,,37223,1,,,1,35,,37224,1,,,1,73,,37225,1,,,1,75,,37226,1,,,1,35,,37227,1,,,1,75,,37228,1,,,1,35,,37229,1,,,1,75,,37230,1,,,1,76,,37231,1,,,1,32,,37232,1,,,1
2801,'28-Sunday-10000001',723,,37233,1,,,1,35,,37234,1,,,1,75,,37235,1,,,1,75,,37236,1,,,1,35,,37237,1,,,1,77,,37238,1,,,1,35,,37239,1,,,1,75,,37240,1,,,1,75,,37241,1,,,1,35,,37242,1,,,1,75,,37243,1,,,1,35,,37244,1,,,1,75,,37245,1,,,1,75,,37246,1,,,1,35,,37247,1,,,1,75,,37248,1,,,1,35,,37249,1,,,1,75,,37250,1,,,1,35,,37251,1,,,1,75,,37252,1,,,1,75,,37253,1,,,1,35,,37254,1,,,1,75,,37255,1,,,1,35,,37256,1,,,1,75,,37257,1,,,1,75,,37258,1,,,1,35,,37259,1,,,1
2801,'28-Weekday-11111100',649,,37260,1,,,1,77,,37261,1,,,1,75,,37262,1,,,1,35,,37263,1,,,1,75,,37264,1,,,1,36,,37265,1,,,1,75,,37266,1,,,1,35,,37267,1,,,1,75,,37268,1,,,1,75,,37269,1,,,1,35,,37270,1,,,1,75,,37271,1,,,1,35,,37272,1,,,1,75,,37273,1,,,1,76,,37287,1,,,1,35,,37274,1,,,1,75,,37275,1,,,1,35,,37276,1,,,1,75,,37277,1,,,1,35,,37278,1,,,1,73,,37279,1,,,1,75,,37280,1,,,1,35,,37288,1,,,1,75,,37281,1,,,1,35,,37282,1,,,1,75,,37283,1,,,1,75,,37284,1,,,1,33,,37285,1,,,1,75,,37286,1,,,1
