2200,'22-Saturday-10000010',649,,36481,27,,,1,70,,36482,27,,,1,30,,36483,27,,,1,70,,36484,27,,,1,30,,36485,27,,,1,71,,36486,27,,,1,30,,36487,27,,,1,70,,36488,27,,,1,30,,36489,27,,,1,70,,36490,27,,,1,30,,36491,27,,,1,70,,36492,27,,,1,30,,36493,27,,,1,70,,36494,27,,,1,30,,36495,27,,,1,70,,36496,27,,,1,30,,36497,27,,,1,70,,36498,27,,,1,30,,36499,27,,,1,70,,36500,27,,,1,30,,36501,27,,,1,70,,36502,27,,,1,30,,36503,27,,,1,69,,36504,27,,,1,30,,36505,27,,,1,70,,36506,27,,,1,30,,36507,27,,,1,70,,36508,27,,,1,30,,36509,27,,,1,70,,36510,27,,,1,30,,36511,27,,,1,100,,36512,27,,,1,100,,36513,27,,,1
2200,'22-Sunday-10000001',849,,36524,27,,,1,100,,36514,27,,,1,100,,36515,27,,,1,100,,36516,27,,,1,100,,36517,27,,,1,100,,36518,27,,,1,100,,36519,27,,,1,100,,36520,27,,,1,100,,36521,27,,,1,100,,36522,27,,,1,99,,36523,27,,,1
2200,'22-Weekday-11111100',621,,36525,27,,,1,30,,36526,27,,,1,74,,36527,27,,,1,30,,36528,27,,,1,70,,36529,27,,,1,30,,36530,27,,,1,70,,36531,27,,,1,28,,36532,27,,,1,70,,36533,27,,,1,30,,36534,27,,,1,70,,36535,27,,,1,30,,36536,27,,,1,70,,36537,27,,,1,30,,36538,27,,,1,70,,36539,27,,,1,30,,36540,27,,,1,70,,36541,27,,,1,31,,36542,27,,,1,70,,36543,27,,,1,30,,36544,27,,,1,70,,36545,27,,,1,30,,36546,27,,,1,70,,36547,27,,,1,30,,36548,27,,,1,68,,36549,27,,,1,30,,36550,27,,,1,70,,36551,27,,,1,30,,36552,27,,,1,70,,36553,27,,,1,30,,36554,27,,,1,70,,36558,27,,,1,30,,36555,27,,,1,68,,36559,27,,,1,30,,36556,27,,,1,100,,36557,27,,,1
3300,'33-Saturday-10000010',711,,37782,36,,,1,30,,37783,36,,,1,70,,37784,36,,,1,30,,37785,36,,,1,70,,37786,36,,,1,31,,37787,36,,,1,70,,37788,36,,,1,30,,37789,36,,,1,70,,37790,36,,,1,30,,37791,36,,,1,70,,37792,36,,,1,30,,37793,36,,,1,70,,37794,36,,,1,30,,37795,36,,,1,70,,37796,36,,,1,30,,37797,36,,,1,70,,37798,36,,,1,30,,37799,36,,,1,70,,37800,36,,,1,30,,37801,36,,,1,70,,37802,36,,,1,30,,37803,36,,,1,70,,37804,36,,,1,30,,37805,36,,,1,70,,37806,36,,,1
3300,'33-Sunday-10000001',811,,37807,36,,,1,30,,37808,36,,,1,69,,37809,36,,,1,28,,37810,36,,,1,70,,37811,36,,,1,30,,37812,36,,,1,70,,37813,36,,,1,30,,37814,36,,,1,70,,37815,36,,,1,30,,37816,36,,,1,70,,37817,36,,,1,30,,37818,36,,,1,70,,37819,36,,,1,30,,37820,36,,,1,70,,37821,36,,,1,30,,37822,36,,,1,70,,37823,36,,,1,30,,37824,36,,,1,70,,37825,36,,,1,30,,37826,36,,,1,71,,37827,36,,,1,32,,37828,36,,,1,70,,37829,36,,,1
3300,'33-Weekday-11111100',605,,37833,36,,,1,30,,37836,36,,,1,70,,37837,36,,,1,34,,37838,36,,,1,70,,37839,36,,,1,30,,37840,36,,,1,70,,37841,36,,,1,29,,37842,36,,,1,69,,37843,36,,,1,30,,37844,36,,,1,70,,37845,36,,,1,30,,37846,36,,,1,70,,37847,36,,,1,30,,37848,36,,,1,70,,37849,36,,,1,30,,37850,36,,,1,70,,37851,36,,,1,32,,37852,36,,,1,71,,37862,36,,,1,30,,37853,36,,,1,70,,37854,36,,,1,30,,37855,36,,,1,70,,37856,36,,,1,30,,37857,36,,,1,68,,37858,36,,,1,28,,37859,36,,,1,70,,37830,36,,,1,30,,37863,36,,,1,70,,37835,36,,,1,30,,37864,36,,,1,70,,37834,36,,,1,30,,37865,36,,,1,70,,37832,36,,,1,28,,37831,36,,,1,70,,37860,36,,,1,30,,37861,36,,,1
20101,'201-Holiday1-10000001',743,,40910,26,,,1,70,,40911,26,,,1,30,,40912,26,,,1,70,,40913,26,,,1,30,,40914,26,,,1,71,,40915,26,,,1,31,,40916,26,,,1,70,,40917,26,,,1,30,,40918,26,,,1,70,,40919,26,,,1,30,,40909,26,,,1,70,,40920,26,,,1,30,,40921,26,,,1,70,,40922,26,,,1,30,,40923,26,,,1,70,,40924,26,,,1,30,,40925,26,,,1,70,,40926,26,,,1,30,,40927,26,,,1,70,,40928,26,,,1,30,,40929,26,,,1,69,,40930,26,,,1,29,,40931,26,,,1,70,,40932,26,,,1,30,,40933,26,,,1,70,,40934,26,,,1,30,,40935,26,,,1,70,,40936,26,,,1,30,,40937,26,,,1,70,,40938,26,,,1,30,,40939,26,,,1,70,,40940,26,,,1,30,,40941,26,,,1,70,,40942,26,,,1,30,,40943,26,,,1
20101,'201-Saturday-10000010',713,,40979,26,,,1,30,,40944,26,,,1,70,,40945,26,,,1,30,,40946,26,,,1,71,,40947,26,,,1,32,,40948,26,,,1,70,,40949,26,,,1,30,,40950,26,,,1,70,,40951,26,,,1,30,,40952,26,,,1,70,,40953,26,,,1,30,,40954,26,,,1,70,,40955,26,,,1,30,,40956,26,,,1,70,,40957,26,,,1,30,,40958,26,,,1,70,,40959,26,,,1,30,,40960,26,,,1,70,,40961,26,,,1,30,,40962,26,,,1,70,,40963,26,,,1,30,,40964,26,,,1,69,,40965,26,,,1,28,,40966,26,,,1,70,,40967,26,,,1,30,,40968,26,,,1,70,,40969,26,,,1,30,,40970,26,,,1,70,,40971,26,,,1,30,,40972,26,,,1,70,,40973,26,,,1,30,,40974,26,,,1,70,,40975,26,,,1,30,,40976,26,,,1,70,,40977,26,,,1,30,,40978,26,0,13 14 7,1
20101,'201-Sunday-10000001',742,,40981,26,,,1,70,,40982,26,,,1,30,,40983,26,,,1,70,,40984,26,,,1,30,,40985,26,,,1,71,,40986,26,,,1,32,,40987,26,,,1,70,,40988,26,,,1,30,,40989,26,,,1,70,,40990,26,,,1,30,,40980,26,,,1,70,,40991,26,,,1,30,,40992,26,,,1,70,,40993,26,,,1,30,,40994,26,,,1,70,,40995,26,,,1,30,,40996,26,,,1,70,,40997,26,,,1,30,,40998,26,,,1,70,,40999,26,,,1,30,,41000,26,,,1,69,,41001,26,,,1,29,,41002,26,,,1,70,,41003,26,,,1,30,,41004,26,,,1,70,,41005,26,,,1,30,,41006,26,,,1,70,,41007,26,,,1,30,,41008,26,,,1,70,,41009,26,,,1,30,,41010,26,,,1,70,,41011,26,,,1,30,,41012,26,,,1,70,,41013,26,,,1,30,,41014,26,,,1
20101,'201-Weekday-11111100',557,,41089,26,,,1,70,,41090,26,,,1,15,,41048,26,,,1,15,,41051,26,,,1,58,,41049,26,,,1,7,,41088,10,,,1,11,,41052,26,,,1,7,,41087,10,,,1,10,,41046,26,,,1,50,,41053,26,,,1,10,,41075,26,,,1,10,,41045,26,,,1,10,,41054,26,,,1,10,,41076,26,,,1,10,,41015,26,,,1,50,,41055,26,,,1,10,,41077,26,,,1,10,,41050,26,,,1,9,,41056,26,,,1,10,,41078,26,,,1,9,,41047,26,,,1,10,,41057,26,,,1,50,,41079,26,,,1,12,,41016,26,,,1,10,,41058,26,,,1,10,,41092,26,,,1,10,,41017,26,,,1,50,,41059,26,,,1,10,,41093,26,,,1,10,,41018,26,,,1,10,,41060,26,,,1,10,,41094,26,,,1,10,,41019,26,,,1,50,,41061,26,,,1,10,,41095,26,,,1,10,,41020,26,,,1,10,,41062,26,,,1,10,,41096,26,,,1,10,,41021,26,,,1,50,,41063,26,,,1,10,,41097,26,,,1,10,,41022,26,,,1,10,,41064,26,,,1,10,,41098,26,,,1,10,,41023,26,,,1,50,,41065,26,,,1,10,,41099,26,,,1,10,,41024,26,,,1,11,,41066,26,,,1,10,,41100,26,,,1,11,,41109,15,,,1,3,,41025,26,,,1,51,,41101,26,,,1,10,,41067,26,,,1,10,,41026,26,,,1,10,,41068,26,,,1,10,,41080,26,,,1,10,,41027,26,,,1,50,,41069,26,,,1,10,,41081,26,,,1,10,,41028,26,,,1,10,,41070,26,,,1,10,,41082,26,,,1,10,,41033,26,,,1,50,,41071,26,,,1,10,,41084,26,,,1,10,,41029,26,,,1,10,,41072,26,,,1,10,,41083,26,,,1,10,,41030,26,,,1,49,,41073,26,,,1,8,,41085,26,,,1,8,,41031,26,,,1,10,,41074,26,,,1,9,,41086,26,,,1,9,,41032,26,,,1,55,,41034,26,,,1,15,,41102,26,,,1,15,,41035,26,,,1,15,,41103,26,,,1,55,,41036,26,,,1,15,,41104,26,,,1,15,,41037,26,,,1,15,,41105,26,,,1,55,,41038,26,,,1,15,,41106,26,,,1,15,,41039,26,,,1,15,,41107,26,,,1,55,,41040,26,,,1,13,,41108,26,,,1,13,,41041,26,,,1,83,,41042,26,,,1,30,,41043,26,,,1,75,,41044,26,,,1,30,,41091,26,,,1
