801,'8-Holiday1-10000001',744,,34177,3,,,1,71,,34145,3,,,1,30,,34146,3,,,1,70,,34147,3,,,1,30,,34148,3,,,1,73,,34149,3,,,1,30,,34150,3,,,1,70,,34151,3,,,1,30,,34152,3,,,1,70,,34153,3,,,1,30,,34154,3,,,1,70,,34155,3,,,1,30,,34156,3,,,1,70,,34157,3,,,1,30,,34158,3,,,1,70,,34159,3,,,1,30,,34160,3,,,1,70,,34161,3,,,1,30,,34162,3,,,1,70,,34163,3,,,1,30,,34164,3,,,1,67,,34165,3,,,1,30,,34166,3,,,1,70,,34167,3,,,1,30,,34168,3,,,1,70,,34169,3,,,1,30,,34170,3,,,1,70,,34171,3,,,1,30,,34172,3,,,1,70,,34173,3,,,1,30,,34174,3,,,1,70,,34175,3,,,1,30,,34176,3,,,1
801,'8-Saturday-10000010',616,,34213,3,,,1,30,,34214,3,,,1,69,,34179,3,,,1,30,,34180,3,,,1,70,,34181,3,,,1,30,,34182,3,,,1,72,,34183,3,,,1,31,,34184,3,,,1,70,,34185,3,,,1,30,,34186,3,,,1,70,,34187,3,,,1,30,,34188,3,,,1,70,,34189,3,,,1,30,,34190,3,,,1,70,,34191,3,,,1,30,,34192,3,,,1,70,,34193,3,,,1,30,,34194,3,,,1,70,,34195,3,,,1,30,,34196,3,,,1,70,,34197,3,,,1,30,,34198,3,,,1,70,,34199,3,,,1,30,,34200,3,,,1,69,,34201,3,,,1,30,,34202,3,,,1,70,,34203,3,,,1,30,,34204,3,,,1,70,,34205,3,,,1,30,,34206,3,,,1,70,,34207,3,,,1,30,,34208,3,,,1,68,,34209,3,,,1,30,,34210,3,,,1,70,,34211,3,,,1,30,,34212,3,,,1
801,'8-Sunday-10000001',715,,34248,3,,,1,29,,34247,3,,,1,71,,34215,3,,,1,30,,34216,3,,,1,70,,34217,3,,,1,30,,34218,3,,,1,73,,34219,3,,,1,30,,34220,3,,,1,70,,34221,3,,,1,30,,34222,3,,,1,70,,34223,3,,,1,30,,34224,3,,,1,70,,34225,3,,,1,30,,34226,3,,,1,70,,34227,3,,,1,30,,34228,3,,,1,70,,34229,3,,,1,30,,34230,3,,,1,70,,34231,3,,,1,30,,34232,3,,,1,70,,34233,3,,,1,30,,34234,3,,,1,67,,34235,3,,,1,30,,34236,3,,,1,70,,34237,3,,,1,30,,34238,3,,,1,70,,34239,3,,,1,30,,34240,3,,,1,70,,34241,3,,,1,30,,34242,3,,,1,70,,34243,3,,,1,30,,34244,3,,,1,70,,34245,3,,,1,30,,34246,3,,,1
801,'8-Weekday-11111100',556,,34300,3,,,1,60,,34249,3,,,1,28,,34250,3,,,1,58,,34251,3,,,1,4,,34252,3,,,1,13,,34253,3,,,1,18,,34254,3,,,1,15,,34255,3,,,1,55,,34256,3,,,1,15,,34257,3,,,1,15,,34258,3,,,1,15,,34259,3,,,1,55,,34260,3,,,1,15,,34261,3,,,1,15,,34262,3,,,1,14,,34302,3,,,1,54,,34263,3,,,1,14,,34264,3,,,1,15,,34304,3,,,1,15,,34265,3,,,1,55,,34305,3,,,1,15,,34266,3,,,1,15,,34306,3,,,1,15,,34267,3,,,1,55,,34307,3,,,1,15,,34268,3,,,1,15,,34308,3,,,1,15,,34269,3,,,1,55,,34309,3,,,1,15,,34270,3,,,1,15,,34310,3,,,1,15,,34271,3,,,1,55,,34311,3,,,1,15,,34272,3,,,1,15,,34273,3,,,1,15,,34298,3,,,1,56,,34274,3,,,1,17,,34299,3,,,1,15,,34275,3,,,1,15,,34276,3,,,1,55,,34277,3,,,1,15,,34278,3,,,1,15,,34279,3,,,1,15,,34280,3,,,1,55,,34281,3,,,1,15,,34282,3,,,1,15,,34283,3,,,1,15,,34284,3,,,1,55,,34285,3,,,1,14,,34303,3,,,1,14,,34312,3,,,1,14,,34286,3,,,1,55,,34313,3,,,1,15,,34287,3,,,1,15,,34314,3,,,1,15,,34288,3,,,1,55,,34315,3,,,1,15,,34289,3,,,1,15,,34316,3,,,1,15,,34290,3,,,1,55,,34317,3,,,1,15,,34291,3,,,1,30,,34292,3,,,1,68,,34293,3,,,1,26,,34294,3,,,1,70,,34295,3,,,1,30,,34296,3,,,1
2900,'29-Saturday-10000010',716,,37289,28,,,1,30,,37290,28,,,1,70,,37291,28,,,1,30,,37292,28,,,1,72,,37293,28,,,1,30,,37294,28,,,1,70,,37295,28,,,1,30,,37296,28,,,1,70,,37297,28,,,1,30,,37298,28,,,1,70,,37299,28,,,1,30,,37300,28,,,1,70,,37301,28,,,1,30,,37302,28,,,1,70,,37303,28,,,1,30,,37304,28,,,1,70,,37305,28,,,1,30,,37306,28,,,1,70,,37307,28,,,1,30,,37308,28,,,1,70,,37309,28,,,1,30,,37310,28,,,1,69,,37311,28,,,1,30,,37312,28,,,1,70,,37313,28,,,1,30,,37314,28,,,1,70,,37315,28,,,1,30,,37316,28,,,1,70,,37317,28,,,1,30,,37318,28,,,1,70,,37319,28,,,1,30,,37320,28,,,1,70,,37321,28,,,1,30,,37322,28,,,1,100,,37323,28,,,1
2900,'29-Sunday-20000001',916,,37324,28,,,1,30,,37325,28,,,1,72,,37326,28,,,1,30,,37327,28,,,1,70,,37328,28,,,1,30,,37329,28,,,1,70,,37330,28,,,1,30,,37331,28,,,1,70,,37332,28,,,1,30,,37333,28,,,1,70,,37334,28,,,1,30,,37335,28,,,1,70,,37336,28,,,1,30,,37337,28,,,1,70,,37338,28,,,1,30,,37339,28,,,1,70,,37340,28,,,1,30,,37341,28,,,1,68,,37342,28,,,1,30,,37343,28,,,1,70,,37344,28,,,1,30,,37345,28,,,1,70,,37346,28,,,1,30,,37347,28,,,1,70,,37348,28,,,1,30,,37349,28,,,1,70,,37350,28,,,1,30,,37351,28,,,1,70,,37352,28,,,1,30,,37353,28,,,1,100,,37354,28,,,1
2900,'29-Weekday-11111100',606,,37391,28,,,1,40,,37388,28,,,1,69,,37390,28,,,1,42,,37389,28,,,1,70,,37364,28,,,1,30,,37365,28,,,1,70,,37366,28,,,1,29,,37367,28,,,1,70,,37368,28,,,1,30,,37369,28,,,1,70,,37370,28,,,1,30,,37371,28,,,1,70,,37372,28,,,1,30,,37373,28,,,1,70,,37374,28,,,1,30,,37375,28,,,1,70,,37376,28,,,1,33,,37377,28,,,1,70,,37378,28,,,1,30,,37379,28,,,1,70,,37380,28,,,1,30,,37381,28,,,1,70,,37382,28,,,1,30,,37383,28,,,1,66,,37384,28,,,1,30,,37385,28,,,1,70,,37386,28,,,1,30,,37387,28,,,1,70,,37363,28,,,1,30,,37362,28,,,1,70,,37361,28,,,1,30,,37355,28,,,1,65,,37360,28,,,1,25,,37358,28,,,1,65,,37359,28,,,1,30,,37357,28,,,1,70,,37356,28,,,1
20200,'202-Holiday1-10000001',734,,41111,13,,,1,70,,41112,13,,,1,30,,41113,13,,,1,70,,41114,13,,,1,30,,41115,13,,,1,71,,41116,13,,,1,31,,41117,13,,,1,70,,41118,13,,,1,30,,41119,13,,,1,70,,41120,13,,,1,30,,41110,13,,,1,70,,41121,13,,,1,30,,41122,13,,,1,70,,41123,13,,,1,30,,41124,13,,,1,70,,41125,13,,,1,30,,41126,13,,,1,70,,41127,13,,,1,30,,41128,13,,,1,70,,41129,13,,,1,30,,41130,13,,,1,69,,41131,13,,,1,29,,41132,13,,,1,70,,41133,13,,,1,30,,41134,13,,,1,70,,41135,13,,,1,30,,41136,13,,,1,70,,41137,13,,,1,30,,41138,13,,,1,70,,41139,13,,,1,30,,41140,13,,,1,70,,41141,13,,,1,30,,41142,13,,,1,70,,41143,13,,,1
20200,'202-Saturday-10000010',633,,41179,13,,,1,70,,41144,13,,,1,30,,41145,13,,,1,70,,41146,13,,,1,30,,41147,13,,,1,70,,41148,13,,,1,32,,41149,13,,,1,70,,41150,13,,,1,30,,41151,13,,,1,70,,41152,13,,,1,30,,41153,13,,,1,70,,41154,13,,,1,30,,41155,13,,,1,70,,41156,13,,,1,30,,41157,13,,,1,70,,41158,13,,,1,30,,41159,13,,,1,70,,41160,13,,,1,30,,41161,13,,,1,70,,41162,13,,,1,30,,41163,13,,,1,70,,41164,13,,,1,30,,41165,13,,,1,69,,41166,13,,,1,29,,41167,13,,,1,70,,41168,13,,,1,30,,41169,13,,,1,70,,41170,13,,,1,30,,41171,13,,,1,70,,41172,13,,,1,30,,41173,13,,,1,70,,41174,13,,,1,30,,41175,13,,,1,70,,41176,13,,,1,30,,41177,13,,,1,70,,41178,13,,,1
20200,'202-Sunday-10000001',733,,41181,13,,,1,70,,41182,13,,,1,30,,41183,13,,,1,70,,41184,13,,,1,30,,41185,13,,,1,70,,41186,13,,,1,32,,41187,13,,,1,70,,41188,13,,,1,30,,41189,13,,,1,70,,41190,13,,,1,30,,41180,13,,,1,70,,41191,13,,,1,30,,41192,13,,,1,70,,41193,13,,,1,30,,41194,13,,,1,70,,41195,13,,,1,30,,41196,13,,,1,70,,41197,13,,,1,30,,41198,13,,,1,70,,41199,13,,,1,30,,41200,13,,,1,68,,41201,13,,,1,30,,41202,13,,,1,70,,41203,13,,,1,30,,41204,13,,,1,70,,41205,13,,,1,30,,41206,13,,,1,70,,41207,13,,,1,30,,41208,13,,,1,70,,41209,13,,,1,30,,41210,13,,,1,70,,41211,13,,,1,30,,41212,13,,,1,70,,41213,13,,,1
20200,'202-Weekday-21111100',607,,41248,13,,,1,30,,41249,13,,,1,72,,41250,13,,,1,22,,41215,13,,,1,10,,41251,13,,,1,10,,41273,13,,,1,50,,41216,13,,,1,10,,41252,13,,,1,10,,41274,13,,,1,10,,41214,13,,,1,10,,41253,13,,,1,10,,41275,13,,,1,50,,41217,13,,,1,10,,41254,13,,,1,10,,41276,13,,,1,10,,41218,13,,,1,9,,41255,13,,,1,10,,41277,13,,,1,50,,41219,13,,,1,25,,41256,13,,,1,15,,41220,13,,,1,15,,41257,13,,,1,55,,41221,13,,,1,15,,41258,13,,,1,15,,41222,13,,,1,15,,41259,13,,,1,55,,41223,13,,,1,15,,41260,13,,,1,15,,41224,13,,,1,15,,41261,13,,,1,55,,41225,13,,,1,15,,41262,13,,,1,15,,41226,13,,,1,15,,41263,13,,,1,55,,41227,13,,,1,15,,41264,13,,,1,17,,41228,13,,,1,15,,41265,13,,,1,50,,41229,13,,,1,10,,41266,13,,,1,10,,41278,13,,,1,10,,41230,13,,,1,10,,41267,13,,,1,10,,41279,13,,,1,50,,41231,13,,,1,10,,41268,13,,,1,10,,41280,13,,,1,10,,41232,13,,,1,10,,41269,13,,,1,10,,41281,13,,,1,50,,41233,13,,,1,10,,41270,13,,,1,10,,41282,13,,,1,10,,41234,13,,,1,10,,41271,13,,,1,10,,41283,13,,,1,49,,41235,13,,,1,9,,41272,13,,,1,10,,41284,13,,,1,10,,41236,13,,,1,70,,41237,13,,,1,30,,41238,13,,,1,70,,41239,13,,,1,30,,41240,13,,,1,70,,41241,13,,,1,30,,41242,13,,,1,69,,41243,13,,,1,28,,41244,13,,,1,70,,41245,13,,,1,30,,41246,13,,,1,70,,41247,13,,,1
