1201,'12-Holiday1-10000001',736,,35058,2,,,1,70,,35056,2,,,1,30,,35024,2,,,1,70,,35025,2,,,1,30,,35026,2,,,1,71,,35027,2,,,1,31,,35028,2,,,1,70,,35029,2,,,1,30,,35030,2,,,1,70,,35031,2,,,1,30,,35032,2,,,1,70,,35033,2,,,1,30,,35034,2,,,1,70,,35035,2,,,1,30,,35036,2,,,1,70,,35037,2,,,1,30,,35038,2,,,1,70,,35039,2,,,1,30,,35040,2,,,1,70,,35041,2,,,1,30,,35042,2,,,1,69,,35043,2,,,1,29,,35044,2,,,1,70,,35045,2,,,1,30,,35046,2,,,1,70,,35047,2,,,1,30,,35048,2,,,1,70,,35049,2,,,1,30,,35050,2,,,1,70,,35051,2,,,1,30,,35052,2,,,1,70,,35053,2,,,1,30,,35054,2,,,1,70,,35055,2,,,1
1201,'12-Saturday-10000010',636,,35059,2,,,1,70,,35060,2,,,1,30,,35061,2,,,1,70,,35062,2,,,1,30,,35063,2,,,1,71,,35064,2,,,1,34,,35065,2,,,1,70,,35066,2,,,1,30,,35067,2,,,1,70,,35068,2,,,1,30,,35069,2,,,1,70,,35070,2,,,1,30,,35071,2,,,1,70,,35072,2,,,1,30,,35073,2,,,1,70,,35074,2,,,1,30,,35075,2,,,1,70,,35076,2,,,1,30,,35077,2,,,1,70,,35078,2,,,1,30,,35079,2,,,1,70,,35080,2,,,1,30,,35081,2,,,1,68,,35082,2,,,1,27,,35083,2,,,1,70,,35084,2,,,1,30,,35085,2,,,1,70,,35086,2,,,1,30,,35087,2,,,1,70,,35088,2,,,1,30,,35089,2,,,1,70,,35090,2,,,1,30,,35091,2,,,1,70,,35092,2,,,1,30,,35093,2,,,1,70,,35094,2,,,1
1201,'12-Sunday-10000001',736,,35130,2,,,1,70,,35128,2,,,1,30,,35096,2,,,1,70,,35097,2,,,1,30,,35098,2,,,1,71,,35099,2,,,1,31,,35100,2,,,1,70,,35101,2,,,1,30,,35102,2,,,1,70,,35103,2,,,1,30,,35104,2,,,1,70,,35105,2,,,1,30,,35106,2,,,1,70,,35107,2,,,1,30,,35108,2,,,1,70,,35109,2,,,1,30,,35110,2,,,1,70,,35111,2,,,1,30,,35112,2,,,1,70,,35113,2,,,1,30,,35114,2,,,1,69,,35115,2,,,1,29,,35116,2,,,1,70,,35117,2,,,1,30,,35118,2,,,1,70,,35119,2,,,1,30,,35120,2,,,1,70,,35121,2,,,1,30,,35122,2,,,1,70,,35123,2,,,1,30,,35124,2,,,1,70,,35125,2,,,1,30,,35126,2,,,1,70,,35127,2,,,1
1201,'12-Weekday-11111100',544,,35131,2,,,1,62,,35132,2,,,1,30,,35134,2,,,1,72,,35136,2,,,1,24,,35176,2,,,1,15,,35138,2,,,1,55,,35139,2,,,1,15,,35140,2,,,1,15,,35141,2,,,1,15,,35142,2,,,1,55,,35143,2,,,1,15,,35144,2,,,1,15,,35145,2,,,1,15,,35146,2,,,1,55,,35184,2,,,1,15,,35148,2,,,1,15,,35185,2,,,1,15,,35183,2,,,1,55,,35186,2,,,1,15,,35149,2,,,1,15,,35187,2,,,1,15,,35151,2,,,1,55,,35188,2,,,1,15,,35153,2,,,1,15,,35189,2,,,1,15,,35155,2,,,1,55,,35190,2,,,1,15,,35156,2,,,1,15,,35191,2,,,1,15,,35158,2,,,1,55,,35192,2,,,1,15,,35160,2,,,1,15,,35182,2,,,1,17,,35162,2,,,1,56,,35164,2,,,1,16,,35177,2,,,1,15,,35166,2,,,1,15,,35178,2,,,1,55,,35167,2,,,1,15,,35168,2,,,1,15,,35169,2,,,1,15,,35170,2,,,1,55,,35171,2,,,1,15,,35172,2,,,1,15,,35173,2,,,1,15,,35174,2,,,1,55,,35175,2,,,1,13,,35133,2,,,1,13,,35137,2,,,1,19,,35181,2,,,1,60,,35180,2,,,1,15,,35193,2,,,1,15,,35163,2,,,1,15,,35194,2,,,1,55,,35152,2,,,1,15,,35195,2,,,1,15,,35159,2,,,1,15,,35196,2,,,1,55,,35165,2,,,1,15,,35197,2,,,1,15,,35161,2,,,1,67,,35157,2,,,1,27,,35154,2,,,1,70,,35150,2,,,1,30,,35147,2,,,1,70,,35135,2,,,1
2901,'29-Saturday-10000010',737,,37392,22,,,1,70,,37393,22,,,1,30,,37394,22,,,1,70,,37395,22,,,1,30,,37396,22,,,1,70,,37397,22,,,1,30,,37398,22,,,1,70,,37399,22,,,1,30,,37400,22,,,1,70,,37401,22,,,1,30,,37402,22,,,1,70,,37403,22,,,1,30,,37404,22,,,1,70,,37405,22,,,1,30,,37406,22,,,1,70,,37407,22,,,1,30,,37408,22,,,1,70,,37409,22,,,1,30,,37410,22,,,1,70,,37411,22,,,1,30,,37412,22,,,1,70,,37413,22,,,1,30,,37414,22,,,1,70,,37415,22,,,1,30,,37416,22,,,1,70,,37417,22,,,1,30,,37418,22,,,1,70,,37419,22,,,1,30,,37420,22,,,1,70,,37421,22,,,1,30,,37422,22,,,1,70,,37423,22,,,1,30,,37424,22,,,1,100,,37425,22,,,1
2901,'29-Sunday-20000001',837,,37426,22,,,1,70,,37427,22,,,1,30,,37428,22,,,1,70,,37429,22,,,1,30,,37430,22,,,1,70,,37431,22,,,1,30,,37432,22,,,1,70,,37433,22,,,1,30,,37434,22,,,1,70,,37435,22,,,1,30,,37436,22,,,1,70,,37437,22,,,1,30,,37438,22,,,1,70,,37439,22,,,1,30,,37440,22,,,1,70,,37441,22,,,1,30,,37442,22,,,1,70,,37443,22,,,1,30,,37444,22,,,1,70,,37445,22,,,1,25,,37446,22,,,1,70,,37447,22,,,1,30,,37448,22,,,1,70,,37449,22,,,1,30,,37450,22,,,1,70,,37451,22,,,1,30,,37452,22,,,1,70,,37453,22,,,1,30,,37454,22,,,1,70,,37455,22,,,1,30,,37456,22,,,1,100,,37457,22,,,1
2901,'29-Weekday-11111100',601,,37494,11,,,1,24,,37460,22,,,1,30,,37461,22,,,1,74,,37462,22,,,1,30,,37463,22,,,1,70,,37464,22,,,1,30,,37465,22,,,1,70,,37466,22,,,1,29,,37467,22,,,1,70,,37468,22,,,1,30,,37469,22,,,1,70,,37470,22,,,1,30,,37471,22,,,1,70,,37472,22,,,1,30,,37473,22,,,1,70,,37474,22,,,1,30,,37475,22,,,1,70,,37459,22,,,1,73,,37458,22,,,1,30,,37476,22,,,1,70,,37477,22,,,1,30,,37478,22,,,1,70,,37479,22,,,1,30,,37480,22,,,1,70,,37481,22,,,1,28,,37482,22,,,1,30,,37483,22,,,1,70,,37484,22,,,1,30,,37485,22,,,1,70,,37486,22,,,1,30,,37487,22,,,1,70,,37488,22,,,1,30,,37489,22,,,1,66,,37490,22,,,1,30,,37491,22,,,1,70,,37492,22,,,1,30,,37493,22,,,1
20201,'202-Holiday1-10000001',752,,41286,16,,,1,70,,41287,16,,,1,30,,41288,16,,,1,70,,41285,16,,,1,30,,41289,16,,,1,71,,41290,16,,,1,30,,41291,16,,,1,70,,41292,16,,,1,30,,41293,16,,,1,70,,41294,16,,,1,30,,41295,16,,,1,70,,41296,16,,,1,30,,41297,16,,,1,70,,41298,16,,,1,30,,41299,16,,,1,70,,41300,16,,,1,30,,41301,16,,,1,70,,41302,16,,,1,30,,41303,16,,,1,70,,41304,16,,,1,30,,41305,16,,,1,69,,41306,16,,,1,30,,41307,16,,,1,70,,41308,16,,,1,30,,41309,16,,,1,70,,41310,16,,,1,30,,41311,16,,,1,70,,41312,16,,,1,30,,41313,16,,,1,70,,41314,16,,,1,30,,41315,16,,,1,70,,41316,16,,,1,30,,41317,16,,,1,70,,41318,16,,,1
20201,'202-Saturday-10000010',722,,41319,16,,,1,30,,41320,16,,,1,70,,41321,16,,,1,30,,41322,16,,,1,71,,41323,16,,,1,30,,41324,16,,,1,70,,41325,16,,,1,30,,41326,16,,,1,70,,41327,16,,,1,30,,41328,16,,,1,70,,41329,16,,,1,30,,41330,16,,,1,70,,41331,16,,,1,30,,41332,16,,,1,70,,41333,16,,,1,30,,41334,16,,,1,70,,41335,16,,,1,30,,41336,16,,,1,70,,41337,16,,,1,30,,41338,16,,,1,70,,41339,16,,,1,30,,41340,16,,,1,69,,41341,16,,,1,30,,41342,16,,,1,70,,41343,16,,,1,30,,41344,16,,,1,70,,41345,16,,,1,30,,41346,16,,,1,70,,41347,16,,,1,30,,41348,16,,,1,70,,41349,16,,,1,30,,41350,16,,,1,70,,41351,16,,,1,30,,41352,16,,,1,70,,41353,16,,,1
20201,'202-Sunday-10000001',751,,41355,16,,,1,70,,41356,16,,,1,30,,41357,16,,,1,70,,41354,16,,,1,30,,41358,16,,,1,72,,41359,16,,,1,30,,41360,16,,,1,70,,41361,16,,,1,30,,41362,16,,,1,70,,41363,16,,,1,30,,41364,16,,,1,70,,41365,16,,,1,30,,41366,16,,,1,70,,41367,16,,,1,30,,41368,16,,,1,70,,41369,16,,,1,30,,41370,16,,,1,70,,41371,16,,,1,30,,41372,16,,,1,70,,41373,16,,,1,30,,41374,16,,,1,68,,41375,16,,,1,30,,41376,16,,,1,70,,41377,16,,,1,30,,41378,16,,,1,70,,41379,16,,,1,30,,41380,16,,,1,70,,41381,16,,,1,30,,41382,16,,,1,70,,41383,16,,,1,30,,41384,16,,,1,70,,41385,16,,,1,30,,41386,16,,,1,70,,41387,16,,,1
20201,'202-Weekday-21111100',621,,41389,16,,,1,30,,41390,16,,,1,74,,41391,16,,,1,10,,41446,16,,,1,10,,41424,16,,,1,10,,41392,16,,,1,50,,41447,16,,,1,10,,41425,16,,,1,10,,41393,16,,,1,10,,41448,16,,,1,10,,41426,16,,,1,10,,41388,16,,,1,50,,41449,16,,,1,10,,41427,16,,,1,10,,41394,16,,,1,10,,41450,16,,,1,9,,41428,16,,,1,10,,41395,16,,,1,50,,41429,16,,,1,15,,41396,16,,,1,15,,41430,16,,,1,15,,41397,16,,,1,55,,41431,16,,,1,15,,41398,16,,,1,15,,41432,16,,,1,15,,41399,16,,,1,55,,41433,16,,,1,15,,41400,16,,,1,15,,41434,16,,,1,15,,41401,16,,,1,55,,41435,16,,,1,15,,41402,16,,,1,15,,41436,16,,,1,15,,41403,16,,,1,55,,41437,16,,,1,15,,41404,16,,,1,15,,41438,16,,,1,22,,41405,16,,,1,50,,41451,16,,,1,10,,41439,16,,,1,10,,41406,16,,,1,10,,41452,16,,,1,10,,41440,16,,,1,10,,41407,16,,,1,50,,41453,16,,,1,10,,41441,16,,,1,10,,41408,16,,,1,10,,41454,16,,,1,10,,41442,16,,,1,10,,41409,16,,,1,50,,41455,16,,,1,10,,41443,16,,,1,10,,41410,16,,,1,10,,41456,16,,,1,10,,41444,16,,,1,10,,41411,16,,,1,50,,41457,16,,,1,9,,41445,16,,,1,9,,41412,16,,,1,30,,41423,16,,,1,70,,41413,16,,,1,30,,41414,16,,,1,70,,41415,16,,,1,30,,41416,16,,,1,70,,41417,16,,,1,30,,41418,16,,,1,69,,41419,16,,,1,30,,41420,16,,,1,70,,41421,16,,,1,30,,41422,16,,,1
