801,'8-Holiday1-10000001',743,,34177,1,,,1,71,,34145,1,,,1,30,,34146,1,,,1,70,,34147,1,,,1,30,,34148,1,,,1,72,,34149,1,,,1,30,,34150,1,,,1,70,,34151,1,,,1,30,,34152,1,,,1,70,,34153,1,,,1,30,,34154,1,,,1,70,,34155,1,,,1,30,,34156,1,,,1,70,,34157,1,,,1,30,,34158,1,,,1,70,,34159,1,,,1,30,,34160,1,,,1,70,,34161,1,,,1,30,,34162,1,,,1,70,,34163,1,,,1,30,,34164,1,,,1,68,,34165,1,,,1,30,,34166,1,,,1,70,,34167,1,,,1,30,,34168,1,,,1,70,,34169,1,,,1,30,,34170,1,,,1,70,,34171,1,,,1,30,,34172,1,,,1,70,,34173,1,,,1,30,,34174,1,,,1,70,,34175,1,,,1,30,,34176,1,,,1
801,'8-Saturday-10000010',615,,34213,1,,,1,30,,34214,1,,,1,69,,34179,1,,,1,30,,34180,1,,,1,70,,34181,1,,,1,30,,34182,1,,,1,71,,34183,1,,,1,31,,34184,1,,,1,70,,34185,1,,,1,30,,34186,1,,,1,70,,34187,1,,,1,30,,34188,1,,,1,70,,34189,1,,,1,30,,34190,1,,,1,70,,34191,1,,,1,30,,34192,1,,,1,70,,34193,1,,,1,30,,34194,1,,,1,70,,34195,1,,,1,30,,34196,1,,,1,70,,34197,1,,,1,30,,34198,1,,,1,70,,34199,1,,,1,30,,34200,1,,,1,70,,34201,1,,,1,30,,34202,1,,,1,70,,34203,1,,,1,30,,34204,1,,,1,70,,34205,1,,,1,30,,34206,1,,,1,70,,34207,1,,,1,30,,34208,1,,,1,68,,34209,1,,,1,30,,34210,1,,,1,70,,34211,1,,,1,30,,34212,1,,,1
801,'8-Sunday-10000001',714,,34248,1,,,1,29,,34247,1,,,1,71,,34215,1,,,1,30,,34216,1,,,1,70,,34217,1,,,1,30,,34218,1,,,1,72,,34219,1,,,1,30,,34220,1,,,1,70,,34221,1,,,1,30,,34222,1,,,1,70,,34223,1,,,1,30,,34224,1,,,1,70,,34225,1,,,1,30,,34226,1,,,1,70,,34227,1,,,1,30,,34228,1,,,1,70,,34229,1,,,1,30,,34230,1,,,1,70,,34231,1,,,1,30,,34232,1,,,1,70,,34233,1,,,1,30,,34234,1,,,1,68,,34235,1,,,1,30,,34236,1,,,1,70,,34237,1,,,1,30,,34238,1,,,1,70,,34239,1,,,1,30,,34240,1,,,1,70,,34241,1,,,1,30,,34242,1,,,1,70,,34243,1,,,1,30,,34244,1,,,1,70,,34245,1,,,1,30,,34246,1,,,1
801,'8-Weekday-11111100',555,,34300,1,,,1,60,,34249,1,,,1,28,,34250,1,,,1,57,,34251,1,,,1,4,,34252,1,,,1,13,,34253,1,,,1,18,,34254,1,,,1,15,,34255,1,,,1,55,,34256,1,,,1,15,,34257,1,,,1,15,,34258,1,,,1,15,,34259,1,,,1,55,,34260,1,,,1,15,,34261,1,,,1,15,,34262,1,,,1,14,,34302,1,,,1,54,,34263,1,,,1,14,,34264,1,,,1,15,,34304,1,,,1,15,,34265,1,,,1,55,,34305,1,,,1,15,,34266,1,,,1,15,,34306,1,,,1,15,,34267,1,,,1,55,,34307,1,,,1,15,,34268,1,,,1,15,,34308,1,,,1,15,,34269,1,,,1,55,,34309,1,,,1,15,,34270,1,,,1,15,,34310,1,,,1,15,,34271,1,,,1,55,,34311,1,,,1,15,,34272,1,,,1,15,,34273,1,,,1,15,,34298,1,,,1,56,,34274,1,,,1,17,,34299,1,,,1,15,,34275,1,,,1,15,,34276,1,,,1,55,,34277,1,,,1,15,,34278,1,,,1,15,,34279,1,,,1,15,,34280,1,,,1,55,,34281,1,,,1,15,,34282,1,,,1,15,,34283,1,,,1,15,,34284,1,,,1,55,,34285,1,,,1,14,,34303,1,,,1,14,,34312,1,,,1,14,,34286,1,,,1,55,,34313,1,,,1,15,,34287,1,,,1,15,,34314,1,,,1,15,,34288,1,,,1,55,,34315,1,,,1,15,,34289,1,,,1,15,,34316,1,,,1,15,,34290,1,,,1,55,,34317,1,,,1,15,,34291,1,,,1,30,,34292,1,,,1,68,,34293,1,,,1,26,,34294,1,,,1,70,,34295,1,,,1,30,,34296,1,,,1
1200,'12-Holiday1-10000001',741,,34879,26,4,,1,71,,34880,46,4,,1,30,,34847,46,4,,1,70,,34848,46,4,,1,30,,34849,46,4,,1,72,,34850,46,4,,1,30,,34851,46,4,,1,70,,34852,46,4,,1,30,,34853,46,4,,1,70,,34854,46,4,,1,30,,34855,46,4,,1,70,,34856,46,4,,1,30,,34857,46,4,,1,70,,34858,46,4,,1,30,,34859,46,4,,1,70,,34860,46,4,,1,30,,34861,46,4,,1,70,,34862,46,4,,1,30,,34863,46,4,,1,70,,34864,46,4,,1,30,,34865,46,4,,1,68,,34866,46,4,,1,30,,34867,46,4,,1,70,,34868,46,4,,1,30,,34869,46,4,,1,70,,34870,46,4,,1,30,,34871,46,4,,1,70,,34872,46,4,,1,30,,34873,46,4,,1,70,,34874,46,4,,1,30,,34875,46,4,,1,70,,34876,46,4,,1,30,,34877,46,4,,1,70,,34878,46,4,,1
1200,'12-Saturday-10000010',643,,34916,26,4,,1,69,,34917,46,4,,1,30,,34881,46,4,,1,70,,34882,46,4,,1,30,,34883,46,4,,1,72,,34884,46,4,,1,30,,34885,46,4,,1,70,,34886,46,4,,1,30,,34887,46,4,,1,70,,34888,46,4,,1,30,,34889,46,4,,1,70,,34890,46,4,,1,30,,34891,46,4,,1,70,,34892,46,4,,1,30,,34893,46,4,,1,70,,34894,46,4,,1,30,,34895,46,4,,1,70,,34896,46,4,,1,30,,34897,46,4,,1,70,,34898,46,4,,1,30,,34899,46,4,,1,70,,34900,46,4,,1,30,,34901,46,4,,1,70,,34902,46,4,,1,30,,34903,46,4,,1,70,,34904,46,4,,1,30,,34905,46,4,,1,70,,34906,46,4,,1,30,,34907,46,4,,1,70,,34908,46,4,,1,30,,34909,46,4,,1,68,,34910,46,4,,1,30,,34911,46,4,,1,70,,34912,46,4,,1,30,,34913,46,4,,1,70,,34914,46,4,,1,30,,34915,46,4,,1
1200,'12-Sunday-10000001',712,,34952,26,4,,1,29,,34950,26,4,,1,71,,34951,46,4,,1,30,,34918,46,4,,1,70,,34919,46,4,,1,30,,34920,46,4,,1,72,,34921,46,4,,1,30,,34922,46,4,,1,70,,34923,46,4,,1,30,,34924,46,4,,1,70,,34925,46,4,,1,30,,34926,46,4,,1,70,,34927,46,4,,1,30,,34928,46,4,,1,70,,34929,46,4,,1,30,,34930,46,4,,1,70,,34931,46,4,,1,30,,34932,46,4,,1,70,,34933,46,4,,1,30,,34934,46,4,,1,70,,34935,46,4,,1,30,,34936,46,4,,1,68,,34937,46,4,,1,30,,34938,46,4,,1,70,,34939,46,4,,1,30,,34940,46,4,,1,70,,34941,46,4,,1,30,,34942,46,4,,1,70,,34943,46,4,,1,30,,34944,46,4,,1,70,,34945,46,4,,1,30,,34946,46,4,,1,70,,34947,46,4,,1,30,,34948,46,4,,1,70,,34949,46,4,,1
1200,'12-Weekday-11111100',553,,35005,26,4,,1,60,,35001,26,4,,1,28,,34953,46,4,,1,17,,35002,26,4,,1,57,,34954,46,4,,1,18,,35000,26,4,,1,15,,34955,46,4,,1,55,,34956,46,4,,1,15,,34957,46,4,,1,15,,34958,46,4,,1,15,,34959,46,4,,1,55,,34960,46,4,,1,15,,34961,46,4,,1,15,,34962,46,4,,1,14,,34963,46,4,,1,54,,35004,46,4,,1,14,,34964,46,4,,1,15,,35009,46,4,,1,15,,34965,46,4,,1,55,,35008,46,4,,1,15,,34966,46,4,,1,15,,35015,46,4,,1,15,,34967,46,4,,1,55,,35014,46,4,,1,15,,34968,46,4,,1,15,,35013,46,4,,1,15,,34969,46,4,,1,55,,35012,46,4,,1,15,,34970,46,4,,1,15,,35011,46,4,,1,15,,34971,46,4,,1,55,,35010,46,4,,1,15,,34972,46,4,,1,15,,35007,46,4,,1,15,,34973,46,4,,1,56,,35006,46,4,,1,17,,35003,46,4,,1,15,,34974,46,4,,1,15,,34975,46,4,,1,55,,34976,46,4,,1,15,,34977,46,4,,1,15,,34978,46,4,,1,15,,34979,46,4,,1,55,,34980,46,4,,1,15,,34981,46,4,,1,15,,34982,46,4,,1,15,,34983,46,4,,1,55,,34984,46,4,,1,14,,34985,46,4,,1,14,,34999,46,4,,1,14,,34986,46,4,,1,55,,35016,46,4,,1,15,,34987,46,4,,1,15,,35017,46,4,,1,15,,34988,46,4,,1,55,,35018,46,4,,1,15,,34989,46,4,,1,15,,35019,46,4,,1,15,,34990,46,4,,1,55,,35020,46,4,,1,15,,34991,46,4,,1,15,,35021,46,4,,1,15,,34992,46,4,,1,55,,35022,46,4,,1,13,,34993,46,4,,1,12,,35023,46,4,,1,14,,34994,46,4,,1,70,,34995,46,4,,1,30,,34996,46,4,,1,70,,34997,46,4,,1,30,,34998,46,4,,1
2900,'29-Saturday-10000010',715,,37289,26,,,1,30,,37290,26,,,1,70,,37291,26,,,1,30,,37292,26,,,1,71,,37293,26,,,1,30,,37294,26,,,1,70,,37295,26,,,1,30,,37296,26,,,1,70,,37297,26,,,1,30,,37298,26,,,1,70,,37299,26,,,1,30,,37300,26,,,1,70,,37301,26,,,1,30,,37302,26,,,1,70,,37303,26,,,1,30,,37304,26,,,1,70,,37305,26,,,1,30,,37306,26,,,1,70,,37307,26,,,1,30,,37308,26,,,1,70,,37309,26,,,1,30,,37310,26,,,1,70,,37311,26,,,1,30,,37312,26,,,1,70,,37313,26,,,1,30,,37314,26,,,1,70,,37315,26,,,1,30,,37316,26,,,1,70,,37317,26,,,1,30,,37318,26,,,1,70,,37319,26,,,1,30,,37320,26,,,1,70,,37321,26,,,1,30,,37322,26,,,1,100,,37323,26,,,1
2900,'29-Sunday-20000001',915,,37324,26,,,1,30,,37325,26,,,1,71,,37326,26,,,1,30,,37327,26,,,1,70,,37328,26,,,1,30,,37329,26,,,1,70,,37330,26,,,1,30,,37331,26,,,1,70,,37332,26,,,1,30,,37333,26,,,1,70,,37334,26,,,1,30,,37335,26,,,1,70,,37336,26,,,1,30,,37337,26,,,1,70,,37338,26,,,1,30,,37339,26,,,1,70,,37340,26,,,1,30,,37341,26,,,1,69,,37342,26,,,1,30,,37343,26,,,1,70,,37344,26,,,1,30,,37345,26,,,1,70,,37346,26,,,1,30,,37347,26,,,1,70,,37348,26,,,1,30,,37349,26,,,1,70,,37350,26,,,1,30,,37351,26,,,1,70,,37352,26,,,1,30,,37353,26,,,1,100,,37354,26,,,1
2900,'29-Weekday-11111100',605,,37391,26,,,1,40,,37388,26,,,1,69,,37390,26,,,1,42,,37389,26,,,1,70,,37364,26,,,1,30,,37365,26,,,1,70,,37366,26,,,1,29,,37367,26,,,1,70,,37368,26,,,1,30,,37369,26,,,1,70,,37370,26,,,1,30,,37371,26,,,1,70,,37372,26,,,1,30,,37373,26,,,1,70,,37374,26,,,1,30,,37375,26,,,1,70,,37376,26,,,1,32,,37377,26,,,1,70,,37378,26,,,1,30,,37379,26,,,1,70,,37380,26,,,1,30,,37381,26,,,1,70,,37382,26,,,1,30,,37383,26,,,1,66,,37384,26,,,1,30,,37385,26,,,1,70,,37386,26,,,1,30,,37387,26,,,1,70,,37363,26,,,1,30,,37362,26,,,1,70,,37361,26,,,1,30,,37355,26,,,1,66,,37360,26,,,1,25,,37358,26,,,1,65,,37359,26,,,1,30,,37357,26,,,1,70,,37356,26,,,1
20200,'202-Holiday1-10000001',733,,41111,12,,,1,70,,41112,12,,,1,30,,41113,12,,,1,70,,41114,12,,,1,30,,41115,12,,,1,70,,41116,12,,,1,31,,41117,12,,,1,70,,41118,12,,,1,30,,41119,12,,,1,70,,41120,12,,,1,30,,41110,12,,,1,70,,41121,12,,,1,30,,41122,12,,,1,70,,41123,12,,,1,30,,41124,12,,,1,70,,41125,12,,,1,30,,41126,12,,,1,70,,41127,12,,,1,30,,41128,12,,,1,70,,41129,12,,,1,30,,41130,12,,,1,70,,41131,12,,,1,29,,41132,12,,,1,70,,41133,12,,,1,30,,41134,12,,,1,70,,41135,12,,,1,30,,41136,12,,,1,70,,41137,12,,,1,30,,41138,12,,,1,70,,41139,12,,,1,30,,41140,12,,,1,70,,41141,12,,,1,30,,41142,12,,,1,70,,41143,12,,,1
20200,'202-Saturday-10000010',631,,41179,12,,,1,70,,41144,12,,,1,30,,41145,12,,,1,70,,41146,12,,,1,30,,41147,12,,,1,70,,41148,12,,,1,32,,41149,12,,,1,70,,41150,12,,,1,30,,41151,12,,,1,70,,41152,12,,,1,30,,41153,12,,,1,70,,41154,12,,,1,30,,41155,12,,,1,70,,41156,12,,,1,30,,41157,12,,,1,70,,41158,12,,,1,30,,41159,12,,,1,70,,41160,12,,,1,30,,41161,12,,,1,70,,41162,12,,,1,30,,41163,12,,,1,70,,41164,12,,,1,30,,41165,12,,,1,70,,41166,12,,,1,29,,41167,12,,,1,70,,41168,12,,,1,30,,41169,12,,,1,70,,41170,12,,,1,30,,41171,12,,,1,70,,41172,12,,,1,30,,41173,12,,,1,70,,41174,12,,,1,30,,41175,12,,,1,70,,41176,12,,,1,30,,41177,12,,,1,70,,41178,12,,,1
20200,'202-Sunday-10000001',731,,41181,12,,,1,70,,41182,12,,,1,30,,41183,12,,,1,70,,41184,12,,,1,30,,41185,12,,,1,70,,41186,12,,,1,32,,41187,12,,,1,70,,41188,12,,,1,30,,41189,12,,,1,70,,41190,12,,,1,30,,41180,12,,,1,70,,41191,12,,,1,30,,41192,12,,,1,70,,41193,12,,,1,30,,41194,12,,,1,70,,41195,12,,,1,30,,41196,12,,,1,70,,41197,12,,,1,30,,41198,12,,,1,70,,41199,12,,,1,30,,41200,12,,,1,69,,41201,12,,,1,30,,41202,12,,,1,70,,41203,12,,,1,30,,41204,12,,,1,70,,41205,12,,,1,30,,41206,12,,,1,70,,41207,12,,,1,30,,41208,12,,,1,70,,41209,12,,,1,30,,41210,12,,,1,70,,41211,12,,,1,30,,41212,12,,,1,70,,41213,12,,,1
20200,'202-Weekday-21111100',606,,41248,12,,,1,30,,41249,12,,,1,71,,41250,12,,,1,22,,41215,12,,,1,10,,41251,12,,,1,10,,41273,12,,,1,10,,41216,12,,,1,50,,41252,12,,,1,10,,41274,12,,,1,10,,41214,12,,,1,10,,41253,12,,,1,10,,41275,12,,,1,10,,41217,12,,,1,50,,41254,12,,,1,10,,41276,12,,,1,10,,41218,12,,,1,9,,41255,12,,,1,10,,41277,12,,,1,10,,41219,12,,,1,65,,41256,12,,,1,15,,41220,12,,,1,15,,41257,12,,,1,55,,41221,12,,,1,15,,41258,12,,,1,15,,41222,12,,,1,15,,41259,12,,,1,55,,41223,12,,,1,15,,41260,12,,,1,15,,41224,12,,,1,15,,41261,12,,,1,55,,41225,12,,,1,15,,41262,12,,,1,15,,41226,12,,,1,15,,41263,12,,,1,55,,41227,12,,,1,15,,41264,12,,,1,18,,41228,12,,,1,15,,41265,12,,,1,50,,41229,12,,,1,10,,41266,12,,,1,10,,41278,12,,,1,10,,41230,12,,,1,10,,41267,12,,,1,10,,41279,12,,,1,50,,41231,12,,,1,10,,41268,12,,,1,10,,41280,12,,,1,10,,41232,12,,,1,10,,41269,12,,,1,10,,41281,12,,,1,50,,41233,12,,,1,10,,41270,12,,,1,10,,41282,12,,,1,10,,41234,12,,,1,10,,41271,12,,,1,10,,41283,12,,,1,48,,41235,12,,,1,9,,41272,12,,,1,10,,41284,12,,,1,10,,41236,12,,,1,70,,41237,12,,,1,30,,41238,12,,,1,70,,41239,12,,,1,30,,41240,12,,,1,70,,41241,12,,,1,30,,41242,12,,,1,70,,41243,12,,,1,28,,41244,12,,,1,70,,41245,12,,,1,30,,41246,12,,,1,70,,41247,12,,,1
