5301,'53-Holiday1-10000001',849,,38848,6,,,1,100,,38849,6,,,1,101,,38850,6,,,1,100,,38851,6,,,1,100,,38852,6,,,1,100,,38853,6,,,1,100,,38854,6,,,1,100,,38855,6,,,1,100,,38856,6,,,1,100,,38857,6,,,1,99,,38858,6,,,1,100,,38859,6,,,1,100,,38860,6,,,1,100,,38861,6,,,1,100,,38862,6,,,1
5301,'53-Saturday-10000010',649,,38891,6,,,1,70,,38864,6,,,1,30,,38865,6,,,1,70,,38866,6,,,1,30,,38867,6,,,1,72,,38868,6,,,1,30,,38869,6,,,1,70,,38870,6,,,1,30,,38871,6,,,1,70,,38872,6,,,1,30,,38873,6,,,1,70,,38874,6,,,1,30,,38875,6,,,1,70,,38876,6,,,1,30,,38877,6,,,1,70,,38878,6,,,1,30,,38879,6,,,1,70,,38880,6,,,1,30,,38881,6,,,1,70,,38882,6,,,1,30,,38883,6,,,1,70,,38884,6,,,1,30,,38885,6,,,1,69,,38886,6,,,1,30,,38887,6,,,1,100,,38888,6,,,1,100,,38889,6,,,1,100,,38890,6,,,1,100,,38863,6,,,1,155,,38892,6,,,1
5301,'53-Sunday-10000001',819,,38893,6,,,1,100,,38894,6,,,1,101,,38895,6,,,1,30,,38896,6,,,1,70,,38897,6,,,1,30,,38898,6,,,1,70,,38899,6,,,1,30,,38900,6,,,1,70,,38901,6,,,1,30,,38902,6,,,1,70,,38903,6,,,1,30,,38904,6,,,1,70,,38905,6,,,1,30,,38906,6,,,1,70,,38907,6,,,1,30,,38908,6,,,1,70,,38909,6,,,1,30,,38910,6,,,1,99,,38911,6,,,1,100,,38912,6,,,1,100,,38913,6,,,1,100,,38914,6,,,1,100,,38915,6,,,1
5301,'53-Weekday-11111100',535,,38937,6,,,1,70,,38938,6,,,1,30,,38939,6,,,1,70,,38940,6,,,1,30,,38941,6,,,1,70,,38942,6,,,1,30,,38916,6,,,1,70,,38917,6,,,1,30,,38918,6,,,1,70,,38919,6,,,1,30,,38920,6,,,1,70,,38921,6,,,1,30,,38922,6,,,1,70,,38923,6,,,1,30,,38924,6,,,1,70,,38925,6,,,1,31,,38952,6,,,1,70,,38947,6,,,1,25,,38946,6,,,1,26,,38945,6,,,1,70,,38944,6,,,1,30,,38943,6,,,1,70,,38950,6,,,1,30,,38951,6,,,1,70,,38926,6,,,1,30,,38927,6,,,1,78,,38928,6,,,1,70,,38929,6,,,1,30,,38930,6,,,1,70,,38931,6,,,1,30,,38932,6,,,1,70,,38933,6,,,1,30,,38949,6,,,1,69,,38948,6,,,1,30,,38934,6,,,1,70,,38935,6,,,1,30,,38936,6,,,1
5801,'58-Holiday1-11111111',804,,39588,6,,,1,100,,39587,6,,,1,101,,39586,6,,,1,100,,39589,6,,,1,100,,39590,6,,,1,100,,39591,6,,,1,100,,39592,6,,,1,100,,39593,6,,,1,100,,39594,6,,,1,100,,39595,6,,,1,99,,39596,6,,,1,100,,39601,6,,,1,100,,39600,6,,,1,100,,39599,6,,,1,100,,39598,6,,,1,100,,39597,6,,,1
5801,'58-Saturday-10000010',634,,39609,6,,,1,70,,39608,6,,,1,30,,39607,6,,,1,70,,39606,6,,,1,30,,39605,6,,,1,71,,39604,6,,,1,30,,39603,6,,,1,70,,39602,6,,,1,30,,39625,6,,,1,70,,39624,6,,,1,30,,39623,6,,,1,70,,39622,6,,,1,30,,39621,6,,,1,70,,39620,6,,,1,30,,39619,6,,,1,70,,39618,6,,,1,30,,39617,6,,,1,70,,39616,6,,,1,30,,39615,6,,,1,70,,39614,6,,,1,30,,39613,6,,,1,70,,39612,6,,,1,30,,39611,6,,,1,70,,39610,6,,,1,100,,39627,6,,,1,100,,39629,6,,,1,100,,39630,6,,,1,100,,39628,6,,,1,100,,39626,6,,,1
5801,'58-Sunday-10000001',834,,39633,6,,,1,100,,39632,6,,,1,101,,39631,6,,,1,70,,39634,6,,,1,30,,39648,6,,,1,70,,39647,6,,,1,30,,39646,6,,,1,70,,39645,6,,,1,30,,39644,6,,,1,70,,39643,6,,,1,30,,39642,6,,,1,70,,39641,6,,,1,30,,39640,6,,,1,70,,39639,6,,,1,30,,39638,6,,,1,70,,39637,6,,,1,30,,39636,6,,,1,69,,39635,6,,,1,100,,39653,6,,,1,100,,39652,6,,,1,100,,39651,6,,,1,100,,39650,6,,,1,100,,39649,6,,,1
5801,'58-Weekday-11111100',539,,39657,6,,,1,70,,39656,6,,,1,30,,39655,6,,,1,71,,39654,6,,,1,30,,39670,6,,,1,70,,39669,6,,,1,30,,39668,6,,,1,70,,39667,6,,,1,30,,39666,6,,,1,70,,39665,6,,,1,30,,39664,6,,,1,70,,39663,6,,,1,30,,39662,6,,,1,70,,39661,6,,,1,30,,39660,6,,,1,70,,39659,6,,,1,30,,39658,6,,,1,70,,39676,6,,,1,36,,39675,6,,,1,70,,39688,6,,,1,30,,39674,6,,,1,70,,39673,6,,,1,30,,39672,6,,,1,70,,39687,6,,,1,30,,39689,6,,,1,69,,39671,6,,,1,20,,39686,6,,,1,70,,39685,6,,,1,30,,39684,6,,,1,70,,39683,6,,,1,30,,39682,6,,,1,70,,39681,6,,,1,30,,39680,6,,,1,65,,39679,6,,,1,29,,39678,6,,,1,30,,39677,6,,,1
6000,'60-Saturday-10000010',705,,39690,5,,,1,30,,39691,5,,,1,70,,39692,5,,,1,30,,39693,5,,,1,70,,39694,5,,,1,30,,39695,5,,,1,70,,39696,5,,,1,30,,39697,5,,,1,70,,39698,5,,,1,30,,39699,5,,,1,70,,39700,5,,,1,30,,39701,5,,,1,70,,39702,5,,,1,30,,39703,5,,,1,70,,39704,5,,,1,30,,39705,5,,,1,70,,39706,5,,,1,30,,39707,5,,,1,70,,39708,5,,,1,30,,39709,5,,,1,70,,39710,5,,,1,30,,39711,5,,,1,70,,39712,5,,,1,30,,39713,5,,,1
6000,'60-Weekday-11111100',606,,39714,5,,,1,30,,39715,5,,,1,70,,39716,5,,,1,30,,39717,5,,,1,70,,39718,5,,,1,30,,39719,5,,,1,70,,39720,5,,,1,30,,39721,5,,,1,70,,39722,5,,,1,30,,39723,5,,,1,70,,39724,5,,,1,30,,39725,5,,,1,70,,39726,5,,,1,30,,39727,5,,,1,70,,39728,5,,,1,30,,39729,5,,,1,70,,39730,5,,,1,31,,39731,5,,,1,70,,39732,5,0,38 39,1,30,,39733,5,0,38 39,1,70,,39734,5,0,38 39,1,30,,39735,5,0,38 39,1,70,,39736,5,0,38 39,1,30,,39737,5,0,38 39,1,69,,39738,5,0,38 39,1,30,,39739,5,,,1,70,,39740,5,,,1,30,,39741,5,,,1,70,,39742,5,,,1,30,,39743,5,,,1,70,,39744,5,,,1,30,,39745,5,,,1
6500,'65-Holiday1-10000001',850,,40312,5,,,1,85,,40313,5,,,1,85,,40314,5,,,1,85,,40315,5,,,1,45,,40316,5,,,1,85,,40317,5,,,1,85,,40318,5,,,1,85,,40319,5,,,1,45,,40320,5,,,1,85,,40321,5,,,1,85,,40322,5,,,1,85,,40323,5,,,1,45,,40324,5,,,1,85,,40325,5,,,1,85,,40326,5,,,1,85,,40327,5,,,1,45,,40328,5,,,1,85,,40329,5,,,1
6500,'65-Saturday-10000010',720,,40330,5,,,1,30,,40331,5,,,1,70,,40332,5,,,1,30,,40333,5,,,1,71,,40334,5,,,1,30,,40335,5,,,1,70,,40336,5,,,1,30,,40337,5,,,1,70,,40338,5,,,1,30,,40339,5,,,1,70,,40340,5,,,1,30,,40341,5,,,1,70,,40342,5,,,1,30,,40343,5,,,1,70,,40344,5,,,1,30,,40345,5,,,1,70,,40346,5,,,1,30,,40347,5,,,1,70,,40348,5,,,1,30,,40349,5,,,1,70,,40350,5,,,1,30,,40351,5,,,1,69,,40352,5,,,1,85,,40353,5,,,1,45,,40354,5,,,1,85,,40355,5,,,1,85,,40356,5,,,1,85,,40357,5,,,1,45,,40358,5,,,1,85,,40359,5,,,1
6500,'65-Sunday-10000001',850,,40360,5,,,1,70,,40392,5,,,1,30,,40361,5,,,1,70,,40362,5,,,1,30,,40363,5,,,1,70,,40364,5,,,1,30,,40365,5,,,1,70,,40366,5,,,1,30,,40367,5,,,1,70,,40368,5,,,1,30,,40369,5,,,1,70,,40370,5,,,1,30,,40371,5,,,1,70,,40372,5,,,1,30,,40373,5,,,1,70,,40374,5,,,1,30,,40375,5,,,1,70,,40376,5,,,1,30,,40377,5,,,1,70,,40378,5,,,1,85,,40379,5,,,1,45,,40380,5,,,1,85,,40381,5,,,1,85,,40382,5,,,1,85,,40383,5,,,1
6500,'65-Weekday-11111100',620,,40393,5,,,1,30,,40394,5,,,1,71,,40395,5,,,1,30,,40396,5,,,1,70,,40397,5,,,1,30,,40398,5,,,1,70,,40399,5,,,1,30,,40400,5,,,1,70,,40401,5,,,1,30,,40402,5,,,1,70,,40403,5,,,1,30,,40404,5,,,1,70,,40405,5,,,1,30,,40406,5,,,1,70,,40407,5,,,1,30,,40408,5,,,1,75,,40409,5,,,1,27,,40410,5,0,40,1,65,,40411,5,0,40,1,30,,40412,5,0,40,1,70,,40413,5,0,40,1,30,,40414,5,0,40,1,70,,40415,5,0,40,1,30,,40416,5,0,40,1,72,,40417,5,,,1,30,,40418,5,,,1,70,,40419,5,,,1,30,,40420,5,,,1,70,,40421,5,,,1,30,,40422,5,,,1,70,,40423,5,,,1,30,,40424,5,,,1,70,,40425,5,,,1,30,,40426,5,,,1,70,,40427,5,,,1,30,,40428,5,,,1
