1200,'12-Holiday1-10000001',740,,34879,25,,,1,71,,34880,45,,,1,30,,34847,45,,,1,70,,34848,45,,,1,30,,34849,45,,,1,72,,34850,45,,,1,30,,34851,45,,,1,70,,34852,45,,,1,30,,34853,45,,,1,70,,34854,45,,,1,30,,34855,45,,,1,70,,34856,45,,,1,30,,34857,45,,,1,70,,34858,45,,,1,30,,34859,45,,,1,70,,34860,45,,,1,30,,34861,45,,,1,70,,34862,45,,,1,30,,34863,45,,,1,70,,34864,45,,,1,30,,34865,45,,,1,68,,34866,45,,,1,30,,34867,45,,,1,70,,34868,45,,,1,30,,34869,45,,,1,70,,34870,45,,,1,30,,34871,45,,,1,70,,34872,45,,,1,30,,34873,45,,,1,70,,34874,45,,,1,30,,34875,45,,,1,70,,34876,45,,,1,30,,34877,45,,,1,70,,34878,45,,,1
1200,'12-Saturday-10000010',642,,34916,25,,,1,69,,34917,45,,,1,30,,34881,45,,,1,70,,34882,45,,,1,30,,34883,45,,,1,72,,34884,45,,,1,30,,34885,45,,,1,70,,34886,45,,,1,30,,34887,45,,,1,70,,34888,45,,,1,30,,34889,45,,,1,70,,34890,45,,,1,30,,34891,45,,,1,70,,34892,45,,,1,30,,34893,45,,,1,70,,34894,45,,,1,30,,34895,45,,,1,70,,34896,45,,,1,30,,34897,45,,,1,70,,34898,45,,,1,30,,34899,45,,,1,70,,34900,45,,,1,30,,34901,45,,,1,70,,34902,45,,,1,30,,34903,45,,,1,70,,34904,45,,,1,30,,34905,45,,,1,70,,34906,45,,,1,30,,34907,45,,,1,70,,34908,45,,,1,30,,34909,45,,,1,68,,34910,45,,,1,30,,34911,45,,,1,70,,34912,45,,,1,30,,34913,45,,,1,70,,34914,45,,,1,30,,34915,45,,,1
1200,'12-Sunday-10000001',711,,34952,25,,,1,29,,34950,25,,,1,71,,34951,45,,,1,30,,34918,45,,,1,70,,34919,45,,,1,30,,34920,45,,,1,72,,34921,45,,,1,30,,34922,45,,,1,70,,34923,45,,,1,30,,34924,45,,,1,70,,34925,45,,,1,30,,34926,45,,,1,70,,34927,45,,,1,30,,34928,45,,,1,70,,34929,45,,,1,30,,34930,45,,,1,70,,34931,45,,,1,30,,34932,45,,,1,70,,34933,45,,,1,30,,34934,45,,,1,70,,34935,45,,,1,30,,34936,45,,,1,68,,34937,45,,,1,30,,34938,45,,,1,70,,34939,45,,,1,30,,34940,45,,,1,70,,34941,45,,,1,30,,34942,45,,,1,70,,34943,45,,,1,30,,34944,45,,,1,70,,34945,45,,,1,30,,34946,45,,,1,70,,34947,45,,,1,30,,34948,45,,,1,70,,34949,45,,,1
1200,'12-Weekday-11111100',552,,35005,25,,,1,60,,35001,25,,,1,28,,34953,45,,,1,17,,35002,25,,,1,57,,34954,45,,,1,18,,35000,25,,,1,15,,34955,45,,,1,55,,34956,45,,,1,15,,34957,45,,,1,15,,34958,45,,,1,15,,34959,45,,,1,55,,34960,45,,,1,15,,34961,45,,,1,15,,34962,45,,,1,14,,34963,45,,,1,54,,35004,45,,,1,14,,34964,45,,,1,15,,35009,45,,,1,15,,34965,45,,,1,15,,35008,45,,,1,55,,34966,45,,,1,15,,35015,45,,,1,15,,34967,45,,,1,15,,35014,45,,,1,55,,34968,45,,,1,15,,35013,45,,,1,15,,34969,45,,,1,15,,35012,45,,,1,55,,34970,45,,,1,15,,35011,45,,,1,15,,34971,45,,,1,15,,35010,45,,,1,55,,34972,45,,,1,15,,35007,45,,,1,15,,34973,45,,,1,56,,35006,45,,,1,17,,35003,45,,,1,15,,34974,45,,,1,15,,34975,45,,,1,55,,34976,45,,,1,15,,34977,45,,,1,15,,34978,45,,,1,15,,34979,45,,,1,55,,34980,45,,,1,15,,34981,45,,,1,15,,34982,45,,,1,15,,34983,45,,,1,55,,34984,45,,,1,14,,34985,45,,,1,14,,34999,45,,,1,14,,34986,45,,,1,15,,35016,45,,,1,55,,34987,45,,,1,15,,35017,45,,,1,15,,34988,45,,,1,15,,35018,45,,,1,55,,34989,45,,,1,15,,35019,45,,,1,15,,34990,45,,,1,15,,35020,45,,,1,55,,34991,45,,,1,15,,35021,45,,,1,15,,34992,45,,,1,15,,35022,45,,,1,53,,34993,45,,,1,12,,35023,45,,,1,14,,34994,45,,,1,70,,34995,45,,,1,30,,34996,45,,,1,70,,34997,45,,,1,30,,34998,45,,,1
2900,'29-Saturday-10000010',714,,37289,25,,,1,30,,37290,25,,,1,70,,37291,25,,,1,30,,37292,25,,,1,71,,37293,25,,,1,30,,37294,25,,,1,70,,37295,25,,,1,30,,37296,25,,,1,70,,37297,25,,,1,30,,37298,25,,,1,70,,37299,25,,,1,30,,37300,25,,,1,70,,37301,25,,,1,30,,37302,25,,,1,70,,37303,25,,,1,30,,37304,25,,,1,70,,37305,25,,,1,30,,37306,25,,,1,70,,37307,25,,,1,30,,37308,25,,,1,70,,37309,25,,,1,30,,37310,25,,,1,70,,37311,25,,,1,30,,37312,25,,,1,70,,37313,25,,,1,30,,37314,25,,,1,70,,37315,25,,,1,30,,37316,25,,,1,70,,37317,25,,,1,30,,37318,25,,,1,70,,37319,25,,,1,30,,37320,25,,,1,70,,37321,25,,,1,30,,37322,25,,,1,100,,37323,25,,,1
2900,'29-Sunday-20000001',914,,37324,25,,,1,30,,37325,25,,,1,71,,37326,25,,,1,30,,37327,25,,,1,70,,37328,25,,,1,30,,37329,25,,,1,70,,37330,25,,,1,30,,37331,25,,,1,70,,37332,25,,,1,30,,37333,25,,,1,70,,37334,25,,,1,30,,37335,25,,,1,70,,37336,25,,,1,30,,37337,25,,,1,70,,37338,25,,,1,30,,37339,25,,,1,70,,37340,25,,,1,30,,37341,25,,,1,69,,37342,25,,,1,30,,37343,25,,,1,70,,37344,25,,,1,30,,37345,25,,,1,70,,37346,25,,,1,30,,37347,25,,,1,70,,37348,25,,,1,30,,37349,25,,,1,70,,37350,25,,,1,30,,37351,25,,,1,70,,37352,25,,,1,30,,37353,25,,,1,100,,37354,25,,,1
2900,'29-Weekday-11111100',604,,37391,25,,,1,40,,37388,25,,,1,69,,37390,25,,,1,42,,37389,25,,,1,70,,37364,25,,,1,30,,37365,25,,,1,70,,37366,25,,,1,29,,37367,25,,,1,70,,37368,25,,,1,30,,37369,25,,,1,70,,37370,25,,,1,30,,37371,25,,,1,70,,37372,25,,,1,30,,37373,25,,,1,70,,37374,25,,,1,30,,37375,25,,,1,70,,37376,25,,,1,32,,37377,25,,,1,70,,37378,25,,,1,30,,37379,25,,,1,70,,37380,25,,,1,30,,37381,25,,,1,70,,37382,25,,,1,30,,37383,25,,,1,66,,37384,25,,,1,30,,37385,25,,,1,70,,37386,25,,,1,30,,37387,25,,,1,70,,37363,25,,,1,30,,37362,25,,,1,70,,37361,25,,,1,30,,37355,25,,,1,66,,37360,25,,,1,25,,37358,25,,,1,65,,37359,25,,,1,30,,37357,25,,,1,70,,37356,25,,,1
9101,'91-Saturday-10000010',2443,,40702,5,0,21 22 23,1,70,,40703,5,0,21 22 23,1,30,,40704,5,0,21 22 23,1
9101,'91-Weekday-10001100',2443,,40705,5,0,21 22 23,1,70,,40706,5,0,21 22 23,1,30,,40707,5,0,21 22 23,1
20200,'202-Holiday1-10000001',733,,41111,11,,,1,70,,41112,11,,,1,30,,41113,11,,,1,70,,41114,11,,,1,30,,41115,11,,,1,70,,41116,11,,,1,31,,41117,11,,,1,70,,41118,11,,,1,30,,41119,11,,,1,70,,41120,11,,,1,30,,41110,11,,,1,70,,41121,11,,,1,30,,41122,11,,,1,70,,41123,11,,,1,30,,41124,11,,,1,70,,41125,11,,,1,30,,41126,11,,,1,70,,41127,11,,,1,30,,41128,11,,,1,70,,41129,11,,,1,30,,41130,11,,,1,70,,41131,11,,,1,29,,41132,11,,,1,70,,41133,11,,,1,30,,41134,11,,,1,70,,41135,11,,,1,30,,41136,11,,,1,70,,41137,11,,,1,30,,41138,11,,,1,70,,41139,11,,,1,30,,41140,11,,,1,70,,41141,11,,,1,30,,41142,11,,,1,70,,41143,11,,,1
20200,'202-Saturday-10000010',631,,41179,11,,,1,70,,41144,11,,,1,30,,41145,11,,,1,70,,41146,11,,,1,30,,41147,11,,,1,70,,41148,11,,,1,32,,41149,11,,,1,70,,41150,11,,,1,30,,41151,11,,,1,70,,41152,11,,,1,30,,41153,11,,,1,70,,41154,11,,,1,30,,41155,11,,,1,70,,41156,11,,,1,30,,41157,11,,,1,70,,41158,11,,,1,30,,41159,11,,,1,70,,41160,11,,,1,30,,41161,11,,,1,70,,41162,11,,,1,30,,41163,11,,,1,70,,41164,11,,,1,30,,41165,11,,,1,70,,41166,11,,,1,29,,41167,11,,,1,70,,41168,11,,,1,30,,41169,11,,,1,70,,41170,11,,,1,30,,41171,11,,,1,70,,41172,11,,,1,30,,41173,11,,,1,70,,41174,11,,,1,30,,41175,11,,,1,70,,41176,11,,,1,30,,41177,11,,,1,70,,41178,11,,,1
20200,'202-Sunday-10000001',731,,41181,11,,,1,70,,41182,11,,,1,30,,41183,11,,,1,70,,41184,11,,,1,30,,41185,11,,,1,70,,41186,11,,,1,32,,41187,11,,,1,70,,41188,11,,,1,30,,41189,11,,,1,70,,41190,11,,,1,30,,41180,11,,,1,70,,41191,11,,,1,30,,41192,11,,,1,70,,41193,11,,,1,30,,41194,11,,,1,70,,41195,11,,,1,30,,41196,11,,,1,70,,41197,11,,,1,30,,41198,11,,,1,70,,41199,11,,,1,30,,41200,11,,,1,69,,41201,11,,,1,30,,41202,11,,,1,70,,41203,11,,,1,30,,41204,11,,,1,70,,41205,11,,,1,30,,41206,11,,,1,70,,41207,11,,,1,30,,41208,11,,,1,70,,41209,11,,,1,30,,41210,11,,,1,70,,41211,11,,,1,30,,41212,11,,,1,70,,41213,11,,,1
20200,'202-Weekday-21111100',606,,41248,11,,,1,30,,41249,11,,,1,71,,41250,11,,,1,22,,41215,11,,,1,10,,41251,11,,,1,10,,41273,11,,,1,10,,41216,11,,,1,50,,41252,11,,,1,10,,41274,11,,,1,10,,41214,11,,,1,10,,41253,11,,,1,10,,41275,11,,,1,10,,41217,11,,,1,50,,41254,11,,,1,10,,41276,11,,,1,10,,41218,11,,,1,9,,41255,11,,,1,10,,41277,11,,,1,10,,41219,11,,,1,65,,41256,11,,,1,15,,41220,11,,,1,15,,41257,11,,,1,55,,41221,11,,,1,15,,41258,11,,,1,15,,41222,11,,,1,15,,41259,11,,,1,55,,41223,11,,,1,15,,41260,11,,,1,15,,41224,11,,,1,15,,41261,11,,,1,55,,41225,11,,,1,15,,41262,11,,,1,15,,41226,11,,,1,15,,41263,11,,,1,55,,41227,11,,,1,15,,41264,11,,,1,17,,41228,11,,,1,15,,41265,11,,,1,50,,41229,11,,,1,10,,41266,11,,,1,10,,41278,11,,,1,10,,41230,11,,,1,10,,41267,11,,,1,10,,41279,11,,,1,50,,41231,11,,,1,10,,41268,11,,,1,10,,41280,11,,,1,10,,41232,11,,,1,10,,41269,11,,,1,10,,41281,11,,,1,50,,41233,11,,,1,10,,41270,11,,,1,10,,41282,11,,,1,10,,41234,11,,,1,10,,41271,11,,,1,10,,41283,11,,,1,49,,41235,11,,,1,9,,41272,11,,,1,10,,41284,11,,,1,10,,41236,11,,,1,70,,41237,11,,,1,30,,41238,11,,,1,70,,41239,11,,,1,30,,41240,11,,,1,70,,41241,11,,,1,30,,41242,11,,,1,70,,41243,11,,,1,28,,41244,11,,,1,70,,41245,11,,,1,30,,41246,11,,,1,70,,41247,11,,,1
