701,'7-Holiday1-10000001',836,,33732,21,,,1,70,,33733,21,,,1,30,,33735,21,,,1,70,,33736,21,,,1,30,,33737,21,,,1,70,,33738,21,,,1,30,,33739,21,,,1,70,,33740,21,,,1,30,,33741,21,,,1,70,,33742,21,,,1,30,,33743,21,,,1,70,,33744,21,,,1,30,,33745,21,,,1,70,,33746,21,,,1,30,,33747,21,,,1,70,,33748,21,,,1,30,,33749,21,,,1,70,,33750,21,,,1,30,,33751,21,,,1,70,,33752,21,,,1,30,,33753,21,,,1,70,,33754,21,,,1,30,,33755,21,,,1,70,,33756,21,,,1,30,,33757,21,,,1,70,,33758,21,,,1,30,,33759,21,,,1,70,,33730,21,,,1,30,,33728,21,,,1,70,,33731,21,,,1,30,,33729,21,,,1,70,,33734,21,,,1
701,'7-Saturday-10000010',635,,33763,21,,,1,70,,33765,21,,,1,30,,33767,21,,,1,15,,33768,21,,,1,55,,33769,21,,,1,15,,33770,21,,,1,15,,33771,21,,,1,15,,33772,21,,,1,56,,33773,21,,,1,23,,33774,21,,,1,15,,33775,21,,,1,15,,33776,21,,,1,55,,33777,21,,,1,15,,33778,21,,,1,15,,33779,21,,,1,15,,33780,21,,,1,55,,33781,21,,,1,15,,33782,21,,,1,15,,33783,21,,,1,15,,33784,21,,,1,55,,33785,21,,,1,15,,33786,21,,,1,15,,33787,21,,,1,15,,33788,21,,,1,55,,33789,21,,,1,15,,33790,21,,,1,15,,33791,21,,,1,15,,33792,21,,,1,55,,33793,21,,,1,15,,33794,21,,,1,15,,33795,21,,,1,15,,33796,21,,,1,55,,33797,21,,,1,15,,33798,21,,,1,15,,33799,21,,,1,15,,33800,21,,,1,55,,33801,21,,,1,15,,33802,21,,,1,15,,33803,21,,,1,15,,33804,21,,,1,55,,33805,21,,,1,15,,33806,21,,,1,15,,33807,21,,,1,15,,33808,21,,,1,52,,33809,21,,,1,14,,33810,21,,,1,10,,33811,21,,,1,15,,33812,21,,,1,55,,33813,21,,,1,15,,33814,21,,,1,15,,33815,21,,,1,15,,33816,21,,,1,55,,33817,21,,,1,15,,33818,21,,,1,15,,33819,21,,,1,15,,33820,21,,,1,55,,33821,21,,,1,15,,33822,21,,,1,15,,33823,21,,,1,15,,33824,21,,,1,55,,33825,21,,,1,15,,33826,21,,,1,15,,33827,21,,,1,15,,33828,21,,,1,55,,33829,21,,,1,15,,33764,21,,,1,15,,33761,21,,,1,15,,33766,21,,,1,55,,33762,21,,,1
701,'7-Sunday-10000001',837,,33835,21,,,1,70,,33837,21,,,1,15,,33893,21,,,1,20,,33838,21,,,1,15,,33839,21,,,1,57,,33840,21,,,1,17,,33841,21,,,1,15,,33842,21,,,1,55,,33843,21,,,1,15,,33844,21,,,1,15,,33845,21,,,1,15,,33846,21,,,1,55,,33847,21,,,1,15,,33848,21,,,1,15,,33849,21,,,1,15,,33850,21,,,1,55,,33851,21,,,1,15,,33852,21,,,1,15,,33853,21,,,1,15,,33854,21,,,1,55,,33855,21,,,1,15,,33856,21,,,1,15,,33857,21,,,1,15,,33858,21,,,1,55,,33859,21,,,1,15,,33860,21,,,1,15,,33861,21,,,1,15,,33862,21,,,1,55,,33863,21,,,1,15,,33864,21,,,1,15,,33865,21,,,1,15,,33866,21,,,1,55,,33867,21,,,1,15,,33868,21,,,1,15,,33869,21,,,1,15,,33870,21,,,1,54,,33871,21,,,1,13,,33872,21,,,1,13,,33873,21,,,1,10,,33874,21,,,1,15,,33875,21,,,1,55,,33876,21,,,1,15,,33877,21,,,1,15,,33878,21,,,1,15,,33879,21,,,1,55,,33880,21,,,1,15,,33881,21,,,1,15,,33882,21,,,1,15,,33883,21,,,1,55,,33884,21,,,1,15,,33885,21,,,1,15,,33886,21,,,1,15,,33887,21,,,1,55,,33833,21,,,1,15,,33836,21,,,1,15,,33831,21,,,1,15,,33888,21,,,1,55,,33834,21,,,1,15,,33889,21,,,1,15,,33832,21,,,1,15,,33890,21,,,1
701,'7-Weekday-11111100',605,,33966,21,,,1,15,,33895,21,,,1,15,,33896,21,,,1,15,,33897,21,,,1,55,,33968,21,,,1,24,,33898,21,,,1,15,,33899,21,,,1,15,,33900,21,,,1,55,,33901,21,,,1,15,,33902,21,,,1,15,,33903,21,,,1,15,,33904,21,,,1,55,,33905,21,,,1,15,,33906,21,,,1,17,,33907,21,,,1,56,,33908,21,,,1,15,,33909,21,,,1,15,,33910,21,,,1,15,,33911,21,,,1,55,,33912,21,,,1,15,,33913,21,,,1,15,,33914,21,,,1,15,,33915,21,,,1,55,,33916,21,,,1,15,,33917,21,,,1,15,,33918,21,,,1,15,,33919,21,,,1,55,,33920,21,,,1,15,,33921,21,,,1,15,,33922,21,,,1,15,,33923,21,,,1,55,,33924,21,,,1,15,,33925,21,,,1,15,,33926,21,,,1,17,,33927,21,,,1,61,,33928,21,,,1,20,,33929,21,,,1,15,,33930,21,,,1,55,,33931,21,,,1,15,,33932,21,,,1,15,,33933,21,,,1,15,,33934,21,,,1,55,,33935,21,,,1,15,,33936,21,,,1,15,,33937,21,,,1,15,,33938,21,,,1,55,,33939,21,,,1,11,,33940,21,,,1,13,,33941,21,,,1,20,,33942,21,,,1,15,,33943,21,,,1,55,,33944,21,,,1,15,,33945,21,,,1,15,,33946,21,,,1,15,,33947,21,,,1,55,,33948,21,,,1,15,,33949,21,,,1,15,,33950,21,,,1,15,,33951,21,,,1,55,,33952,21,,,1,15,,33953,21,,,1,15,,33954,21,,,1,15,,33955,21,,,1,54,,33956,21,,,1,8,,33957,21,,,1,15,,33958,21,,,1,15,,33959,21,,,1,55,,33960,21,,,1,15,,33961,21,,,1,15,,33962,21,,,1,15,,33963,21,,,1,55,,33964,21,,,1
801,'8-Holiday1-10000001',728,,34178,2,,,1,29,,34177,16,,,1,71,,34145,16,,,1,30,,34146,16,,,1,70,,34147,16,,,1,30,,34148,16,,,1,75,,34149,16,,,1,70,,34150,16,,,1,30,,34151,16,,,1,70,,34152,16,,,1,30,,34153,16,,,1,70,,34154,16,,,1,30,,34155,16,,,1,70,,34156,16,,,1,30,,34157,16,,,1,70,,34158,16,,,1,30,,34159,16,,,1,70,,34160,16,,,1,30,,34161,16,,,1,70,,34162,16,,,1,30,,34163,16,,,1,69,,34164,16,,,1,26,,34165,16,,,1,30,,34166,16,,,1,70,,34167,16,,,1,30,,34168,16,,,1,70,,34169,16,,,1,30,,34170,16,,,1,70,,34171,16,,,1,30,,34172,16,,,1,70,,34173,16,,,1,30,,34174,16,,,1,70,,34175,16,,,1,30,,34176,16,,,1
801,'8-Saturday-10000010',629,,34213,16,,,1,30,,34214,16,,,1,69,,34179,16,,,1,30,,34180,16,,,1,70,,34181,16,,,1,30,,34182,16,,,1,74,,34183,16,,,1,71,,34184,16,,,1,30,,34185,16,,,1,70,,34186,16,,,1,30,,34187,16,,,1,70,,34188,16,,,1,30,,34189,16,,,1,70,,34190,16,,,1,30,,34191,16,,,1,70,,34192,16,,,1,30,,34193,16,,,1,70,,34194,16,,,1,30,,34195,16,,,1,70,,34196,16,,,1,30,,34197,16,,,1,70,,34198,16,,,1,30,,34199,16,,,1,69,,34200,16,,,1,28,,34201,16,,,1,70,,34202,16,,,1,30,,34203,16,,,1,70,,34204,16,,,1,30,,34205,16,,,1,70,,34206,16,,,1,30,,34207,16,,,1,70,,34208,16,,,1,28,,34209,16,,,1,30,,34210,16,,,1,70,,34211,16,,,1,30,,34212,16,,,1
801,'8-Sunday-10000001',728,,34248,16,,,1,29,,34247,16,,,1,71,,34215,16,,,1,30,,34216,16,,,1,70,,34217,16,,,1,30,,34218,16,,,1,75,,34219,16,,,1,70,,34220,16,,,1,30,,34221,16,,,1,70,,34222,16,,,1,30,,34223,16,,,1,70,,34224,16,,,1,30,,34225,16,,,1,70,,34226,16,,,1,30,,34227,16,,,1,70,,34228,16,,,1,30,,34229,16,,,1,70,,34230,16,,,1,30,,34231,16,,,1,70,,34232,16,,,1,30,,34233,16,,,1,69,,34234,16,,,1,26,,34235,16,,,1,30,,34236,16,,,1,70,,34237,16,,,1,30,,34238,16,,,1,70,,34239,16,,,1,30,,34240,16,,,1,70,,34241,16,,,1,30,,34242,16,,,1,70,,34243,16,,,1,30,,34244,16,,,1,70,,34245,16,,,1,30,,34246,16,,,1
801,'8-Weekday-11111100',541,,34301,2,,,1,70,,34300,16,,,1,20,,34249,16,,,1,10,,34297,2,,,1,18,,34250,16,,,1,58,,34251,16,,,1,4,,34252,16,,,1,13,,34253,16,,,1,18,,34254,16,,,1,55,,34255,16,,,1,15,,34256,16,,,1,15,,34257,16,,,1,15,,34258,16,,,1,55,,34259,16,,,1,15,,34260,16,,,1,15,,34261,16,,,1,15,,34262,16,,,1,54,,34302,16,,,1,14,,34263,16,,,1,14,,34264,16,,,1,15,,34304,16,,,1,55,,34265,16,,,1,15,,34305,16,,,1,15,,34266,16,,,1,15,,34306,16,,,1,55,,34267,16,,,1,15,,34307,16,,,1,15,,34268,16,,,1,15,,34308,16,,,1,55,,34269,16,,,1,15,,34309,16,,,1,15,,34270,16,,,1,15,,34310,16,,,1,55,,34271,16,,,1,15,,34311,16,,,1,15,,34272,16,,,1,17,,34273,16,,,1,55,,34298,16,,,1,16,,34274,16,,,1,17,,34299,16,,,1,15,,34275,16,,,1,55,,34276,16,,,1,15,,34277,16,,,1,15,,34278,16,,,1,15,,34279,16,,,1,55,,34280,16,,,1,15,,34281,16,,,1,15,,34282,16,,,1,15,,34283,16,,,1,54,,34284,16,,,1,14,,34285,16,,,1,14,,34303,16,,,1,14,,34312,16,,,1,54,,34286,16,,,1,15,,34313,16,,,1,15,,34287,16,,,1,15,,34314,16,,,1,55,,34288,16,,,1,15,,34315,16,,,1,15,,34289,16,,,1,15,,34316,16,,,1,55,,34290,16,,,1,15,,34317,16,,,1,15,,34291,16,,,1,70,,34292,16,,,1,28,,34293,16,,,1,26,,34294,16,,,1,70,,34295,16,,,1,30,,34296,16,,,1
2000,'20-Holiday1-10000001',819,,36040,24,,,1,30,,36041,24,,,1,70,,36042,24,,,1,30,,36043,24,,,1,72,,36044,24,,,1,30,,36045,24,,,1,70,,36046,24,,,1,30,,36047,24,,,1,70,,36048,24,,,1,30,,36049,24,,,1,70,,36050,24,,,1,30,,36051,24,,,1,70,,36052,24,,,1,30,,36053,24,,,1,70,,36054,24,,,1,30,,36055,24,,,1,70,,36056,24,,,1,30,,36057,24,,,1,70,,36058,24,,,1,30,,36059,24,,,1,68,,36060,24,,,1,30,,36061,24,,,1,70,,36062,24,,,1,30,,36063,24,,,1,70,,36064,24,,,1,30,,36065,24,,,1,70,,36066,24,,,1,30,,36067,24,,,1,70,,36068,24,,,1,30,,36069,24,,,1,100,,36070,24,,,1
2000,'20-Saturday-10000010',624,,36071,24,,,1,30,,36072,24,,,1,70,,36073,24,,,1,30,,36074,24,,,1,70,,36075,24,,,1,30,,36076,24,,,1,74,,36077,24,,,1,30,,36078,24,,,1,70,,36079,24,,,1,30,,36080,24,,,1,70,,36081,24,,,1,30,,36082,24,,,1,70,,36083,24,,,1,30,,36084,24,,,1,70,,36085,24,,,1,30,,36086,24,,,1,70,,36087,24,,,1,30,,36088,24,,,1,70,,36089,24,,,1,30,,36090,24,,,1,70,,36091,24,,,1,30,,36092,24,,,1,70,,36093,24,,,1,30,,36094,24,,,1,66,,36095,24,,,1,30,,36096,24,,,1,70,,36097,24,,,1,30,,36098,24,,,1,70,,36099,24,,,1,30,,36100,24,,,1,70,,36101,24,,,1,30,,36102,24,,,1,70,,36103,24,,,1,30,,36104,24,,,1,70,,36105,24,,,1,30,,36106,24,,,1
2000,'20-Sunday-20000001',824,,36108,24,,,1,30,,36109,24,,,1,70,,36110,24,,,1,30,,36111,24,,,1,72,,36112,24,,,1,30,,36113,24,,,1,70,,36114,24,,,1,30,,36115,24,,,1,70,,36116,24,,,1,30,,36117,24,,,1,70,,36118,24,,,1,30,,36119,24,,,1,70,,36120,24,,,1,30,,36121,24,,,1,70,,36122,24,,,1,30,,36123,24,,,1,70,,36124,24,,,1,30,,36125,24,,,1,70,,36126,24,,,1,30,,36127,24,,,1,68,,36128,24,,,1,20,,36129,24,,,1,70,,36130,24,,,1,30,,36131,24,,,1,70,,36132,24,,,1,30,,36133,24,,,1,70,,36134,24,,,1,30,,36135,24,,,1,70,,36136,24,,,1,30,,36137,24,,,1,100,,36138,24,,,1
2000,'20-Weekday-11111100',550,,36151,24,,,1,70,,36152,24,,,1,15,,36178,24,,,1,15,,36153,24,,,1,76,,36175,24,,,1,30,,36174,24,,,1,70,,36141,24,,,1,30,,36142,24,,,1,70,,36143,24,,,1,29,,36176,24,,,1,70,,36154,24,,,1,30,,36155,24,,,1,70,,36156,24,,,1,30,,36157,24,,,1,70,,36158,24,,,1,30,,36159,24,,,1,70,,36160,24,,,1,30,,36161,24,,,1,70,,36162,24,,,1,81,,36144,24,,,1,30,,36145,24,,,1,70,,36146,24,,,1,30,,36147,24,,,1,70,,36148,24,,,1,30,,36149,24,,,1,70,,36150,24,,,1,17,,36163,24,,,1,30,,36177,24,,,1,70,,36164,24,,,1,30,,36165,24,,,1,70,,36166,24,,,1,30,,36167,24,,,1,70,,36168,24,,,1,30,,36169,24,,,1,67,,36170,24,,,1,30,,36171,24,,,1,70,,36172,24,,,1,30,,36173,24,,,1
20401,'204-Holiday1-10000001',742,,41791,13,,,1,70,,41792,13,,,1,30,,41793,13,,,1,70,,41794,13,,,1,30,,41795,13,,,1,70,,41790,13,,,1,30,,41796,13,,,1,70,,41797,13,,,1,30,,41798,13,,,1,70,,41799,13,,,1,30,,41800,13,,,1,70,,41801,13,,,1,30,,41802,13,,,1,70,,41803,13,,,1,30,,41804,13,,,1,70,,41805,13,,,1,30,,41806,13,,,1,70,,41807,13,,,1,30,,41808,13,,,1,70,,41809,13,,,1,30,,41810,13,,,1,70,,41811,13,,,1,30,,41812,13,,,1,70,,41813,13,,,1,30,,41814,13,,,1,70,,41815,13,,,1,30,,41816,13,,,1,70,,41817,13,,,1,30,,41818,13,,,1,70,,41819,13,,,1,30,,41820,13,,,1,70,,41821,13,,,1,30,,41822,13,,,1
20401,'204-Saturday-10000010',640,,41857,13,,,1,70,,41823,13,,,1,30,,41824,13,,,1,70,,41825,13,,,1,30,,41826,13,,,1,71,,41827,13,,,1,33,,41828,13,,,1,70,,41856,13,,,1,30,,41829,13,,,1,70,,41830,13,,,1,30,,41831,13,,,1,70,,41832,13,,,1,30,,41833,13,,,1,70,,41834,13,,,1,30,,41835,13,,,1,70,,41836,13,,,1,30,,41837,13,,,1,70,,41838,13,,,1,30,,41839,13,,,1,70,,41840,13,,,1,30,,41841,13,,,1,70,,41842,13,,,1,30,,41843,13,,,1,69,,41844,13,,,1,28,,41845,13,,,1,70,,41846,13,,,1,30,,41847,13,,,1,70,,41848,13,,,1,30,,41849,13,,,1,70,,41850,13,,,1,30,,41851,13,,,1,70,,41852,13,,,1,30,,41853,13,,,1,70,,41854,13,,,1,30,,41855,13,,,1
20401,'204-Sunday-10000001',740,,41859,13,,,1,70,,41860,13,,,1,30,,41861,13,,,1,70,,41862,13,,,1,30,,41863,13,,,1,70,,41858,13,,,1,33,,41864,13,,,1,70,,41865,13,,,1,30,,41866,13,,,1,70,,41867,13,,,1,30,,41868,13,,,1,70,,41869,13,,,1,30,,41870,13,,,1,70,,41871,13,,,1,30,,41872,13,,,1,70,,41873,13,,,1,30,,41874,13,,,1,70,,41875,13,,,1,30,,41876,13,,,1,70,,41877,13,,,1,30,,41878,13,,,1,70,,41879,13,,,1,27,,41880,13,,,1,70,,41881,13,,,1,30,,41882,13,,,1,70,,41883,13,,,1,30,,41884,13,,,1,70,,41885,13,,,1,30,,41886,13,,,1,70,,41887,13,,,1,30,,41888,13,,,1,70,,41889,13,,,1,30,,41890,13,,,1
20401,'204-Weekday-11111100',608,,41948,13,,,1,31,,41942,13,,,1,70,,41891,13,,,1,16,,41949,13,,,1,15,,41943,13,,,1,15,,41892,13,,,1,55,,41944,13,,,1,15,,41893,13,,,1,15,,41894,13,,,1,15,,41895,13,,,1,55,,41896,13,,,1,15,,41897,13,,,1,15,,41898,13,,,1,15,,41899,13,,,1,59,,41900,13,,,1,15,,41901,13,,,1,15,,41902,13,,,1,15,,41903,13,,,1,55,,41904,13,,,1,15,,41905,13,,,1,15,,41906,13,,,1,15,,41907,13,,,1,55,,41908,13,,,1,15,,41909,13,,,1,15,,41910,13,,,1,15,,41911,13,,,1,55,,41912,13,,,1,15,,41913,13,,,1,15,,41914,13,,,1,15,,41915,13,,,1,55,,41916,13,,,1,15,,41917,13,,,1,16,,41918,13,,,1,56,,41919,13,,,1,10,,41947,13,,,1,13,,41920,13,,,1,20,,41921,13,,,1,15,,41922,13,,,1,55,,41923,13,,,1,15,,41924,13,,,1,15,,41925,13,,,1,15,,41926,13,,,1,55,,41927,13,,,1,15,,41928,13,,,1,15,,41946,13,,,1,15,,41929,13,,,1,54,,41930,13,,,1,14,,41931,13,,,1,27,,41945,13,,,1,50,,41932,13,,,1,40,,41933,13,,,1,70,,41934,13,,,1,30,,41935,13,,,1,70,,41936,13,,,1,30,,41937,13,,,1,69,,41938,13,,,1,28,,41939,13,,,1,70,,41940,13,,,1,30,,41941,13,,,1
