1301,'13-Holiday1-10000001',844,,35320,27,,,1,100,,35321,27,,,1,102,,35322,27,,,1,100,,35323,27,,,1,100,,35324,27,,,1,100,,35325,27,,,1,100,,35326,27,,,1,100,,35327,27,,,1,100,,35328,27,,,1,100,,35329,27,,,1,98,,35330,27,,,1,100,,35331,27,,,1,100,,35332,27,,,1,100,,35333,27,,,1,100,,35334,27,,,1,100,,35335,27,,,1
1301,'13-Saturday-10000010',716,,35337,27,,,1,30,,35338,27,,,1,70,,35339,27,,,1,30,,35340,27,,,1,70,,35341,27,,,1,31,,35342,27,,,1,70,,35343,27,,,1,30,,35344,27,,,1,70,,35345,27,,,1,30,,35346,27,,,1,70,,35336,27,,,1,30,,35347,27,,,1,70,,35348,27,,,1,30,,35349,27,,,1,70,,35350,27,,,1,30,,35351,27,,,1,70,,35352,27,,,1,30,,35353,27,,,1,70,,35354,27,,,1,30,,35355,27,,,1,70,,35356,27,,,1,30,,35357,27,,,1,70,,35358,27,,,1,29,,35359,27,,,1,70,,35360,27,,,1,30,,35361,27,,,1,70,,35369,27,,,1,30,,35362,27,,,1,70,,35363,27,,,1,30,,35364,27,,,1,70,,35365,27,,,1,30,,35366,27,,,1,70,,35367,27,,,1,30,,35368,27,,,1,70,,35370,27,,,1
1301,'13-Sunday-10000001',814,,35403,27,,,1,30,,35371,27,,,1,70,,35372,27,,,1,30,,35373,27,,,1,72,,35374,27,,,1,30,,35375,27,,,1,70,,35376,27,,,1,30,,35377,27,,,1,70,,35378,27,,,1,30,,35379,27,,,1,70,,35380,27,,,1,30,,35381,27,,,1,70,,35382,27,,,1,30,,35383,27,,,1,70,,35384,27,,,1,30,,35385,27,,,1,70,,35386,27,,,1,30,,35387,27,,,1,70,,35388,27,,,1,30,,35389,27,,,1,68,,35390,27,,,1,30,,35391,27,,,1,70,,35392,27,,,1,30,,35393,27,,,1,70,,35394,27,,,1,30,,35395,27,,,1,70,,35396,27,,,1,30,,35397,27,,,1,70,,35398,27,,,1,30,,35399,27,,,1,70,,35400,27,,,1,30,,35401,27,,,1,70,,35402,27,,,1
1301,'13-Weekday-21111100',614,,35434,27,,,1,28,,35437,27,,,1,14,,35440,27,,,1,74,,35429,27,,,1,75,,35428,27,,,1,36,,35404,27,,,1,72,,35405,27,,,1,28,,35406,27,,,1,73,,35407,27,,,1,28,,35408,27,,,1,68,,35409,27,,,1,32,,35410,27,,,1,68,,35411,27,,,1,32,,35412,27,,,1,68,,35413,27,,,1,32,,35414,27,,,1,68,,35415,27,,,1,34,,35416,27,,,1,10,,35441,14,,,1,4,,35442,27,,,1,56,,35417,27,,,1,32,,35418,27,,,1,70,,35430,27,,,1,33,,35419,27,,,1,67,,35420,27,,,1,33,,35427,27,,,1,64,,35421,27,,,1,29,,35422,27,,,1,80,,35423,27,,,1,30,,35424,27,,,1,70,,35436,27,,,1,30,,35435,27,,,1,70,,35425,27,,,1,30,,35426,27,,,1,69,,35431,27,,,1,27,,35439,27,,,1,70,,35432,27,,,1,30,,35433,27,,,1,70,,35438,27,,,1
2901,'29-Saturday-10000010',753,,37392,43,,,1,70,,37393,43,,,1,30,,37394,43,,,1,72,,37395,43,,,1,30,,37396,43,,,1,70,,37397,43,,,1,30,,37398,43,,,1,70,,37399,43,,,1,30,,37400,43,,,1,70,,37401,43,,,1,30,,37402,43,,,1,70,,37403,43,,,1,30,,37404,43,,,1,70,,37405,43,,,1,30,,37406,43,,,1,70,,37407,43,,,1,30,,37408,43,,,1,70,,37409,43,,,1,30,,37410,43,,,1,70,,37411,43,,,1,30,,37412,43,,,1,69,,37413,43,,,1,30,,37414,43,,,1,70,,37415,43,,,1,30,,37416,43,,,1,70,,37417,43,,,1,30,,37418,43,,,1,70,,37419,43,,,1,30,,37420,43,,,1,70,,37421,43,,,1,30,,37422,43,,,1,70,,37423,43,,,1,30,,37424,43,,,1,100,,37425,43,,,1
2901,'29-Sunday-20000001',852,,37426,43,,,1,70,,37427,43,,,1,30,,37428,43,,,1,71,,37429,43,,,1,30,,37430,43,,,1,70,,37431,43,,,1,30,,37432,43,,,1,70,,37433,43,,,1,30,,37434,43,,,1,70,,37435,43,,,1,30,,37436,43,,,1,70,,37437,43,,,1,30,,37438,43,,,1,70,,37439,43,,,1,30,,37440,43,,,1,70,,37441,43,,,1,30,,37442,43,,,1,70,,37443,43,,,1,30,,37444,43,,,1,69,,37445,43,,,1,25,,37446,43,,,1,70,,37447,43,,,1,30,,37448,43,,,1,70,,37449,43,,,1,30,,37450,43,,,1,70,,37451,43,,,1,30,,37452,43,,,1,70,,37453,43,,,1,30,,37454,43,,,1,70,,37455,43,,,1,30,,37456,43,,,1,100,,37457,43,,,1
2901,'29-Weekday-11111100',617,,37494,32,,,1,24,,37460,43,,,1,71,,37461,43,,,1,37,,37462,43,,,1,70,,37463,43,,,1,30,,37464,43,,,1,70,,37465,43,,,1,31,,37466,43,,,1,69,,37467,43,,,1,30,,37468,43,,,1,70,,37469,43,,,1,30,,37470,43,,,1,70,,37471,43,,,1,30,,37472,43,,,1,70,,37473,43,,,1,30,,37474,43,,,1,70,,37475,43,,,1,32,,37459,43,,,1,73,,37458,43,,,1,30,,37476,43,,,1,70,,37477,43,,,1,30,,37478,43,,,1,70,,37479,43,,,1,30,,37480,43,,,1,68,,37481,43,,,1,28,,37482,43,,,1,70,,37483,43,,,1,30,,37484,43,,,1,70,,37485,43,,,1,30,,37486,43,,,1,70,,37487,43,,,1,30,,37488,43,,,1,68,,37489,43,,,1,25,,37490,43,,,1,70,,37491,43,,,1,30,,37492,43,,,1,70,,37493,43,,,1
20201,'202-Holiday1-10000001',807,,41286,25,,,1,30,,41287,25,,,1,70,,41288,25,,,1,30,,41285,25,,,1,70,,41289,25,,,1,31,,41290,25,,,1,70,,41291,25,,,1,30,,41292,25,,,1,70,,41293,25,,,1,30,,41294,25,,,1,70,,41295,25,,,1,30,,41296,25,,,1,70,,41297,25,,,1,30,,41298,25,,,1,70,,41299,25,,,1,30,,41300,25,,,1,70,,41301,25,,,1,30,,41302,25,,,1,70,,41303,25,,,1,30,,41304,25,,,1,70,,41305,25,,,1,29,,41306,25,,,1,70,,41307,25,,,1,30,,41308,25,,,1,70,,41309,25,,,1,30,,41310,25,,,1,70,,41311,25,,,1,30,,41312,25,,,1,70,,41313,25,,,1,30,,41314,25,,,1,70,,41315,25,,,1,30,,41316,25,,,1,70,,41317,25,,,1,30,,41318,25,,,1
20201,'202-Saturday-10000010',737,,41319,25,,,1,70,,41320,25,,,1,30,,41321,25,,,1,70,,41322,25,,,1,31,,41323,25,,,1,70,,41324,25,,,1,30,,41325,25,,,1,70,,41326,25,,,1,30,,41327,25,,,1,70,,41328,25,,,1,30,,41329,25,,,1,70,,41330,25,,,1,30,,41331,25,,,1,70,,41332,25,,,1,30,,41333,25,,,1,70,,41334,25,,,1,30,,41335,25,,,1,70,,41336,25,,,1,30,,41337,25,,,1,70,,41338,25,,,1,30,,41339,25,,,1,70,,41340,25,,,1,28,,41341,25,,,1,70,,41342,25,,,1,30,,41343,25,,,1,70,,41344,25,,,1,30,,41345,25,,,1,70,,41346,25,,,1,30,,41347,25,,,1,70,,41348,25,,,1,30,,41349,25,,,1,70,,41350,25,,,1,30,,41351,25,,,1,70,,41352,25,,,1,30,,41353,25,,,1
20201,'202-Sunday-10000001',806,,41355,25,,,1,30,,41356,25,,,1,70,,41357,25,,,1,30,,41354,25,,,1,70,,41358,25,,,1,32,,41359,25,,,1,70,,41360,25,,,1,30,,41361,25,,,1,70,,41362,25,,,1,30,,41363,25,,,1,70,,41364,25,,,1,30,,41365,25,,,1,70,,41366,25,,,1,30,,41367,25,,,1,70,,41368,25,,,1,30,,41369,25,,,1,70,,41370,25,,,1,30,,41371,25,,,1,70,,41372,25,,,1,30,,41373,25,,,1,70,,41374,25,,,1,28,,41375,25,,,1,70,,41376,25,,,1,30,,41377,25,,,1,70,,41378,25,,,1,30,,41379,25,,,1,70,,41380,25,,,1,30,,41381,25,,,1,70,,41382,25,,,1,30,,41383,25,,,1,70,,41384,25,,,1,30,,41385,25,,,1,70,,41386,25,,,1,30,,41387,25,,,1
20201,'202-Weekday-21111100',635,,41389,25,,,1,70,,41390,25,,,1,35,,41391,25,,,1,10,,41446,25,,,1,50,,41424,25,,,1,10,,41392,25,,,1,10,,41447,25,,,1,10,,41425,25,,,1,10,,41393,25,,,1,10,,41448,25,,,1,50,,41426,25,,,1,10,,41388,25,,,1,10,,41449,25,,,1,10,,41427,25,,,1,10,,41394,25,,,1,11,,41450,25,,,1,49,,41428,25,,,1,10,,41395,25,,,1,10,,41429,25,,,1,15,,41396,25,,,1,15,,41430,25,,,1,55,,41397,25,,,1,15,,41431,25,,,1,15,,41398,25,,,1,15,,41432,25,,,1,55,,41399,25,,,1,15,,41433,25,,,1,15,,41400,25,,,1,15,,41434,25,,,1,55,,41401,25,,,1,15,,41435,25,,,1,15,,41402,25,,,1,15,,41436,25,,,1,55,,41403,25,,,1,15,,41437,25,,,1,15,,41404,25,,,1,16,,41438,25,,,1,62,,41405,25,,,1,10,,41451,25,,,1,10,,41439,25,,,1,10,,41406,25,,,1,10,,41452,25,,,1,50,,41440,25,,,1,10,,41407,25,,,1,10,,41453,25,,,1,10,,41441,25,,,1,10,,41408,25,,,1,10,,41454,25,,,1,50,,41442,25,,,1,10,,41409,25,,,1,10,,41455,25,,,1,10,,41443,25,,,1,10,,41410,25,,,1,10,,41456,25,,,1,50,,41444,25,,,1,9,,41411,25,,,1,9,,41457,25,,,1,9,,41445,25,,,1,9,,41412,25,,,1,70,,41423,25,,,1,30,,41413,25,,,1,70,,41414,25,,,1,30,,41415,25,,,1,70,,41416,25,,,1,30,,41417,25,,,1,69,,41418,25,,,1,29,,41419,25,,,1,70,,41420,25,,,1,30,,41421,25,,,1,70,,41422,25,,,1
