100,'1-Holiday1-10000001',847,,32428,52,,,1,100,,32429,52,,,1,72,,32430,52,,,1,31,,32431,52,,,1,70,,32432,52,,,1,30,,32433,52,,,1,70,,32434,52,,,1,30,,32435,52,,,1,70,,32436,52,,,1,30,,32437,52,,,1,70,,32438,52,,,1,30,,32439,52,,,1,70,,32440,52,,,1,30,,32441,52,,,1,70,,32442,52,,,1,30,,32443,52,,,1,70,,32444,52,,,1,30,,32445,52,,,1,68,,32446,52,,,1,29,,32447,52,,,1,100,,32448,52,,,1,100,,32449,52,,,1,100,,32450,52,,,1,100,,32451,52,,,1,100,,32452,52,,,1,100,,32453,52,,,1
100,'1-Saturday-10000010',647,,32454,52,,,1,70,,32455,52,,,1,30,,32456,52,,,1,70,,32457,52,,,1,30,,32458,52,,,1,72,,32459,52,,,1,31,,32460,52,,,1,70,,32461,52,,,1,30,,32462,52,,,1,70,,32463,52,,,1,30,,32464,52,,,1,70,,32465,52,,,1,30,,32466,52,,,1,70,,32467,52,,,1,30,,32468,52,,,1,70,,32469,52,,,1,30,,32470,52,,,1,70,,32471,52,,,1,30,,32472,52,,,1,70,,32473,52,,,1,30,,32474,52,,,1,70,,32475,52,,,1,30,,32476,52,,,1,68,,32477,52,,,1,29,,32478,52,,,1,70,,32479,52,,,1,30,,32480,52,,,1,70,,32481,52,,,1,30,,32482,52,,,1,70,,32483,52,,,1,30,,32484,52,,,1,70,,32485,52,,,1,30,,32486,52,,,1,70,,32487,52,,,1,30,,32488,52,,,1,100,,32489,52,,,1
100,'1-Sunday-10000001',847,,32490,52,,,1,100,,32491,52,,,1,72,,32492,52,,,1,31,,32493,52,,,1,70,,32494,52,,,1,30,,32495,52,,,1,70,,32496,52,,,1,30,,32497,52,,,1,70,,32498,52,,,1,30,,32499,52,,,1,70,,32500,52,,,1,30,,32501,52,,,1,70,,32502,52,,,1,30,,32503,52,,,1,70,,32504,52,,,1,30,,32505,52,,,1,70,,32506,52,,,1,30,,32507,52,,,1,68,,32508,52,,,1,29,,32509,52,,,1,100,,32510,52,,,1,100,,32511,52,,,1,100,,32512,52,,,1,100,,32513,52,,,1,100,,32514,52,,,1,100,,32515,52,,,1
100,'1-Weekday-11111100',618,,32552,52,,,1,30,,32549,52,,,1,69,,32550,52,,,1,17,,32553,52,,,1,18,,32516,52,,,1,70,,32517,52,,,1,30,,32518,52,,,1,70,,32519,52,,,1,30,,32520,52,,,1,70,,32521,52,,,1,30,,32530,52,,,1,70,,32531,52,,,1,30,,32532,52,,,1,70,,32533,52,,,1,30,,32534,52,,,1,70,,32535,52,,,1,30,,32536,52,,,1,70,,32537,52,,,1,32,,32538,52,,,1,70,,32522,52,,,1,30,,32523,52,,,1,70,,32524,52,,,1,30,,32525,52,,,1,70,,32526,52,,,1,30,,32527,52,,,1,67,,32528,52,,,1,28,,32529,52,,,1,70,,32539,52,,,1,30,,32540,52,,,1,70,,32541,52,,,1,30,,32542,52,,,1,70,,32543,52,,,1,30,,32544,52,,,1,67,,32545,52,,,1,28,,32546,52,,,1,70,,32547,52,,,1,30,,32548,52,,,1,100,,32551,52,,,1
801,'8-Holiday1-10000001',744,,34178,19,,,1,69,,34177,33,,,1,31,,34145,33,,,1,70,,34146,33,,,1,30,,34147,33,,,1,72,,34148,33,,,1,35,,34149,33,,,1,70,,34150,33,,,1,30,,34151,33,,,1,70,,34152,33,,,1,30,,34153,33,,,1,70,,34154,33,,,1,30,,34155,33,,,1,70,,34156,33,,,1,30,,34157,33,,,1,70,,34158,33,,,1,30,,34159,33,,,1,70,,34160,33,,,1,30,,34161,33,,,1,70,,34162,33,,,1,30,,34163,33,,,1,67,,34164,33,,,1,26,,34165,33,,,1,70,,34166,33,,,1,30,,34167,33,,,1,70,,34168,33,,,1,30,,34169,33,,,1,70,,34170,33,,,1,30,,34171,33,,,1,70,,34172,33,,,1,30,,34173,33,,,1,70,,34174,33,,,1,30,,34175,33,,,1,70,,34176,33,,,1
801,'8-Saturday-10000010',645,,34213,33,,,1,70,,34214,33,,,1,29,,34179,33,,,1,70,,34180,33,,,1,30,,34181,33,,,1,72,,34182,33,,,1,34,,34183,33,,,1,71,,34184,33,,,1,30,,34185,33,,,1,70,,34186,33,,,1,30,,34187,33,,,1,70,,34188,33,,,1,30,,34189,33,,,1,70,,34190,33,,,1,30,,34191,33,,,1,70,,34192,33,,,1,30,,34193,33,,,1,70,,34194,33,,,1,30,,34195,33,,,1,70,,34196,33,,,1,30,,34197,33,,,1,70,,34198,33,,,1,30,,34199,33,,,1,67,,34200,33,,,1,28,,34201,33,,,1,70,,34202,33,,,1,30,,34203,33,,,1,70,,34204,33,,,1,30,,34205,33,,,1,70,,34206,33,,,1,30,,34207,33,,,1,70,,34208,33,,,1,28,,34209,33,,,1,70,,34210,33,,,1,30,,34211,33,,,1,70,,34212,33,,,1
801,'8-Sunday-10000001',744,,34248,33,,,1,69,,34247,33,,,1,31,,34215,33,,,1,70,,34216,33,,,1,30,,34217,33,,,1,72,,34218,33,,,1,35,,34219,33,,,1,70,,34220,33,,,1,30,,34221,33,,,1,70,,34222,33,,,1,30,,34223,33,,,1,70,,34224,33,,,1,30,,34225,33,,,1,70,,34226,33,,,1,30,,34227,33,,,1,70,,34228,33,,,1,30,,34229,33,,,1,70,,34230,33,,,1,30,,34231,33,,,1,70,,34232,33,,,1,30,,34233,33,,,1,67,,34234,33,,,1,26,,34235,33,,,1,70,,34236,33,,,1,30,,34237,33,,,1,70,,34238,33,,,1,30,,34239,33,,,1,70,,34240,33,,,1,30,,34241,33,,,1,70,,34242,33,,,1,30,,34243,33,,,1,70,,34244,33,,,1,30,,34245,33,,,1,70,,34246,33,,,1
801,'8-Weekday-11111100',555,,34301,19,,,1,70,,34300,33,,,1,20,,34249,33,,,1,10,,34297,19,,,1,59,,34250,33,,,1,18,,34251,33,,,1,4,,34252,33,,,1,13,,34253,33,,,1,58,,34254,33,,,1,15,,34255,33,,,1,15,,34256,33,,,1,15,,34257,33,,,1,55,,34258,33,,,1,15,,34259,33,,,1,15,,34260,33,,,1,17,,34261,33,,,1,55,,34262,33,,,1,14,,34302,33,,,1,14,,34263,33,,,1,14,,34264,33,,,1,55,,34304,33,,,1,15,,34265,33,,,1,15,,34305,33,,,1,15,,34266,33,,,1,55,,34306,33,,,1,15,,34267,33,,,1,15,,34307,33,,,1,15,,34268,33,,,1,55,,34308,33,,,1,15,,34269,33,,,1,15,,34309,33,,,1,15,,34270,33,,,1,55,,34310,33,,,1,15,,34271,33,,,1,16,,34311,33,,,1,1,,34318,12,,,1,4,,34319,12,,,1,10,,34272,33,,,1,57,,34273,33,,,1,15,,34298,33,,,1,16,,34274,33,,,1,17,,34299,33,,,1,55,,34275,33,,,1,15,,34276,33,,,1,15,,34277,33,,,1,15,,34278,33,,,1,55,,34279,33,,,1,15,,34280,33,,,1,15,,34281,33,,,1,15,,34282,33,,,1,53,,34283,33,,,1,13,,34284,33,,,1,14,,34285,33,,,1,14,,34303,33,,,1,54,,34312,33,,,1,14,,34286,33,,,1,15,,34313,33,,,1,15,,34287,33,,,1,55,,34314,33,,,1,15,,34288,33,,,1,15,,34315,33,,,1,15,,34289,33,,,1,55,,34316,33,,,1,15,,34290,33,,,1,15,,34317,33,,,1,15,,34291,33,,,1,69,,34292,33,,,1,28,,34293,33,,,1,66,,34294,33,,,1,30,,34295,33,,,1,70,,34296,33,,,1
2301,'23-Saturday-10000010',735,,36731,25,,,1,70,,36732,25,,,1,30,,36733,25,,,1,70,,36734,25,,,1,31,,36735,25,,,1,70,,36736,25,,,1,30,,36737,25,,,1,70,,36738,25,,,1,30,,36739,25,,,1,70,,36740,25,,,1,30,,36741,25,,,1,70,,36742,25,,,1,30,,36743,25,,,1,70,,36744,25,,,1,30,,36745,25,,,1,70,,36746,25,,,1,30,,36747,25,,,1,70,,36748,25,,,1,30,,36749,25,,,1,70,,36750,25,,,1,30,,36751,25,,,1,70,,36752,25,,,1,29,,36753,25,,,1,70,,36754,25,,,1,30,,36755,25,,,1,70,,36759,25,,,1,30,,36756,25,,,1,70,,36757,25,,,1,30,,36758,25,,,1
2301,'23-Sunday-10000001',804,,36764,25,,,1,30,,36765,25,,,1,70,,36766,25,,,1,31,,36767,25,,,1,70,,36768,25,,,1,30,,36769,25,,,1,70,,36770,25,,,1,30,,36771,25,,,1,70,,36772,25,,,1,30,,36762,25,,,1,70,,36773,25,,,1,30,,36774,25,,,1,70,,36775,25,,,1,30,,36776,25,,,1,70,,36777,25,,,1,30,,36778,25,,,1,70,,36779,25,,,1,30,,36780,25,,,1,70,,36781,25,,,1,30,,36782,25,,,1,70,,36783,25,,,1,30,,36784,25,,,1,70,,36785,25,,,1,30,,36786,25,,,1,70,,36787,25,,,1,30,,36761,25,,,1,70,,36763,25,,,1,30,,36760,25,,,1
2301,'23-Weekday-11111100',550,,36821,25,,,1,85,,36820,25,,,1,71,,36819,25,,,1,31,,36818,25,,,1,70,,36817,25,,,1,30,,36816,25,,,1,70,,36815,25,,,1,31,,36814,25,,,1,69,,36813,25,,,1,30,,36812,25,,,1,70,,36811,25,,,1,30,,36810,25,,,1,70,,36809,25,,,1,30,,36808,25,,,1,70,,36807,25,,,1,30,,36806,25,,,1,70,,36805,25,,,1,30,,36804,25,,,1,72,,36803,25,,,1,30,,36802,25,,,1,70,,36801,25,,,1,30,,36800,25,,,1,70,,36799,25,,,1,30,,36798,25,,,1,68,,36797,25,,,1,28,,36796,25,,,1,70,,36795,25,,,1,30,,36794,25,,,1,70,,36793,25,,,1,30,,36792,25,,,1,70,,36791,25,,,1,30,,36790,25,,,1,69,,36788,25,,,1,29,,36789,25,,,1
2701,'27-Holiday1-10000001',753,,36973,12,,,1,70,,36974,12,,,1,30,,36975,12,,,1,70,,36976,12,,,1,30,,36977,12,,,1,70,,36978,12,,,1,30,,36979,12,,,1,70,,36980,12,,,1,30,,36981,12,,,1,70,,36982,12,,,1,30,,36983,12,,,1,70,,36984,12,,,1,30,,36985,12,,,1,70,,36986,12,,,1,30,,36987,12,,,1,70,,36988,12,,,1,30,,36989,12,,,1,70,,36990,12,,,1,30,,36991,12,,,1,70,,36992,12,,,1,30,,36993,12,,,1,70,,36994,12,,,1,30,,36995,12,,,1,70,,36996,12,,,1,30,,36997,12,,,1,70,,36998,12,,,1,30,,36999,12,,,1,70,,37000,12,,,1,30,,37001,12,,,1,70,,36971,12,,,1,30,,36972,12,,,1
2701,'27-Saturday-10000010',658,,37031,12,,,1,75,,37002,12,,,1,75,,37026,12,,,1,35,,37003,12,,,1,76,,37004,12,,,1,36,,37005,12,,,1,75,,37006,12,,,1,75,,37007,12,,,1,35,,37008,12,,,1,75,,37009,12,,,1,35,,37010,12,,,1,75,,37011,12,,,1,75,,37012,12,,,1,35,,37013,12,,,1,75,,37014,12,,,1,35,,37015,12,,,1,75,,37016,12,,,1,35,,37017,12,,,1,75,,37018,12,,,1,74,,37019,12,,,1,34,,37020,12,,,1,75,,37021,12,,,1,35,,37022,12,,,1,75,,37023,12,,,1,35,,37024,12,,,1,75,,37025,12,,,1,75,,37027,12,,,1,35,,37028,12,,,1,75,,37029,12,,,1,35,,37030,12,,,1
2701,'27-Sunday-10000001',733,,37032,12,,,1,75,,37033,12,,,1,35,,37034,12,,,1,75,,37035,12,,,1,35,,37036,12,,,1,75,,37037,12,,,1,75,,37038,12,,,1,35,,37039,12,,,1,75,,37040,12,,,1,35,,37041,12,,,1,75,,37042,12,,,1,35,,37043,12,,,1,75,,37044,12,,,1,75,,37045,12,,,1,35,,37046,12,,,1,75,,37047,12,,,1,35,,37048,12,,,1,75,,37049,12,,,1,75,,37050,12,,,1,35,,37051,12,,,1,75,,37052,12,,,1,35,,37053,12,,,1,75,,37054,12,,,1,35,,37055,12,,,1,75,,37056,12,,,1,75,,37057,12,,,1,35,,37058,12,,,1,75,,37059,12,,,1
2701,'27-Weekday-11111100',553,,37087,12,,,1,70,,37060,12,,,1,35,,37061,12,,,1,78,,37062,12,,,1,75,,37063,12,,,1,35,,37064,12,,,1,75,,37065,12,,,1,34,,37066,12,,,1,75,,37067,12,,,1,75,,37068,12,,,1,35,,37069,12,,,1,75,,37070,12,,,1,35,,37071,12,,,1,75,,37072,12,,,1,75,,37073,12,,,1,34,,37074,12,,,1,76,,37075,12,,,1,35,,37076,12,,,1,75,,37077,12,,,1,35,,37078,12,,,1,75,,37079,12,,,1,76,,37080,12,,,1,34,,37081,12,,,1,75,,37082,12,,,1,35,,37083,12,,,1,75,,37084,12,,,1,75,,37085,12,,,1,35,,37086,12,,,1,74,,37088,12,,,1,35,,37089,12,,,1,75,,37090,12,,,1,35,,37091,12,,,1
