1000,'10-Holiday1-10000001',815,,34564,1,,,1,100,,34565,1,,,1,100,,34566,1,,,1,100,,34567,1,,,1,100,,34568,1,,,1,100,,34569,1,,,1,100,,34570,1,,,1,100,,34571,1,,,1,100,,34572,1,,,1,100,,34573,1,,,1,100,,34574,1,,,1,100,,34575,1,,,1,100,,34576,1,,,1,100,,34577,1,,,1,100,,34578,1,,,1,100,,34579,1,,,1
1000,'10-Saturday-10000010',630,,34580,1,,,1,70,,34581,1,,,1,30,,34582,1,,,1,70,,34583,1,,,1,30,,34584,1,,,1,70,,34585,1,,,1,30,,34586,1,,,1,70,,34587,1,,,1,30,,34588,1,,,1,70,,34589,1,,,1,30,,34590,1,,,1,70,,34591,1,,,1,30,,34592,1,,,1,70,,34593,1,,,1,30,,34594,1,,,1,70,,34595,1,,,1,30,,34596,1,,,1,70,,34597,1,,,1,30,,34598,1,,,1,70,,34599,1,,,1,30,,34600,1,,,1,70,,34601,1,,,1,30,,34602,1,,,1,70,,34603,1,,,1,30,,34604,1,,,1,70,,34605,1,,,1,30,,34606,1,,,1,70,,34607,1,,,1,30,,34608,1,,,1,70,,34609,1,,,1,30,,34610,1,,,1,70,,34611,1,,,1,30,,34612,1,,,1,70,,34613,1,,,1,30,,34614,1,,,1
1000,'10-Sunday-10000001',750,,34646,1,,,1,70,,34615,1,,,1,30,,34616,1,,,1,70,,34617,1,,,1,30,,34618,1,,,1,70,,34619,1,,,1,30,,34620,1,,,1,70,,34621,1,,,1,30,,34622,1,,,1,70,,34623,1,,,1,30,,34624,1,,,1,70,,34625,1,,,1,30,,34626,1,,,1,70,,34627,1,,,1,30,,34628,1,,,1,70,,34629,1,,,1,30,,34630,1,,,1,70,,34631,1,,,1,30,,34632,1,,,1,70,,34633,1,,,1,30,,34634,1,,,1,70,,34635,1,,,1,30,,34636,1,,,1,70,,34637,1,,,1,30,,34638,1,,,1,70,,34639,1,,,1,30,,34640,1,,,1,70,,34641,1,,,1,30,,34642,1,,,1,70,,34643,1,,,1,30,,34644,1,,,1,70,,34645,1,,,1
1000,'10-Weekday-11111100',530,,34647,1,,,1,70,,34648,1,,,1,30,,34649,1,,,1,70,,34650,1,,,1,15,,34706,1,0,36 7,1,15,,34651,1,,,1,15,,34682,1,0,36 7,1,55,,34652,1,,,1,15,,34683,1,0,36 7,1,15,,34653,1,,,1,15,,34684,1,0,36 7,1,55,,34654,1,,,1,15,,34685,1,0,36 7,1,15,,34655,1,,,1,15,,34686,1,0,36 7,1,55,,34656,1,,,1,15,,34687,1,0,36 7,1,15,,34657,1,,,1,15,,34688,1,0,36 7,1,55,,34658,1,,,1,15,,34689,1,0,36 7,1,15,,34659,1,,,1,15,,34690,1,0,36 7,1,55,,34660,1,,,1,15,,34691,1,0,36 7,1,15,,34661,1,,,1,15,,34692,1,0,36 7,1,55,,34662,1,,,1,15,,34693,1,0,36 7,1,15,,34663,1,,,1,15,,34694,1,0,36 7,1,55,,34664,1,,,1,15,,34674,1,0,36 7,1,15,,34665,1,,,1,15,,34675,1,0,36 7,1,55,,34666,1,,,1,15,,34676,1,0,36 7,1,15,,34667,1,,,1,15,,34677,1,0,36 7,1,55,,34668,1,,,1,15,,34678,1,0,36 7,1,15,,34669,1,,,1,15,,34679,1,0,36 7,1,55,,34670,1,,,1,15,,34680,1,0,36 7,1,15,,34671,1,,,1,15,,34681,1,0,36 7,1,55,,34672,1,,,1,15,,34705,1,0,36 7,1,15,,34673,1,,,1,70,,34702,1,,,1,30,,34703,1,,,1,70,,34704,1,,,1,30,,34701,1,,,1,70,,34700,1,,,1,30,,34699,1,,,1,70,,34698,1,,,1,30,,34697,1,,,1,70,,34696,1,,,1,35,,34695,1,,,1
1001,'10-Holiday1-10000001',921,,34713,25,4,,1,101,,34708,25,4,,1,100,,34709,25,4,,1,100,,34710,25,4,,1,100,,34711,25,4,,1,100,,34714,25,4,,1,100,,34715,25,4,,1,100,,34717,25,4,,1,100,,34719,25,4,,1,100,,34716,25,4,,1,100,,34707,25,4,,1,100,,34718,25,4,,1,100,,34721,25,4,,1,99,,34720,25,4,,1,100,,34712,25,4,,1
1001,'10-Saturday-10000010',752,,34726,25,4,,1,70,,34727,25,4,,1,30,,34728,25,4,,1,70,,34729,25,4,,1,30,,34730,25,4,,1,70,,34731,25,4,,1,30,,34732,25,4,,1,70,,34733,25,4,,1,30,,34734,25,4,,1,70,,34735,25,4,,1,30,,34736,25,4,,1,70,,34737,25,4,,1,30,,34738,25,4,,1,70,,34739,25,4,,1,30,,34740,25,4,,1,70,,34741,25,4,,1,30,,34742,25,4,,1,70,,34743,25,4,,1,30,,34744,25,4,,1,70,,34745,25,4,,1,30,,34746,25,4,,1,70,,34747,25,4,,1,30,,34748,25,4,,1,70,,34749,25,4,,1,30,,34750,25,4,,1,70,,34751,25,4,,1,30,,34752,25,4,,1,70,,34724,25,4,,1,30,,34753,25,4,,1,70,,34725,25,4,,1,30,,34723,25,4,,1,70,,34754,25,4,,1,30,,34722,25,4,,1,70,,34755,25,4,,1
1001,'10-Sunday-10000001',846,,34782,25,4,,1,70,,34768,25,4,,1,30,,34770,25,4,,1,71,,34758,25,4,,1,30,,34772,25,4,,1,70,,34759,25,4,,1,30,,34769,25,4,,1,70,,34760,25,4,,1,30,,34771,25,4,,1,70,,34761,25,4,,1,30,,34773,25,4,,1,70,,34774,25,4,,1,30,,34775,25,4,,1,70,,34776,25,4,,1,30,,34767,25,4,,1,70,,34778,25,4,,1,30,,34766,25,4,,1,70,,34780,25,4,,1,30,,34765,25,4,,1,70,,34777,25,4,,1,30,,34764,25,4,,1,70,,34757,25,4,,1,30,,34763,25,4,,1,70,,34779,25,4,,1,30,,34756,25,4,,1,70,,34786,25,4,,1,30,,34785,25,4,,1,69,,34784,25,4,,1,30,,34783,25,4,,1,70,,34762,25,4,,1,30,,34781,25,4,,1
1001,'10-Weekday-11111100',623,,34803,25,4,,1,30,,34788,25,4,,1,56,,34846,20,4,,1,16,,34799,25,4,,1,15,,34812,20,4,,1,15,,34813,25,4,,1,55,,34814,20,4,,1,15,,34815,25,4,,1,15,,34816,20,4,,1,15,,34817,25,4,,1,55,,34818,20,4,,1,15,,34819,25,4,,1,13,,34820,20,4,,1,15,,34809,25,4,,1,54,,34823,20,4,,1,16,,34810,25,4,,1,14,,34824,20,4,,1,16,,34811,25,4,,1,54,,34825,20,4,,1,16,,34808,25,4,,1,14,,34826,20,4,,1,16,,34791,25,4,,1,54,,34827,20,4,,1,16,,34804,25,4,,1,14,,34828,20,4,,1,16,,34805,25,4,,1,54,,34829,20,4,,1,16,,34790,25,4,,1,14,,34830,20,4,,1,16,,34806,25,4,,1,54,,34831,20,4,,1,16,,34789,25,4,,1,14,,34832,20,4,,1,19,,34807,25,4,,1,54,,34822,20,4,,1,16,,34802,25,4,,1,14,,34801,20,4,,1,16,,34800,25,4,,1,54,,34787,20,4,,1,16,,34798,25,4,,1,14,,34797,20,4,,1,16,,34796,25,4,,1,54,,34795,20,4,,1,16,,34794,25,4,,1,14,,34793,20,4,,1,16,,34792,25,4,,1,54,,34833,20,4,,1,14,,34821,25,4,,1,30,,34835,25,4,,1,70,,34836,25,4,,1,30,,34837,25,4,,1,70,,34838,25,4,,1,30,,34839,25,4,,1,70,,34840,25,4,,1,30,,34841,25,4,,1,68,,34842,25,4,,1,30,,34843,25,4,,1,70,,34844,25,4,,1,30,,34845,25,4,,1,70,,34834,25,4,,1
1600,'16-Holiday1-10000001',830,,35481,1,,,1,100,,35482,1,,,1,100,,35483,1,,,1,100,,35484,1,,,1,100,,35485,1,,,1,100,,35486,1,,,1,100,,35487,1,,,1,100,,35488,1,,,1,100,,35489,1,,,1,100,,35490,1,,,1,100,,35491,1,,,1,100,,35492,1,,,1,100,,35493,1,,,1,100,,35494,1,,,1,100,,35495,1,,,1,100,,35496,1,,,1
1600,'16-Saturday-10000010',700,,35531,1,,,1,30,,35498,1,,,1,70,,35499,1,,,1,30,,35500,1,,,1,70,,35501,1,,,1,30,,35502,1,,,1,70,,35503,1,,,1,30,,35504,1,,,1,70,,35505,1,,,1,30,,35506,1,,,1,70,,35507,1,,,1,30,,35508,1,,,1,70,,35509,1,,,1,30,,35510,1,,,1,70,,35511,1,,,1,30,,35512,1,,,1,70,,35513,1,,,1,30,,35514,1,,,1,70,,35515,1,,,1,30,,35516,1,,,1,70,,35517,1,,,1,30,,35518,1,,,1,70,,35519,1,,,1,30,,35520,1,,,1,70,,35521,1,,,1,30,,35522,1,,,1,70,,35523,1,,,1,30,,35524,1,,,1,70,,35525,1,,,1,30,,35526,1,,,1,70,,35527,1,,,1,30,,35528,1,,,1,70,,35529,1,,,1,30,,35530,1,,,1
1600,'16-Sunday-10000001',800,,35534,1,,,1,30,,35535,1,,,1,70,,35536,1,,,1,30,,35537,1,,,1,70,,35538,1,,,1,30,,35539,1,,,1,70,,35540,1,,,1,30,,35541,1,,,1,70,,35542,1,,,1,30,,35543,1,,,1,70,,35544,1,,,1,30,,35545,1,,,1,70,,35546,1,,,1,30,,35547,1,,,1,70,,35548,1,,,1,30,,35549,1,,,1,70,,35550,1,,,1,30,,35551,1,,,1,70,,35552,1,,,1,30,,35553,1,,,1,70,,35554,1,,,1,30,,35555,1,,,1,70,,35556,1,,,1,30,,35557,1,,,1,70,,35558,1,,,1,30,,35559,1,,,1,70,,35560,1,,,1,30,,35561,1,,,1,70,,35562,1,,,1,30,,35563,1,,,1,70,,35564,1,,,1,30,,35565,1,,,1
1600,'16-Weekday-11111100',555,,35604,1,,,1,70,,35603,1,,,1,15,,35606,1,,,1,15,,35567,1,,,1,55,,35607,1,,,1,15,,35568,1,,,1,15,,35608,1,,,1,15,,35569,1,,,1,55,,35609,1,,,1,15,,35570,1,,,1,15,,35634,1,,,1,15,,35571,1,,,1,55,,35629,1,,,1,15,,35572,1,,,1,15,,35630,1,,,1,15,,35573,1,,,1,55,,35631,1,,,1,15,,35574,1,,,1,15,,35632,1,,,1,15,,35575,1,,,1,55,,35633,1,,,1,15,,35576,1,,,1,15,,35625,1,,,1,15,,35577,1,,,1,55,,35628,1,,,1,15,,35578,1,,,1,15,,35627,1,,,1,15,,35579,1,,,1,55,,35626,1,,,1,15,,35580,1,,,1,15,,35624,1,,,1,15,,35581,1,,,1,55,,35623,1,,,1,15,,35582,1,,,1,15,,35610,1,,,1,15,,35583,1,,,1,55,,35611,1,,,1,15,,35584,1,,,1,15,,35612,1,,,1,15,,35585,1,,,1,55,,35613,1,,,1,15,,35586,1,,,1,15,,35614,1,,,1,15,,35587,1,,,1,55,,35615,1,,,1,15,,35588,1,,,1,15,,35616,1,,,1,15,,35589,1,,,1,55,,35590,1,,,1,15,,35617,1,,,1,15,,35591,1,,,1,15,,35618,1,,,1,55,,35592,1,,,1,15,,35619,1,,,1,15,,35593,1,,,1,15,,35620,1,,,1,55,,35594,1,,,1,15,,35621,1,,,1,15,,35595,1,,,1,15,,35622,1,,,1,55,,35596,1,,,1,15,,35635,1,,,1,15,,35597,1,,,1,60,,35598,1,,,1,30,,35599,1,,,1,70,,35600,1,,,1
1601,'16-Holiday1-10000001',905,,35636,56,4,,1,100,,35637,56,4,,1,105,,35638,56,4,,1,100,,35639,56,4,,1,100,,35640,56,4,,1,100,,35641,56,4,,1,100,,35642,56,4,,1,100,,35643,56,4,,1,100,,35644,56,4,,1,100,,35645,56,4,,1,98,,35646,56,4,,1,101,,35647,56,4,,1,100,,35648,56,4,,1,100,,35649,56,4,,1,100,,35650,56,4,,1,100,,35651,56,4,,1
1601,'16-Saturday-10000010',710,,35652,29,4,,1,30,,35653,56,4,,1,70,,35654,56,4,,1,30,,35655,56,4,,1,71,,35656,56,4,,1,31,,35657,56,4,,1,74,,35658,56,4,,1,33,,35659,56,4,,1,70,,35660,56,4,,1,30,,35661,56,4,,1,70,,35662,56,4,,1,30,,35663,56,4,,1,70,,35664,56,4,,1,30,,35665,56,4,,1,70,,35666,56,4,,1,30,,35667,56,4,,1,70,,35668,56,4,,1,30,,35669,56,4,,1,70,,35670,56,4,,1,30,,35671,56,4,,1,70,,35672,56,4,,1,30,,35673,56,4,,1,69,,35674,56,4,,1,28,,35675,56,4,,1,68,,35676,56,4,,1,28,,35677,56,4,,1,70,,35678,56,4,,1,30,,35679,56,4,,1,70,,35680,56,4,,1,30,,35681,56,4,,1,70,,35682,56,4,,1,30,,35683,56,4,,1,70,,35684,56,4,,1,30,,35685,56,4,,1,70,,35687,56,4,,1
1601,'16-Sunday-10000001',835,,35688,56,4,,1,70,,35689,56,4,,1,30,,35690,56,4,,1,70,,35691,56,4,,1,31,,35692,56,4,,1,74,,35693,56,4,,1,30,,35694,56,4,,1,70,,35695,56,4,,1,30,,35696,56,4,,1,70,,35697,56,4,,1,30,,35698,56,4,,1,70,,35699,56,4,,1,30,,35700,56,4,,1,70,,35701,56,4,,1,30,,35702,56,4,,1,70,,35703,56,4,,1,30,,35704,56,4,,1,70,,35705,56,4,,1,30,,35706,56,4,,1,70,,35707,56,4,,1,31,,35708,56,4,,1,67,,35709,56,4,,1,31,,35710,56,4,,1,70,,35711,56,4,,1,30,,35712,56,4,,1,70,,35713,56,4,,1,30,,35714,56,4,,1,70,,35715,56,4,,1,30,,35716,56,4,,1,70,,35717,56,4,,1,30,,35718,56,4,,1,70,,35719,56,4,,1
1601,'16-Weekday-11111100',636,,35721,56,4,,1,72,,35722,56,4,,1,11,,35758,56,4,,1,19,,35723,56,4,,1,20,,35762,56,4,,1,55,,35724,56,4,,1,17,,35759,56,4,,1,16,,35725,56,4,,1,55,,35760,56,4,,1,15,,35726,56,4,,1,15,,35761,56,4,,1,15,,35727,56,4,,1,56,,35771,56,4,,1,15,,35728,56,4,,1,16,,35777,56,4,,1,16,,35729,56,4,,1,55,,35778,56,4,,1,14,,35730,56,4,,1,16,,35779,56,4,,1,15,,35731,56,4,,1,55,,35780,56,4,,1,15,,35732,56,4,,1,15,,35781,56,4,,1,15,,35733,56,4,,1,55,,35782,56,4,,1,15,,35734,56,4,,1,15,,35783,56,4,,1,15,,35735,56,4,,1,55,,35784,56,4,,1,15,,35736,56,4,,1,16,,35785,56,4,,1,15,,35737,56,4,,1,55,,35786,56,4,,1,17,,35738,56,4,,1,15,,35768,56,4,,1,15,,35739,56,4,,1,57,,35763,56,4,,1,15,,35740,56,4,,1,16,,35764,56,4,,1,15,,35741,56,4,,1,55,,35765,56,4,,1,15,,35742,56,4,,1,15,,35766,56,4,,1,15,,35743,56,4,,1,54,,35767,56,4,,1,15,,35744,56,4,,1,13,,35757,56,4,,1,13,,35745,56,4,,1,54,,35769,56,4,,1,13,,35746,56,4,,1,13,,35772,56,4,,1,15,,35747,56,4,,1,14,,35748,56,4,,1,55,,35773,56,4,,1,15,,35749,56,4,,1,15,,35776,56,4,,1,15,,35750,56,4,,1,55,,35774,56,4,,1,15,,35751,56,4,,1,15,,35775,56,4,,1,15,,35752,56,4,,1,53,,35787,56,4,,1,14,,35753,56,4,,1,31,,35754,56,4,,1,67,,35755,56,4,,1,13,,35756,56,4,,1
3600,'36-Saturday-10000010',742,,38011,16,4,,1,70,,38023,16,4,,1,30,,38012,16,4,,1,71,,38024,16,4,,1,29,,38013,16,4,,1,70,,38025,16,4,,1,30,,38014,16,4,,1,70,,38026,16,4,,1,30,,38015,16,4,,1,70,,38027,16,4,,1,30,,38016,16,4,,1,70,,38028,16,4,,1,30,,38017,16,4,,1,70,,38029,16,4,,1,30,,38018,16,4,,1,70,,38030,16,4,,1,30,,38019,16,4,,1,70,,38031,16,4,,1,30,,38020,16,4,,1,70,,38032,16,4,,1,30,,38021,16,4,,1,69,,38033,16,4,,1,32,,38022,16,4,,1,70,,38034,16,4,,1,30,,38035,16,4,,1
3600,'36-Sunday-10000001',841,,38036,16,4,,1,70,,38037,16,4,,1,30,,38038,16,4,,1,71,,38039,16,4,,1,30,,38040,16,4,,1,75,,38041,16,4,,1,30,,38042,16,4,,1,70,,38043,16,4,,1,30,,38044,16,4,,1,70,,38045,16,4,,1,30,,38046,16,4,,1,70,,38047,16,4,,1,30,,38048,16,4,,1,70,,38049,16,4,,1,30,,38050,16,4,,1,70,,38051,16,4,,1,30,,38052,16,4,,1,70,,38053,16,4,,1,30,,38054,16,4,,1,64,,38055,16,4,,1,29,,38056,16,4,,1,70,,38057,16,4,,1
3600,'36-Weekday-11111100',628,,38082,16,4,,1,99,,38060,16,4,,1,30,,38059,16,4,,1,70,,38074,16,4,,1,30,,38073,16,4,,1,70,,38072,16,4,,1,30,,38071,16,4,,1,70,,38070,16,4,,1,30,,38069,16,4,,1,70,,38068,16,4,,1,30,,38067,16,4,,1,70,,38066,16,4,,1,30,,38065,16,4,,1,70,,38064,16,4,,1,30,,38063,16,4,,1,70,,38062,16,4,,1,31,,38061,16,4,,1,70,,38081,16,4,,1,30,,38086,16,4,,1,70,,38080,16,4,,1,30,,38079,16,4,,1,70,,38078,16,4,,1,30,,38077,16,4,,1,69,,38076,16,4,,1,30,,38075,16,4,,1,70,,38089,16,4,,1,30,,38084,16,4,,1,70,,38088,16,4,,1,30,,38083,16,4,,1,70,,38058,16,4,,1,30,,38085,16,4,,1,67,,38087,16,4,,1,30,,38090,16,4,,1
3601,'36-Saturday-10000010',715,,38091,1,,,1,30,,38103,1,,,1,70,,38092,1,,,1,30,,38104,1,,,1,70,,38093,1,,,1,30,,38105,1,,,1,70,,38094,1,,,1,30,,38106,1,,,1,70,,38095,1,,,1,30,,38107,1,,,1,70,,38096,1,,,1,30,,38108,1,,,1,70,,38097,1,,,1,30,,38109,1,,,1,70,,38098,1,,,1,30,,38110,1,,,1,70,,38099,1,,,1,30,,38111,1,,,1,70,,38100,1,,,1,30,,38112,1,,,1,70,,38101,1,,,1,30,,38113,1,,,1,70,,38102,1,,,1,30,,38114,1,,,1,70,,38115,1,,,1
3601,'36-Sunday-10000001',815,,38116,1,,,1,30,,38117,1,,,1,70,,38118,1,,,1,30,,38119,1,,,1,70,,38120,1,,,1,35,,38121,1,,,1,70,,38122,1,,,1,30,,38123,1,,,1,70,,38124,1,,,1,30,,38125,1,,,1,70,,38126,1,,,1,30,,38127,1,,,1,70,,38128,1,,,1,30,,38129,1,,,1,70,,38130,1,,,1,30,,38131,1,,,1,70,,38132,1,,,1,30,,38133,1,,,1,70,,38134,1,,,1,25,,38135,1,,,1,70,,38136,1,,,1,30,,38137,1,,,1
3601,'36-Weekday-11111100',700,,38162,1,,,1,30,,38138,1,,,1,70,,38139,1,,,1,30,,38140,1,,,1,70,,38141,1,,,1,30,,38142,1,,,1,70,,38143,1,,,1,30,,38144,1,,,1,70,,38145,1,,,1,30,,38146,1,,,1,70,,38147,1,,,1,30,,38148,1,,,1,70,,38149,1,,,1,30,,38150,1,,,1,70,,38151,1,,,1,30,,38152,1,,,1,70,,38153,1,,,1,30,,38154,1,,,1,70,,38155,1,,,1,30,,38156,1,,,1,70,,38157,1,,,1,30,,38158,1,,,1,70,,38159,1,,,1,30,,38160,1,,,1,70,,38161,1,,,1,30,,38163,1,,,1,70,,38164,1,,,1,30,,38165,1,,,1,70,,38166,1,,,1,30,,38167,1,,,1,70,,38168,1,,,1,30,,38169,1,,,1
5700,'57-Saturday-10000010',700,,39403,1,,,1,100,,39391,1,,,1,100,,39392,1,,,1,100,,39393,1,,,1,100,,39394,1,,,1,100,,39395,1,,,1,100,,39396,1,,,1,100,,39397,1,,,1,100,,39398,1,,,1,100,,39399,1,,,1,100,,39400,1,,,1,100,,39401,1,,,1,100,,39402,1,,,1
5700,'57-Weekday-11111100',630,,39405,1,,,1,70,,39431,1,,,1,30,,39406,1,,,1,70,,39407,1,,,1,30,,39408,1,,,1,70,,39409,1,,,1,30,,39410,1,,,1,70,,39411,1,,,1,30,,39412,1,,,1,70,,39413,1,,,1,30,,39414,1,,,1,70,,39415,1,,,1,30,,39416,1,,,1,70,,39417,1,,,1,30,,39418,1,,,1,70,,39419,1,,,1,35,,39421,1,,,1,70,,39422,1,,,1,30,,39423,1,,,1,70,,39424,1,,,1,30,,39425,1,,,1,70,,39426,1,,,1,30,,39427,1,,,1,70,,39420,1,,,1,25,,39432,1,,,1,70,,39428,1,,,1,30,,39433,1,,,1,70,,39429,1,,,1,30,,39434,1,,,1,70,,39430,1,,,1,30,,39436,1,,,1,70,,39435,1,,,1,30,,39437,1,,,1
5701,'57-Saturday-10000010',752,,39446,19,4,,1,100,,39445,19,4,,1,101,,39439,19,4,,1,100,,39438,19,4,,1,100,,39443,19,4,,1,100,,39442,19,4,,1,100,,39441,19,4,,1,100,,39440,19,4,,1,100,,39444,19,4,,1,100,,39449,19,4,,1,100,,39448,19,4,,1,100,,39447,19,4,,1
5701,'57-Weekday-11111100',652,,39477,19,4,,1,74,,39450,19,4,,1,30,,39451,19,4,,1,70,,39452,19,4,,1,30,,39453,19,4,,1,70,,39454,19,4,,1,28,,39455,19,4,,1,70,,39456,19,4,,1,30,,39457,19,4,,1,70,,39458,19,4,,1,30,,39460,19,4,,1,70,,39459,19,4,,1,30,,39461,19,4,,1,70,,39462,19,4,,1,30,,39463,19,4,,1,70,,39464,19,4,,1,33,,39465,19,4,,1,70,,39467,19,4,,1,30,,39466,19,4,,1,70,,39468,19,4,,1,30,,39469,19,4,,1,70,,39470,19,4,,1,30,,39471,19,4,,1,66,,39472,19,4,,1,30,,39473,19,4,,1,70,,39478,19,4,,1,30,,39474,19,4,,1,70,,39479,19,4,,1,30,,39475,19,4,,1,70,,39481,19,4,,1,30,,39476,19,4,,1,70,,39480,19,4,,1
6100,'61-Holiday1-21111111',750,,39816,1,,,1,100,,39802,1,,,1,100,,39803,1,,,1,100,,39804,1,,,1,100,,39805,1,,,1,100,,39806,1,,,1,100,,39807,1,,,1,100,,39808,1,,,1,100,,39809,1,,,1,100,,39810,1,,,1,100,,39811,1,,,1,100,,39812,1,,,1,100,,39813,1,,,1,100,,39814,1,,,1,100,,39815,1,,,1
6100,'61-Saturday-10000010',720,,39841,1,,,1,30,,39842,1,,,1,70,,39843,1,,,1,30,,39844,1,,,1,70,,39845,1,,,1,30,,39846,1,,,1,70,,39848,1,,,1,30,,39847,1,,,1,70,,39827,1,,,1,30,,39828,1,,,1,70,,39829,1,,,1,30,,39830,1,,,1,70,,39831,1,,,1,30,,39832,1,,,1,70,,39833,1,,,1,30,,39834,1,,,1,70,,39835,1,,,1,30,,39836,1,,,1,70,,39837,1,,,1,30,,39838,1,,,1,70,,39839,1,,,1,30,,39840,1,,,1,70,,39818,1,,,1,30,,39819,1,,,1,70,,39820,1,,,1,30,,39821,1,,,1,70,,39822,1,,,1,30,,39823,1,,,1,70,,39824,1,,,1,30,,39849,1,,,1,70,,39825,1,,,1,30,,39826,1,,,1,70,,39850,1,,,1
6100,'61-Sunday-10000001',820,,39856,1,,,1,30,,39855,1,,,1,70,,39854,1,,,1,30,,39853,1,,,1,70,,39852,1,,,1,30,,39851,1,,,1,70,,39865,1,,,1,30,,39864,1,,,1,70,,39863,1,,,1,30,,39862,1,,,1,70,,39861,1,,,1,30,,39860,1,,,1,70,,39859,1,,,1,30,,39858,1,,,1,70,,39857,1,,,1,30,,39879,1,,,1,70,,39877,1,,,1,30,,39878,1,,,1,70,,39876,1,,,1,30,,39875,1,,,1,65,,39874,1,,,1,30,,39873,1,,,1,70,,39872,1,,,1,30,,39870,1,,,1,70,,39869,1,,,1,30,,39868,1,,,1,70,,39867,1,,,1,30,,39866,1,,,1,70,,39871,1,,,1
6100,'61-Weekday-21111100',620,,39892,1,,,1,30,,39893,1,,,1,70,,39898,1,,,1,15,,39907,1,,,1,15,,39899,1,,,1,55,,39908,1,,,1,15,,39897,1,,,1,15,,39909,1,,,1,15,,39894,1,,,1,55,,39910,1,,,1,15,,39896,1,,,1,15,,39911,1,,,1,15,,39895,1,,,1,55,,39912,1,,,1,15,,39900,1,,,1,15,,39913,1,,,1,15,,39880,1,,,1,55,,39914,1,,,1,15,,39901,1,,,1,15,,39915,1,,,1,15,,39902,1,,,1,55,,39916,1,,,1,15,,39881,1,,,1,15,,39917,1,,,1,15,,39882,1,,,1,55,,39918,1,,,1,15,,39883,1,,,1,15,,39919,1,,,1,15,,39935,1,,,1,55,,39920,1,,,1,15,,39884,1,,,1,15,,39921,1,,,1,15,,39885,1,,,1,55,,39922,1,,,1,15,,39886,1,,,1,15,,39923,1,,,1,15,,39887,1,,,1,55,,39924,1,,,1,15,,39888,1,,,1,15,,39925,1,,,1,15,,39889,1,,,1,55,,39926,1,,,1,15,,39890,1,,,1,15,,39927,1,,,1,15,,39891,1,,,1,55,,39928,1,,,1,30,,39929,1,,,1,70,,39930,1,,,1,30,,39934,1,,,1,70,,39931,1,,,1,30,,39932,1,,,1,70,,39933,1,,,1,30,,39936,1,,,1,70,,39937,1,,,1,30,,39905,1,,,1,70,,39904,1,,,1,30,,39903,1,,,1
6101,'61-Holiday1-21111111',834,,39938,27,4,,1,100,,39939,27,4,,1,104,,39940,27,4,,1,100,,39941,27,4,,1,100,,39942,27,4,,1,100,,39943,27,4,,1,100,,39944,27,4,,1,100,,39945,27,4,,1,100,,39946,27,4,,1,100,,39947,27,4,,1,95,,39948,27,4,,1,100,,39949,27,4,,1,100,,39950,27,4,,1,100,,39951,27,4,,1,100,,39952,27,4,,1
6101,'61-Saturday-10000010',712,,39976,27,4,,1,30,,39977,27,4,,1,70,,39978,27,4,,1,28,,39987,20,4,,1,2,,39979,27,4,,1,69,,39980,27,4,,1,31,,39981,27,4,,1,70,,39982,27,4,,1,30,,39983,27,4,,1,70,,39986,27,4,,1,30,,39984,27,4,,1,70,,39985,27,4,,1,30,,39956,27,4,,1,70,,39955,27,4,,1,30,,39957,27,4,,1,70,,39954,27,4,,1,30,,39958,27,4,,1,70,,39959,27,4,,1,30,,39960,27,4,,1,70,,39961,27,4,,1,30,,39962,27,4,,1,70,,39963,27,4,,1,30,,39975,27,4,,1,71,,39974,27,4,,1,30,,39973,27,4,,1,70,,39972,27,4,,1,30,,39971,27,4,,1,70,,39970,27,4,,1,30,,39969,27,4,,1,70,,39968,27,4,,1,30,,39967,27,4,,1,70,,39966,27,4,,1,30,,39965,27,4,,1,70,,39964,27,4,,1
6101,'61-Sunday-10000001',839,,40017,27,4,,1,70,,40016,27,4,,1,30,,40015,27,4,,1,71,,40014,27,4,,1,33,,40013,27,4,,1,70,,40012,27,4,,1,30,,39997,27,4,,1,70,,39998,27,4,,1,30,,39999,27,4,,1,70,,40000,27,4,,1,30,,40001,27,4,,1,70,,40002,27,4,,1,30,,40003,27,4,,1,70,,40004,27,4,,1,30,,40005,27,4,,1,70,,40006,27,4,,1,30,,40008,27,4,,1,70,,40009,27,4,,1,30,,40010,27,4,,1,68,,40007,27,4,,1,27,,40011,27,4,,1,70,,39991,27,4,,1,30,,39990,27,4,,1,70,,39996,27,4,,1,30,,39989,27,4,,1,70,,39995,27,4,,1,30,,39994,27,4,,1,70,,39992,27,4,,1,30,,39993,27,4,,1
6101,'61-Weekday-21111100',641,,40035,27,4,,1,69,,40041,27,4,,1,17,,40065,27,4,,1,15,,40042,27,4,,1,15,,40054,27,4,,1,55,,40043,27,4,,1,15,,40063,27,4,,1,15,,40044,27,4,,1,15,,40047,27,4,,1,55,,40045,27,4,,1,15,,40060,27,4,,1,15,,40046,27,4,,1,15,,40053,27,4,,1,55,,40038,27,4,,1,15,,40059,27,4,,1,15,,40039,27,4,,1,15,,40052,27,4,,1,55,,40040,27,4,,1,15,,40058,27,4,,1,15,,40037,27,4,,1,15,,40051,27,4,,1,55,,40036,27,4,,1,15,,40066,27,4,,1,15,,40020,27,4,,1,15,,40057,27,4,,1,55,,40021,27,4,,1,15,,40050,27,4,,1,15,,40022,27,4,,1,15,,40056,27,4,,1,55,,40023,27,4,,1,15,,40069,27,4,,1,17,,40024,27,4,,1,58,,40062,27,4,,1,15,,40025,27,4,,1,15,,40049,27,4,,1,15,,40026,27,4,,1,55,,40067,27,4,,1,15,,40027,27,4,,1,15,,40068,27,4,,1,15,,40028,27,4,,1,55,,40070,27,4,,1,15,,40029,27,4,,1,15,,40048,27,4,,1,15,,40030,27,4,,1,55,,40055,27,4,,1,14,,40031,27,4,,1,11,,40061,27,4,,1,30,,40064,27,4,,1,70,,40074,27,4,,1,30,,40071,27,4,,1,70,,40072,27,4,,1,30,,40073,27,4,,1,70,,40075,27,4,,1,30,,40032,27,4,,1,68,,40033,27,4,,1,30,,40034,27,4,,1,70,,40019,27,4,,1
7600,'76-Weekday-11111100',645,,40584,1,,,1,70,,40585,1,,,1,30,,40586,1,,,1,70,,40587,1,,,1,30,,40588,1,,,1,70,,40589,1,,,1,30,,40590,1,,,1,470,,40591,1,,,1,30,,40592,1,,,1,70,,40593,1,,,1,30,,40594,1,,,1,70,,40595,1,,,1,30,,40596,1,,,1,70,,40597,1,,,1,30,,40598,1,,,1,70,,40599,1,,,1,30,,40600,1,,,1
7601,'76-Weekday-11111100',643,,40601,13,4,,1,70,,40602,13,4,,1,30,,40603,13,4,,1,70,,40604,13,4,,1,30,,40605,13,4,,1,70,,40606,13,4,,1,29,,40607,13,4,,1,70,,40608,13,4,,1,430,,40609,13,4,,1,71,,40610,13,4,,1,30,,40611,13,4,,1,70,,40612,13,4,,1,30,,40613,13,4,,1,70,,40614,13,4,,1,30,,40615,13,4,,1,70,,40616,13,4,,1,30,,40617,13,4,,1
20100,'201-Holiday1-10000001',645,,40709,1,,,1,70,,40710,1,,,1,30,,40711,1,,,1,70,,40712,1,,,1,30,,40713,1,,,1,70,,40714,1,,,1,30,,40715,1,,,1,70,,40716,1,,,1,30,,40708,1,,,1,70,,40717,1,,,1,30,,40718,1,,,1,70,,40719,1,,,1,30,,40720,1,,,1,70,,40721,1,,,1,30,,40722,1,,,1,70,,40723,1,,,1,30,,40724,1,,,1,70,,40725,1,,,1,30,,40726,1,,,1,70,,40727,1,,,1,30,,40728,1,,,1,70,,40729,1,,,1,30,,40730,1,,,1,70,,40731,1,,,1,30,,40732,1,,,1,70,,40733,1,,,1,30,,40734,1,,,1,70,,40735,1,,,1,30,,40736,1,,,1,70,,40737,1,,,1,30,,40738,1,,,1,70,,40739,1,,,1,30,,40740,1,,,1,70,,40741,1,,,1,30,,40742,1,,,1
20100,'201-Saturday-10000010',645,,40743,1,,,1,70,,40744,1,,,1,30,,40745,1,,,1,70,,40746,1,,,1,30,,40747,1,,,1,70,,40748,1,,,1,30,,40749,1,,,1,70,,40750,1,,,1,30,,40751,1,,,1,70,,40752,1,,,1,30,,40753,1,,,1,70,,40754,1,,,1,30,,40755,1,,,1,70,,40756,1,,,1,30,,40757,1,,,1,70,,40758,1,,,1,30,,40759,1,,,1,70,,40760,1,,,1,30,,40761,1,,,1,70,,40762,1,,,1,30,,40763,1,,,1,70,,40764,1,,,1,30,,40765,1,,,1,70,,40766,1,,,1,30,,40767,1,,,1,70,,40768,1,,,1,30,,40769,1,,,1,70,,40770,1,,,1,30,,40771,1,,,1,70,,40772,1,,,1,30,,40773,1,,,1,70,,40774,1,,,1,30,,40775,1,,,1,70,,40776,1,,,1,30,,40777,1,,,1
20100,'201-Sunday-10000001',645,,40780,1,,,1,70,,40781,1,,,1,30,,40782,1,,,1,70,,40783,1,,,1,30,,40784,1,,,1,70,,40785,1,,,1,30,,40786,1,,,1,70,,40787,1,,,1,30,,40779,1,,,1,70,,40788,1,,,1,30,,40789,1,,,1,70,,40790,1,,,1,30,,40791,1,,,1,70,,40792,1,,,1,30,,40793,1,,,1,70,,40794,1,,,1,30,,40795,1,,,1,70,,40796,1,,,1,30,,40797,1,,,1,70,,40798,1,,,1,30,,40799,1,,,1,70,,40800,1,,,1,30,,40801,1,,,1,70,,40802,1,,,1,30,,40803,1,,,1,70,,40804,1,,,1,30,,40805,1,,,1,70,,40806,1,,,1,30,,40807,1,,,1,70,,40808,1,,,1,30,,40809,1,,,1,70,,40810,1,,,1,30,,40811,1,,,1,70,,40812,1,,,1,30,,40813,1,,,1
20100,'201-Weekday-11111100',535,,40849,1,,,1,15,,40850,1,,,1,55,,40847,1,,,1,15,,40851,1,,,1,15,,40846,1,,,1,15,,40852,1,,,1,55,,40845,1,,,1,10,,40877,1,,,1,10,,40853,1,,,1,10,,40841,1,,,1,10,,40878,1,,,1,10,,40854,1,,,1,50,,40842,1,,,1,10,,40879,1,,,1,10,,40855,1,,,1,10,,40839,1,,,1,10,,40880,1,,,1,10,,40856,1,,,1,50,,40838,1,,,1,10,,40881,1,,,1,10,,40857,1,,,1,10,,40814,1,,,1,10,,40893,1,,,1,10,,40858,1,,,1,50,,40815,1,,,1,10,,40894,1,,,1,10,,40859,1,,,1,10,,40816,1,,,1,10,,40895,1,,,1,10,,40860,1,,,1,50,,40817,1,,,1,10,,40896,1,,,1,10,,40861,1,,,1,10,,40818,1,,,1,10,,40897,1,,,1,10,,40862,1,,,1,50,,40819,1,,,1,10,,40898,1,,,1,10,,40863,1,,,1,10,,40820,1,,,1,10,,40899,1,,,1,10,,40864,1,,,1,50,,40821,1,,,1,10,,40900,1,,,1,10,,40865,1,,,1,10,,40822,1,,,1,10,,40901,1,,,1,10,,40866,1,,,1,50,,40823,1,,,1,10,,40902,1,,,1,10,,40867,1,,,1,10,,40908,1,,,1,10,,40840,1,,,1,10,,40882,1,,,1,50,,40876,1,,,1,10,,40868,1,,,1,10,,40883,1,,,1,10,,40844,1,,,1,10,,40824,1,,,1,10,,40884,1,,,1,50,,40869,1,,,1,10,,40870,1,,,1,10,,40885,1,,,1,10,,40825,1,,,1,10,,40871,1,,,1,10,,40886,1,,,1,50,,40843,1,,,1,10,,40872,1,,,1,10,,40887,1,,,1,10,,40826,1,,,1,10,,40873,1,,,1,10,,40888,1,,,1,50,,40827,1,,,1,10,,40874,1,,,1,15,,40907,1,,,1,15,,40875,1,,,1,55,,40890,1,,,1,15,,40828,1,,,1,15,,40891,1,,,1,15,,40829,1,,,1,55,,40892,1,,,1,15,,40830,1,,,1,15,,40903,1,,,1,15,,40831,1,,,1,55,,40904,1,,,1,15,,40832,1,,,1,15,,40905,1,0,15 16,1,15,,40833,1,,,1,55,,40906,1,,,1,30,,40834,1,,,1,70,,40835,1,,,1,35,,40836,1,,,1,70,,40837,1,,,1
20101,'201-Holiday1-10000001',800,,40910,35,4,,1,30,,40911,35,4,,1,70,,40912,35,4,,1,30,,40913,35,4,,1,70,,40914,35,4,,1,32,,40915,35,4,,1,71,,40916,35,4,,1,30,,40917,35,4,,1,70,,40918,35,4,,1,30,,40919,35,4,,1,70,,40909,35,4,,1,30,,40920,35,4,,1,70,,40921,35,4,,1,30,,40922,35,4,,1,70,,40923,35,4,,1,30,,40924,35,4,,1,70,,40925,35,4,,1,30,,40926,35,4,,1,70,,40927,35,4,,1,30,,40928,35,4,,1,70,,40929,35,4,,1,28,,40930,35,4,,1,69,,40931,35,4,,1,30,,40932,35,4,,1,70,,40933,35,4,,1,30,,40934,35,4,,1,70,,40935,35,4,,1,30,,40936,35,4,,1,70,,40937,35,4,,1,30,,40938,35,4,,1,70,,40939,35,4,,1,30,,40940,35,4,,1,70,,40941,35,4,,1,30,,40942,35,4,,1,70,,40943,35,4,,1
20101,'201-Saturday-10000010',730,,40979,35,4,,1,70,,40944,35,4,,1,30,,40945,35,4,,1,70,,40946,35,4,,1,32,,40947,35,4,,1,72,,40948,35,4,,1,30,,40949,35,4,,1,70,,40950,35,4,,1,30,,40951,35,4,,1,70,,40952,35,4,,1,30,,40953,35,4,,1,70,,40954,35,4,,1,30,,40955,35,4,,1,70,,40956,35,4,,1,30,,40957,35,4,,1,70,,40958,35,4,,1,30,,40959,35,4,,1,70,,40960,35,4,,1,30,,40961,35,4,,1,70,,40962,35,4,,1,30,,40963,35,4,,1,69,,40964,35,4,,1,29,,40965,35,4,,1,68,,40966,35,4,,1,30,,40967,35,4,,1,70,,40968,35,4,,1,30,,40969,35,4,,1,70,,40970,35,4,,1,30,,40971,35,4,,1,70,,40972,35,4,,1,30,,40973,35,4,,1,70,,40974,35,4,,1,30,,40975,35,4,,1,70,,40976,35,4,,1,30,,40977,35,4,,1
20101,'201-Sunday-10000001',759,,40981,35,4,,1,70,,40982,35,4,,1,30,,40983,35,4,,1,70,,40984,35,4,,1,30,,40985,35,4,,1,72,,40986,35,4,,1,72,,40987,35,4,,1,30,,40988,35,4,,1,70,,40989,35,4,,1,30,,40990,35,4,,1,70,,40980,35,4,,1,30,,40991,35,4,,1,70,,40992,35,4,,1,30,,40993,35,4,,1,70,,40994,35,4,,1,30,,40995,35,4,,1,70,,40996,35,4,,1,30,,40997,35,4,,1,70,,40998,35,4,,1,30,,40999,35,4,,1,70,,41000,35,4,,1,28,,41001,35,4,,1,69,,41002,35,4,,1,30,,41003,35,4,,1,70,,41004,35,4,,1,30,,41005,35,4,,1,70,,41006,35,4,,1,30,,41007,35,4,,1,70,,41008,35,4,,1,30,,41009,35,4,,1,70,,41010,35,4,,1,30,,41011,35,4,,1,70,,41012,35,4,,1,30,,41013,35,4,,1,70,,41014,35,4,,1
20101,'201-Weekday-11111100',615,,41089,35,4,,1,30,,41090,35,4,,1,55,,41048,35,4,,1,15,,41051,35,4,,1,18,,41049,35,4,,1,7,,41088,19,4,,1,11,,41052,35,4,,1,7,,41087,19,4,,1,50,,41046,35,4,,1,10,,41053,35,4,,1,10,,41075,35,4,,1,10,,41045,35,4,,1,10,,41054,35,4,,1,10,,41076,35,4,,1,50,,41015,35,4,,1,10,,41055,35,4,,1,10,,41077,35,4,,1,10,,41050,35,4,,1,9,,41056,35,4,,1,10,,41078,35,4,,1,49,,41047,35,4,,1,10,,41057,35,4,,1,10,,41079,35,4,,1,12,,41016,35,4,,1,10,,41058,35,4,,1,10,,41092,35,4,,1,50,,41017,35,4,,1,10,,41059,35,4,,1,10,,41093,35,4,,1,10,,41018,35,4,,1,10,,41060,35,4,,1,10,,41094,35,4,,1,50,,41019,35,4,,1,10,,41061,35,4,,1,10,,41095,35,4,,1,10,,41020,35,4,,1,10,,41062,35,4,,1,10,,41096,35,4,,1,50,,41021,35,4,,1,10,,41063,35,4,,1,10,,41097,35,4,,1,10,,41022,35,4,,1,10,,41064,35,4,,1,10,,41098,35,4,,1,50,,41023,35,4,,1,10,,41065,35,4,,1,10,,41099,35,4,,1,10,,41024,35,4,,1,12,,41066,35,4,,1,50,,41100,35,4,,1,14,,41025,35,4,,1,11,,41101,35,4,,1,10,,41067,35,4,,1,10,,41026,35,4,,1,10,,41068,35,4,,1,50,,41080,35,4,,1,10,,41027,35,4,,1,10,,41069,35,4,,1,10,,41081,35,4,,1,10,,41028,35,4,,1,10,,41070,35,4,,1,50,,41082,35,4,,1,10,,41033,35,4,,1,10,,41071,35,4,,1,10,,41084,35,4,,1,10,,41029,35,4,,1,10,,41072,35,4,,1,50,,41083,35,4,,1,9,,41030,35,4,,1,9,,41073,35,4,,1,8,,41085,35,4,,1,8,,41031,35,4,,1,10,,41074,35,4,,1,9,,41086,35,4,,1,49,,41032,35,4,,1,15,,41034,35,4,,1,15,,41102,35,4,,1,15,,41035,35,4,,1,55,,41103,35,4,,1,15,,41036,35,4,,1,15,,41104,35,4,,1,15,,41037,35,4,,1,55,,41105,35,4,,1,15,,41038,35,4,,1,15,,41106,35,4,,1,15,,41039,35,4,,1,55,,41107,35,4,,1,14,,41040,35,4,,1,13,,41108,35,4,,1,13,,41041,35,4,,1,83,,41042,35,4,,1,70,,41043,35,4,,1,35,,41044,35,4,,1,70,,41091,35,4,,1
20300,'203-Weekday-21111100',644,,41508,30,4,,1,69,,41509,30,4,,1,33,,41510,30,4,,1,70,,41511,30,4,,1,30,,41539,30,4,,1,70,,41512,30,4,,1,31,,41536,30,4,,1,68,,41535,30,4,,1,30,,41540,30,4,,1,70,,41534,30,4,,1,30,,41533,30,4,,1,70,,41532,30,4,,1,30,,41541,30,4,,1,70,,41531,30,4,,1,30,,41530,30,4,,1,70,,41529,30,4,,1,30,,41528,30,4,,1,75,,41537,30,4,,1,30,,41513,30,4,,1,70,,41514,30,4,,1,30,,41515,30,4,,1,70,,41516,30,4,,1,30,,41517,30,4,,1,68,,41518,30,4,,1,28,,41519,30,4,,1,75,,41520,30,4,,1,30,,41521,30,4,,1,70,,41522,30,4,,1,30,,41523,30,4,,1,70,,41524,30,4,,1,30,,41525,30,4,,1,69,,41526,30,4,,1,30,,41527,30,4,,1,70,,41538,30,4,,1
20301,'203-Weekday-21111100',620,,41592,1,,,1,30,,41593,1,,,1,75,,41594,1,,,1,30,,41595,1,,,1,70,,41596,1,,,1,30,,41597,1,,,1,70,,41598,1,,,1,30,,41607,1,,,1,70,,41608,1,,,1,30,,41609,1,,,1,70,,41610,1,,,1,30,,41611,1,,,1,70,,41612,1,,,1,30,,41613,1,,,1,70,,41614,1,,,1,30,,41615,1,,,1,70,,41616,1,,,1,30,,41617,1,,,1,70,,41618,1,,,1,30,,41619,1,,,1,70,,41620,1,,,1,30,,41621,1,,,1,70,,41622,1,,,1,30,,41623,1,,,1,70,,41624,1,,,1,30,,41606,1,,,1,70,,41599,1,,,1,30,,41600,1,,,1,70,,41601,1,,,1,30,,41602,1,,,1,70,,41603,1,,,1,30,,41604,1,,,1,70,,41605,1,,,1,30,,41625,1,,,1
