600,'6-Holiday1-10000001',805,,33234,22,,,1,100,,33235,22,,,1,100,,33236,22,,,1,100,,33237,22,,,1,100,,33238,22,,,1,100,,33239,22,,,1,100,,33240,22,,,1,100,,33241,22,,,1,100,,33242,22,,,1,100,,33243,22,,,1,100,,33244,22,,,1,100,,33245,22,,,1,100,,33246,22,,,1,100,,33247,22,,,1,100,,33248,22,,,1,100,,33249,22,,,1,100,,33250,22,,,1
600,'6-Saturday-10000010',546,,33251,7,,,1,89,,33252,22,,,1,70,,33253,22,,,1,30,,33254,22,,,1,70,,33255,22,,,1,30,,33256,22,,,1,71,,33257,22,,,1,32,,33258,22,,,1,70,,33259,22,,,1,30,,33260,22,,,1,70,,33261,22,,,1,30,,33262,22,,,1,70,,33263,22,,,1,30,,33264,22,,,1,70,,33265,22,,,1,30,,33266,22,,,1,70,,33267,22,,,1,30,,33268,22,,,1,70,,33269,22,,,1,30,,33270,22,,,1,70,,33271,22,,,1,30,,33272,22,,,1,70,,33273,22,,,1,30,,33274,22,,,1,69,,33275,22,,,1,28,,33276,22,,,1,70,,33277,22,,,1,30,,33278,22,,,1,70,,33279,22,,,1,30,,33280,22,,,1,70,,33281,22,,,1,30,,33282,22,,,1,70,,33283,22,,,1,30,,33284,22,,,1,70,,33285,22,,,1,30,,33286,22,,,1,70,,33287,22,,,1,30,,33288,22,,,1
600,'6-Sunday-10000001',805,,33289,22,,,1,30,,33290,22,,,1,70,,33291,22,,,1,30,,33292,22,,,1,70,,33293,22,,,1,30,,33294,22,,,1,70,,33295,22,,,1,30,,33296,22,,,1,70,,33297,22,,,1,30,,33298,22,,,1,70,,33299,22,,,1,30,,33300,22,,,1,70,,33301,22,,,1,30,,33302,22,,,1,70,,33303,22,,,1,30,,33304,22,,,1,70,,33305,22,,,1,30,,33306,22,,,1,70,,33307,22,,,1,30,,33308,22,,,1,70,,33309,22,,,1,30,,33310,22,,,1,70,,33311,22,,,1,30,,33312,22,,,1,70,,33313,22,,,1,30,,33314,22,,,1,70,,33315,22,,,1,30,,33316,22,,,1,70,,33317,22,,,1,30,,33318,22,,,1,70,,33319,22,,,1,30,,33320,22,,,1,70,,33321,22,,,1
600,'6-Weekday-11111100',536,,33359,4,,,1,70,,33357,22,,,1,30,,33322,22,,,1,71,,33323,22,,,1,32,,33324,22,,,1,70,,33325,22,,,1,30,,33326,22,,,1,70,,33327,22,,,1,30,,33328,22,,,1,69,,33329,22,,,1,30,,33330,22,,,1,70,,33331,22,,,1,30,,33332,22,,,1,70,,33333,22,,,1,30,,33334,22,,,1,70,,33335,22,,,1,30,,33336,22,,,1,70,,33337,22,,,1,32,,33338,22,,,1,71,,33339,22,,,1,30,,33340,22,,,1,70,,33341,22,,,1,30,,33342,22,,,1,70,,33343,22,,,1,30,,33344,22,,,1,68,,33345,22,,,1,28,,33346,22,,,1,70,,33347,22,,,1,30,,33348,22,,,1,70,,33349,22,,,1,30,,33350,22,,,1,70,,33351,22,,,1,30,,33352,22,,,1,69,,33353,22,,,1,31,,33354,22,,,1,70,,33355,22,,,1,30,,33356,22,,,1,70,,33358,22,,,1
2000,'20-Holiday1-10000001',817,,36040,22,,,1,30,,36041,22,,,1,70,,36042,22,,,1,30,,36043,22,,,1,72,,36044,22,,,1,30,,36045,22,,,1,70,,36046,22,,,1,30,,36047,22,,,1,70,,36048,22,,,1,30,,36049,22,,,1,70,,36050,22,,,1,30,,36051,22,,,1,70,,36052,22,,,1,30,,36053,22,,,1,70,,36054,22,,,1,30,,36055,22,,,1,70,,36056,22,,,1,30,,36057,22,,,1,70,,36058,22,,,1,30,,36059,22,,,1,68,,36060,22,,,1,30,,36061,22,,,1,70,,36062,22,,,1,30,,36063,22,,,1,70,,36064,22,,,1,30,,36065,22,,,1,70,,36066,22,,,1,30,,36067,22,,,1,70,,36068,22,,,1,30,,36069,22,,,1,100,,36070,22,,,1
2000,'20-Saturday-10000010',622,,36071,22,,,1,30,,36072,22,,,1,70,,36073,22,,,1,30,,36074,22,,,1,70,,36075,22,,,1,30,,36076,22,,,1,73,,36077,22,,,1,30,,36078,22,,,1,70,,36079,22,,,1,30,,36080,22,,,1,70,,36081,22,,,1,30,,36082,22,,,1,70,,36083,22,,,1,30,,36084,22,,,1,70,,36085,22,,,1,30,,36086,22,,,1,70,,36087,22,,,1,30,,36088,22,,,1,70,,36089,22,,,1,30,,36090,22,,,1,70,,36091,22,,,1,30,,36092,22,,,1,70,,36093,22,,,1,30,,36094,22,,,1,67,,36095,22,,,1,30,,36096,22,,,1,70,,36097,22,,,1,30,,36098,22,,,1,70,,36099,22,,,1,30,,36100,22,,,1,70,,36101,22,,,1,30,,36102,22,,,1,70,,36103,22,,,1,30,,36104,22,,,1,70,,36105,22,,,1,30,,36106,22,,,1
2000,'20-Sunday-20000001',822,,36108,22,,,1,30,,36109,22,,,1,70,,36110,22,,,1,30,,36111,22,,,1,72,,36112,22,,,1,30,,36113,22,,,1,70,,36114,22,,,1,30,,36115,22,,,1,70,,36116,22,,,1,30,,36117,22,,,1,70,,36118,22,,,1,30,,36119,22,,,1,70,,36120,22,,,1,30,,36121,22,,,1,70,,36122,22,,,1,30,,36123,22,,,1,70,,36124,22,,,1,30,,36125,22,,,1,70,,36126,22,,,1,30,,36127,22,,,1,68,,36128,22,,,1,20,,36129,22,,,1,70,,36130,22,,,1,30,,36131,22,,,1,70,,36132,22,,,1,30,,36133,22,,,1,70,,36134,22,,,1,30,,36135,22,,,1,70,,36136,22,,,1,30,,36137,22,,,1,100,,36138,22,,,1
2000,'20-Weekday-11111100',548,,36151,22,,,1,70,,36152,22,,,1,15,,36178,22,,,1,15,,36153,22,,,1,75,,36175,22,,,1,30,,36174,22,,,1,70,,36141,22,,,1,30,,36142,22,,,1,70,,36143,22,,,1,29,,36176,22,,,1,70,,36154,22,,,1,30,,36155,22,,,1,70,,36156,22,,,1,30,,36157,22,,,1,70,,36158,22,,,1,30,,36159,22,,,1,70,,36160,22,,,1,30,,36161,22,,,1,70,,36162,22,,,1,81,,36144,22,,,1,30,,36145,22,,,1,70,,36146,22,,,1,30,,36147,22,,,1,70,,36148,22,,,1,30,,36149,22,,,1,70,,36150,22,,,1,17,,36163,22,,,1,30,,36177,22,,,1,70,,36164,22,,,1,30,,36165,22,,,1,70,,36166,22,,,1,30,,36167,22,,,1,70,,36168,22,,,1,30,,36169,22,,,1,68,,36170,22,,,1,30,,36171,22,,,1,70,,36172,22,,,1,30,,36173,22,,,1
3400,'34-Weekday-11111100',637,,37962,1,,,1,70,,37973,1,,,1,30,,37965,1,,,1,70,,37964,1,,,1,30,,37963,1,,,1,599,,37966,1,,,1,70,,37971,1,,,1,30,,37970,1,,,1,70,,37969,1,,,1,30,,37968,1,,,1,70,,37967,1,,,1,525,,37972,1,,,1
3500,'35-Weekday-11111100',637,,37986,23,4,,1,70,,37987,23,4,,1,30,,37989,23,4,,1,70,,37990,23,4,,1,30,,37991,23,4,,1,599,,37992,23,4,,1,70,,37993,23,4,,1,30,,37994,23,4,,1,70,,37995,23,4,,1,30,,37996,23,4,,1,70,,37988,23,4,,1,525,,37997,23,4,,1
