401,'4-Saturday-10000010',636,,32964,15,,,1,70,,32965,15,,,1,30,,32966,15,,,1,70,,32967,15,,,1,30,,32968,15,,,1,70,,32969,15,,,1,32,,32970,15,,,1,70,,32971,15,,,1,30,,32972,15,,,1,70,,32973,15,,,1,30,,32974,15,,,1,70,,32975,15,,,1,30,,32976,15,,,1,70,,32977,15,,,1,30,,32978,15,,,1,70,,32979,15,,,1,30,,32980,15,,,1,70,,32981,15,,,1,30,,32982,15,,,1,70,,32983,15,,,1,30,,32984,15,,,1,70,,32985,15,,,1,30,,32986,15,,,1,70,,32987,15,,,1,27,,32988,15,,,1,70,,32989,15,,,1,30,,32990,15,,,1,70,,32991,15,,,1,30,,32992,15,,,1,70,,32993,15,,,1,100,,32994,15,,,1,100,,32995,15,,,1
401,'4-Sunday-10000001',903,,32996,15,,,1,101,,32997,15,,,1,33,,32998,15,,,1,70,,32999,15,,,1,30,,33000,15,,,1,70,,33001,15,,,1,30,,33002,15,,,1,70,,33003,15,,,1,30,,33004,15,,,1,70,,33005,15,,,1,30,,33006,15,,,1,70,,33007,15,,,1,30,,33008,15,,,1,70,,33009,15,,,1,30,,33010,15,,,1,70,,33011,15,,,1,30,,33012,15,,,1,70,,33013,15,,,1,29,,33021,15,,,1,70,,33014,15,,,1,30,,33019,15,,,1,70,,33015,15,,,1,30,,33020,15,,,1,70,,33016,15,,,1,100,,33017,15,,,1,100,,33018,15,,,1
401,'4-Weekday-11111100',607,,33054,15,,,1,29,,33037,15,,,1,71,,33038,15,,,1,35,,33039,15,,,1,70,,33040,15,,,1,30,,33041,15,,,1,70,,33042,15,,,1,29,,33043,15,,,1,68,,33044,15,,,1,30,,33045,15,,,1,70,,33046,15,,,1,30,,33048,15,,,1,70,,33047,15,,,1,30,,33049,15,,,1,70,,33050,15,,,1,30,,33051,15,,,1,70,,33052,15,,,1,31,,33053,15,,,1,84,,33029,15,,,1,30,,33030,15,,,1,70,,33031,15,,,1,30,,33032,15,,,1,70,,33033,15,,,1,30,,33034,15,,,1,66,,33035,15,,,1,28,,33036,15,,,1,60,,33023,15,,,1,30,,33024,15,,,1,70,,33025,15,,,1,30,,33055,15,,,1,70,,33026,15,,,1,30,,33056,15,,,1,69,,33027,15,,,1,26,,33057,15,,,1,70,,33028,15,,,1,30,,33058,15,,,1,70,,33022,15,,,1
701,'7-Holiday1-10000001',829,,33732,15,,,1,30,,33733,15,,,1,70,,33735,15,,,1,30,,33736,15,,,1,70,,33737,15,,,1,30,,33738,15,,,1,70,,33739,15,,,1,30,,33740,15,,,1,70,,33741,15,,,1,30,,33742,15,,,1,70,,33743,15,,,1,30,,33744,15,,,1,70,,33745,15,,,1,30,,33746,15,,,1,70,,33747,15,,,1,30,,33748,15,,,1,70,,33749,15,,,1,30,,33750,15,,,1,70,,33751,15,,,1,30,,33752,15,,,1,70,,33753,15,,,1,30,,33754,15,,,1,70,,33755,15,,,1,30,,33756,15,,,1,70,,33757,15,,,1,30,,33758,15,,,1,70,,33759,15,,,1,30,,33730,15,,,1,70,,33728,15,,,1,30,,33731,15,,,1,70,,33729,15,,,1,30,,33734,15,,,1
701,'7-Saturday-10000010',629,,33763,15,,,1,30,,33765,15,,,1,70,,33767,15,,,1,15,,33768,15,,,1,15,,33769,15,,,1,55,,33770,15,,,1,15,,33771,15,,,1,15,,33772,15,,,1,15,,33773,15,,,1,63,,33774,15,,,1,15,,33775,15,,,1,15,,33776,15,,,1,55,,33777,15,,,1,15,,33778,15,,,1,15,,33779,15,,,1,15,,33780,15,,,1,55,,33781,15,,,1,15,,33782,15,,,1,15,,33783,15,,,1,15,,33784,15,,,1,55,,33785,15,,,1,15,,33786,15,,,1,15,,33787,15,,,1,15,,33788,15,,,1,55,,33789,15,,,1,15,,33790,15,,,1,15,,33791,15,,,1,15,,33792,15,,,1,55,,33793,15,,,1,15,,33794,15,,,1,15,,33795,15,,,1,15,,33796,15,,,1,55,,33797,15,,,1,15,,33798,15,,,1,15,,33799,15,,,1,15,,33800,15,,,1,55,,33801,15,,,1,15,,33802,15,,,1,15,,33803,15,,,1,15,,33804,15,,,1,55,,33805,15,,,1,15,,33806,15,,,1,15,,33807,15,,,1,15,,33808,15,,,1,53,,33809,15,,,1,14,,33810,15,,,1,10,,33811,15,,,1,15,,33812,15,,,1,15,,33813,15,,,1,55,,33814,15,,,1,15,,33815,15,,,1,15,,33816,15,,,1,15,,33817,15,,,1,55,,33818,15,,,1,15,,33819,15,,,1,15,,33820,15,,,1,15,,33821,15,,,1,55,,33822,15,,,1,15,,33823,15,,,1,15,,33824,15,,,1,15,,33825,15,,,1,55,,33826,15,,,1,15,,33827,15,,,1,15,,33828,15,,,1,15,,33829,15,,,1,55,,33764,15,,,1,15,,33761,15,,,1,15,,33766,15,,,1,15,,33762,15,,,1,56,,33830,15,0,24 7,1
701,'7-Sunday-10000001',830,,33835,15,,,1,70,,33837,15,,,1,15,,33893,15,,,1,20,,33838,15,,,1,15,,33839,15,,,1,56,,33840,15,,,1,17,,33841,15,,,1,15,,33842,15,,,1,15,,33843,15,,,1,55,,33844,15,,,1,15,,33845,15,,,1,15,,33846,15,,,1,15,,33847,15,,,1,55,,33848,15,,,1,15,,33849,15,,,1,15,,33850,15,,,1,15,,33851,15,,,1,55,,33852,15,,,1,15,,33853,15,,,1,15,,33854,15,,,1,15,,33855,15,,,1,55,,33856,15,,,1,15,,33857,15,,,1,15,,33858,15,,,1,15,,33859,15,,,1,55,,33860,15,,,1,15,,33861,15,,,1,15,,33862,15,,,1,15,,33863,15,,,1,55,,33864,15,,,1,15,,33865,15,,,1,15,,33866,15,,,1,15,,33867,15,,,1,55,,33868,15,,,1,15,,33869,15,,,1,15,,33870,15,,,1,15,,33871,15,,,1,54,,33872,15,,,1,13,,33873,15,,,1,10,,33874,15,,,1,15,,33875,15,,,1,55,,33876,15,,,1,15,,33877,15,,,1,15,,33878,15,,,1,15,,33879,15,,,1,55,,33880,15,,,1,15,,33881,15,,,1,15,,33882,15,,,1,15,,33883,15,,,1,55,,33884,15,,,1,15,,33885,15,,,1,15,,33886,15,,,1,15,,33887,15,,,1,55,,33833,15,,,1,15,,33836,15,,,1,15,,33831,15,,,1,15,,33888,15,,,1,55,,33834,15,,,1,15,,33889,15,,,1,15,,33832,15,,,1,15,,33890,15,,,1,70,,33891,15,0,24 7,1
701,'7-Weekday-11111100',558,,33966,15,,,1,55,,33895,15,,,1,15,,33896,15,,,1,15,,33897,15,,,1,15,,33968,15,,,1,64,,33898,15,,,1,15,,33899,15,,,1,15,,33900,15,,,1,55,,33901,15,,,1,15,,33902,15,,,1,15,,33903,15,,,1,15,,33904,15,,,1,55,,33905,15,,,1,15,,33906,15,,,1,16,,33907,15,,,1,16,,33908,15,,,1,55,,33909,15,,,1,15,,33910,15,,,1,15,,33911,15,,,1,15,,33912,15,,,1,55,,33913,15,,,1,15,,33914,15,,,1,15,,33915,15,,,1,15,,33916,15,,,1,55,,33917,15,,,1,15,,33918,15,,,1,15,,33919,15,,,1,15,,33920,15,,,1,55,,33921,15,,,1,15,,33922,15,,,1,15,,33923,15,,,1,15,,33924,15,,,1,55,,33925,15,,,1,15,,33926,15,,,1,16,,33927,15,,,1,61,,33928,15,,,1,20,,33929,15,,,1,15,,33930,15,,,1,15,,33931,15,,,1,55,,33932,15,,,1,15,,33933,15,,,1,15,,33934,15,,,1,15,,33935,15,,,1,55,,33936,15,,,1,15,,33937,15,,,1,15,,33938,15,,,1,15,,33939,15,,,1,54,,33940,15,,,1,13,,33941,15,,,1,20,,33942,15,,,1,15,,33943,15,,,1,55,,33944,15,,,1,15,,33945,15,,,1,15,,33946,15,,,1,15,,33947,15,,,1,55,,33948,15,,,1,15,,33949,15,,,1,15,,33950,15,,,1,15,,33951,15,,,1,55,,33952,15,,,1,15,,33953,15,,,1,15,,33954,15,,,1,15,,33955,15,,,1,54,,33956,15,,,1,8,,33957,15,,,1,15,,33958,15,,,1,15,,33959,15,,,1,55,,33960,15,,,1,15,,33961,15,,,1,15,,33962,15,,,1,15,,33963,15,,,1,55,,33964,15,,,1,15,,33967,15,0,24 7,1
1601,'16-Holiday1-10000001',822,,35636,6,,,1,100,,35637,6,,,1,103,,35638,6,,,1,100,,35639,6,,,1,100,,35640,6,,,1,100,,35641,6,,,1,100,,35642,6,,,1,100,,35643,6,,,1,100,,35644,6,,,1,100,,35645,6,,,1,98,,35646,6,,,1,101,,35647,6,,,1,100,,35648,6,,,1,100,,35649,6,,,1,100,,35650,6,,,1,100,,35651,6,,,1
1601,'16-Saturday-10000010',654,,35653,6,,,1,70,,35654,6,,,1,30,,35655,6,,,1,70,,35656,6,,,1,30,,35657,6,,,1,73,,35658,6,,,1,73,,35659,6,,,1,30,,35660,6,,,1,70,,35661,6,,,1,30,,35662,6,,,1,70,,35663,6,,,1,30,,35664,6,,,1,70,,35665,6,,,1,30,,35666,6,,,1,70,,35667,6,,,1,30,,35668,6,,,1,70,,35669,6,,,1,30,,35670,6,,,1,70,,35671,6,,,1,30,,35672,6,,,1,70,,35673,6,,,1,30,,35674,6,,,1,70,,35675,6,,,1,28,,35676,6,,,1,28,,35677,6,,,1,70,,35678,6,,,1,30,,35679,6,,,1,70,,35680,6,,,1,30,,35681,6,,,1,70,,35682,6,,,1,30,,35683,6,,,1,70,,35684,6,,,1,30,,35685,6,,,1,70,,35687,6,,,1,30,,35686,6,0,5,1
1601,'16-Sunday-10000001',752,,35688,6,,,1,70,,35689,6,,,1,30,,35690,6,,,1,70,,35691,6,,,1,30,,35692,6,,,1,73,,35693,6,,,1,30,,35694,6,,,1,70,,35695,6,,,1,30,,35696,6,,,1,70,,35697,6,,,1,30,,35698,6,,,1,70,,35699,6,,,1,30,,35700,6,,,1,70,,35701,6,,,1,30,,35702,6,,,1,70,,35703,6,,,1,30,,35704,6,,,1,70,,35705,6,,,1,30,,35706,6,,,1,70,,35707,6,,,1,30,,35708,6,,,1,68,,35709,6,,,1,31,,35710,6,,,1,70,,35711,6,,,1,30,,35712,6,,,1,70,,35713,6,,,1,30,,35714,6,,,1,70,,35715,6,,,1,30,,35716,6,,,1,70,,35717,6,,,1,30,,35718,6,,,1,70,,35719,6,,,1,30,,35720,6,,,1
1601,'16-Weekday-11111100',548,,35721,6,,,1,72,,35722,6,,,1,12,,35758,6,,,1,17,,35723,6,,,1,59,,35762,6,,,1,15,,35724,6,,,1,17,,35759,6,,,1,16,,35725,6,,,1,55,,35760,6,,,1,15,,35726,6,,,1,15,,35761,6,,,1,15,,35727,6,,,1,55,,35771,6,,,1,15,,35728,6,,,1,16,,35777,6,,,1,16,,35729,6,,,1,55,,35778,6,,,1,14,,35730,6,,,1,16,,35779,6,,,1,15,,35731,6,,,1,55,,35780,6,,,1,15,,35732,6,,,1,15,,35781,6,,,1,15,,35733,6,,,1,55,,35782,6,,,1,15,,35734,6,,,1,15,,35783,6,,,1,15,,35735,6,,,1,55,,35784,6,,,1,15,,35736,6,,,1,15,,35785,6,,,1,15,,35737,6,,,1,55,,35786,6,,,1,15,,35738,6,,,1,15,,35768,6,,,1,15,,35739,6,,,1,57,,35763,6,,,1,15,,35740,6,,,1,16,,35764,6,,,1,55,,35741,6,,,1,15,,35765,6,,,1,15,,35742,6,,,1,15,,35766,6,,,1,55,,35743,6,,,1,15,,35767,6,,,1,15,,35744,6,,,1,15,,35757,6,,,1,55,,35745,6,,,1,14,,35769,6,,,1,13,,35746,6,,,1,13,,35772,6,,,1,15,,35747,6,,,1,54,,35748,6,,,1,15,,35773,6,,,1,15,,35749,6,,,1,15,,35776,6,,,1,55,,35750,6,,,1,15,,35774,6,,,1,15,,35751,6,,,1,15,,35775,6,,,1,55,,35752,6,,,1,15,,35787,6,,,1,15,,35753,6,,,1,73,,35754,6,,,1,27,,35755,6,,,1,13,,35756,6,,,1,70,,35770,6,0,5,1
9101,'91-Saturday-10000010',2451,,40702,13,0,21 22 23,1,70,,40703,13,0,21 22 23,1,30,,40704,13,0,21 22 23,1
9101,'91-Weekday-10001100',2451,,40705,13,0,21 22 23,1,70,,40706,13,0,21 22 23,1,30,,40707,13,0,21 22 23,1
