700,'7-Holiday1-10000001',818,,33487,20,,,1,30,,33488,20,,,1,70,,33489,20,,,1,30,,33490,20,,,1,70,,33491,20,,,1,30,,33492,20,,,1,70,,33493,20,,,1,30,,33494,20,,,1,70,,33495,20,,,1,30,,33496,20,,,1,70,,33497,20,,,1,30,,33498,20,,,1,70,,33499,20,,,1,30,,33500,20,,,1,70,,33501,20,,,1,30,,33502,20,,,1,70,,33503,20,,,1,30,,33504,20,,,1,70,,33505,20,,,1,30,,33506,20,,,1,70,,33507,20,,,1,30,,33508,20,,,1,70,,33509,20,,,1,30,,33510,20,,,1,70,,33511,20,,,1,30,,33512,20,,,1,70,,33513,20,,,1,30,,33514,20,,,1,70,,33516,20,,,1,30,,33518,20,,,1,70,,33519,20,,,1,30,,33517,20,,,1,70,,33515,20,,,1
700,'7-Saturday-10000010',548,,33520,8,,,1,70,,33522,20,,,1,30,,33521,20,,,1,70,,33523,20,,,1,15,,33524,20,,,1,15,,33525,20,,,1,55,,33526,20,,,1,15,,33527,20,,,1,15,,33528,20,,,1,15,,33529,20,,,1,56,,33530,20,,,1,18,,33531,20,,,1,15,,33532,20,,,1,15,,33533,20,,,1,55,,33534,20,,,1,15,,33535,20,,,1,15,,33536,20,,,1,15,,33537,20,,,1,55,,33538,20,,,1,15,,33539,20,,,1,15,,33540,20,,,1,15,,33541,20,,,1,55,,33542,20,,,1,15,,33543,20,,,1,15,,33544,20,,,1,15,,33545,20,,,1,55,,33546,20,,,1,15,,33547,20,,,1,15,,33548,20,,,1,15,,33549,20,,,1,55,,33550,20,,,1,15,,33551,20,,,1,15,,33552,20,,,1,15,,33553,20,,,1,55,,33554,20,,,1,15,,33555,20,,,1,15,,33556,20,,,1,15,,33557,20,,,1,55,,33558,20,,,1,15,,33559,20,,,1,15,,33560,20,,,1,15,,33561,20,,,1,55,,33562,20,,,1,15,,33563,20,,,1,15,,33564,20,,,1,15,,33565,20,,,1,53,,33566,20,,,1,13,,33567,20,,,1,15,,33568,20,,,1,15,,33569,20,,,1,55,,33570,20,,,1,15,,33571,20,,,1,15,,33572,20,,,1,15,,33573,20,,,1,55,,33574,20,,,1,15,,33575,20,,,1,15,,33576,20,,,1,15,,33577,20,,,1,55,,33578,20,,,1,15,,33579,20,,,1,15,,33580,20,,,1,15,,33581,20,,,1,55,,33582,20,,,1,15,,33583,20,,,1,15,,33584,20,,,1,15,,33585,20,,,1,55,,33586,20,,,1,15,,33587,20,,,1,15,,33588,20,,,1,15,,33589,20,,,1,70,,33590,20,,,1
700,'7-Sunday-10000001',820,,33591,20,,,1,30,,33592,20,,,1,70,,33593,20,,,1,15,,33594,20,,,1,15,,33595,20,,,1,56,,33596,20,,,1,15,,33597,20,,,1,15,,33598,20,,,1,15,,33599,20,,,1,55,,33600,20,,,1,15,,33601,20,,,1,15,,33602,20,,,1,15,,33603,20,,,1,55,,33604,20,,,1,15,,33605,20,,,1,15,,33606,20,,,1,15,,33607,20,,,1,55,,33608,20,,,1,15,,33609,20,,,1,15,,33610,20,,,1,15,,33611,20,,,1,55,,33612,20,,,1,15,,33613,20,,,1,15,,33614,20,,,1,15,,33615,20,,,1,55,,33616,20,,,1,15,,33617,20,,,1,15,,33618,20,,,1,15,,33619,20,,,1,55,,33620,20,,,1,15,,33621,20,,,1,15,,33622,20,,,1,15,,33623,20,,,1,55,,33624,20,,,1,15,,33625,20,,,1,15,,33626,20,,,1,15,,33627,20,,,1,54,,33628,20,,,1,13,,33629,20,,,1,15,,33630,20,,,1,15,,33631,20,,,1,55,,33632,20,,,1,15,,33633,20,,,1,15,,33634,20,,,1,15,,33635,20,,,1,55,,33636,20,,,1,15,,33637,20,,,1,15,,33638,20,,,1,15,,33639,20,,,1,55,,33640,20,,,1,15,,33641,20,,,1,15,,33642,20,,,1,15,,33643,20,,,1,55,,33649,20,,,1,15,,33645,20,,,1,15,,33650,20,,,1,15,,33647,20,,,1,55,,33651,20,,,1,15,,33648,20,,,1,15,,33652,20,,,1,15,,33646,20,,,1,70,,33644,20,,,1
700,'7-Weekday-11111100',533,,33726,8,,,1,15,,33727,20,,,1,55,,33653,20,,,1,15,,33654,20,,,1,15,,33655,20,,,1,15,,33656,20,,,1,57,,33657,20,,,1,16,,33658,20,,,1,15,,33659,20,,,1,15,,33660,20,,,1,55,,33661,20,,,1,15,,33662,20,,,1,15,,33663,20,,,1,15,,33664,20,,,1,55,,33665,20,,,1,15,,33666,20,,,1,15,,33667,20,,,1,16,,33668,20,,,1,55,,33669,20,,,1,15,,33670,20,,,1,15,,33671,20,,,1,15,,33672,20,,,1,55,,33673,20,,,1,15,,33674,20,,,1,15,,33675,20,,,1,15,,33676,20,,,1,55,,33677,20,,,1,15,,33678,20,,,1,15,,33679,20,,,1,15,,33680,20,,,1,55,,33681,20,,,1,15,,33682,20,,,1,15,,33683,20,,,1,15,,33684,20,,,1,55,,33685,20,,,1,15,,33686,20,,,1,16,,33687,20,,,1,15,,33688,20,,,1,55,,33689,20,,,1,15,,33690,20,,,1,15,,33691,20,,,1,15,,33692,20,,,1,55,,33693,20,,,1,15,,33694,20,,,1,15,,33695,20,,,1,15,,33696,20,,,1,55,,33697,20,,,1,15,,33698,20,,,1,15,,33699,20,,,1,15,,33700,20,,,1,54,,33701,20,,,1,14,,33702,20,,,1,15,,33703,20,,,1,15,,33704,20,,,1,55,,33705,20,,,1,15,,33706,20,,,1,15,,33707,20,,,1,15,,33708,20,,,1,55,,33709,20,,,1,15,,33710,20,,,1,15,,33711,20,,,1,15,,33712,20,,,1,55,,33713,20,,,1,15,,33714,20,,,1,15,,33715,20,,,1,15,,33716,20,,,1,53,,33717,20,,,1,13,,33718,20,,,1,15,,33719,20,,,1,15,,33720,20,,,1,55,,33721,20,,,1,15,,33722,20,,,1,15,,33723,20,,,1,15,,33724,20,,,1,70,,33725,20,,,1
800,'8-Holiday1-10000001',749,,34002,20,,,1,70,,33969,20,,,1,30,,33970,20,,,1,70,,33971,20,,,1,30,,33972,20,,,1,71,,33973,20,,,1,30,,33974,20,,,1,70,,33975,20,,,1,30,,33976,20,,,1,70,,33977,20,,,1,30,,33978,20,,,1,70,,33979,20,,,1,30,,33980,20,,,1,70,,33981,20,,,1,30,,33982,20,,,1,70,,33983,20,,,1,30,,33984,20,,,1,70,,33985,20,,,1,30,,33986,20,,,1,70,,33987,20,,,1,30,,33988,20,,,1,69,,33989,20,,,1,30,,33990,20,,,1,70,,33991,20,,,1,30,,33992,20,,,1,70,,33993,20,,,1,30,,33994,20,,,1,70,,33995,20,,,1,30,,33996,20,,,1,70,,33997,20,,,1,30,,33998,20,,,1,70,,33999,20,,,1,30,,34000,20,,,1,70,,34001,20,,,1
800,'8-Saturday-10000010',649,,34003,20,,,1,70,,34004,20,,,1,30,,34005,20,,,1,70,,34006,20,,,1,30,,34007,20,,,1,72,,34008,20,,,1,30,,34009,20,,,1,70,,34010,20,,,1,30,,34011,20,,,1,70,,34012,20,,,1,30,,34013,20,,,1,70,,34014,20,,,1,30,,34015,20,,,1,70,,34016,20,,,1,30,,34017,20,,,1,70,,34018,20,,,1,30,,34019,20,,,1,70,,34020,20,,,1,30,,34021,20,,,1,70,,34022,20,,,1,30,,34023,20,,,1,70,,34024,20,,,1,30,,34025,20,,,1,68,,34026,20,,,1,30,,34027,20,,,1,70,,34028,20,,,1,30,,34029,20,,,1,70,,34030,20,,,1,30,,34031,20,,,1,70,,34032,20,,,1,30,,34033,20,,,1,70,,34034,20,,,1,30,,34035,20,,,1,70,,34036,20,,,1,30,,34037,20,,,1,70,,34038,20,,,1
800,'8-Sunday-10000001',719,,34073,20,,,1,30,,34072,20,,,1,70,,34039,20,,,1,30,,34040,20,,,1,70,,34041,20,,,1,30,,34042,20,,,1,71,,34043,20,,,1,30,,34044,20,,,1,70,,34045,20,,,1,30,,34046,20,,,1,70,,34047,20,,,1,30,,34048,20,,,1,70,,34049,20,,,1,30,,34050,20,,,1,70,,34051,20,,,1,30,,34052,20,,,1,70,,34053,20,,,1,30,,34054,20,,,1,70,,34055,20,,,1,30,,34056,20,,,1,70,,34057,20,,,1,30,,34058,20,,,1,69,,34059,20,,,1,30,,34060,20,,,1,70,,34061,20,,,1,30,,34062,20,,,1,70,,34063,20,,,1,30,,34064,20,,,1,70,,34065,20,,,1,30,,34066,20,,,1,70,,34067,20,,,1,30,,34068,20,,,1,70,,34069,20,,,1,30,,34070,20,,,1,70,,34071,20,,,1
800,'8-Weekday-11111100',550,,34124,7,,,1,70,,34074,20,,,1,30,,34075,20,,,1,62,,34123,20,,,1,10,,34144,7,,,1,5,,34076,20,,,1,15,,34077,20,,,1,15,,34078,20,,,1,55,,34079,20,,,1,15,,34080,20,,,1,15,,34081,20,,,1,15,,34082,20,,,1,55,,34083,20,,,1,15,,34084,20,,,1,14,,34085,20,,,1,15,,34086,20,,,1,55,,34134,20,,,1,15,,34087,20,,,1,15,,34126,20,,,1,15,,34088,20,,,1,55,,34127,20,,,1,15,,34089,20,,,1,15,,34128,20,,,1,15,,34090,20,,,1,55,,34129,20,,,1,15,,34091,20,,,1,15,,34130,20,,,1,15,,34092,20,,,1,55,,34131,20,,,1,15,,34093,20,,,1,15,,34132,20,,,1,15,,34094,20,,,1,55,,34133,20,,,1,15,,34095,20,,,1,12,,34143,20,0,17 7,1,4,,34125,20,,,1,16,,34096,20,,,1,55,,34097,20,,,1,15,,34098,20,,,1,15,,34099,20,,,1,15,,34100,20,,,1,55,,34101,20,,,1,15,,34102,20,,,1,15,,34103,20,,,1,15,,34104,20,,,1,55,,34105,20,,,1,15,,34106,20,,,1,15,,34107,20,,,1,15,,34108,20,,,1,54,,34109,20,,,1,19,,34110,20,,,1,20,,34111,20,,,1,55,,34137,20,,,1,15,,34112,20,,,1,15,,34138,20,,,1,15,,34113,20,,,1,55,,34139,20,,,1,15,,34114,20,,,1,15,,34140,20,,,1,15,,34115,20,,,1,55,,34136,20,,,1,15,,34116,20,,,1,15,,34141,20,,,1,15,,34117,20,,,1,54,,34142,20,,,1,14,,34118,20,,,1,30,,34119,20,,,1,70,,34120,20,,,1,30,,34121,20,,,1,70,,34122,20,,,1,30,,34135,20,,,1
2001,'20-Holiday1-10000001',805,,36179,21,,,1,30,,36180,21,,,1,70,,36181,21,,,1,30,,36182,21,,,1,70,,36183,21,,,1,31,,36184,21,,,1,70,,36185,21,,,1,30,,36186,21,,,1,70,,36187,21,,,1,30,,36188,21,,,1,70,,36189,21,,,1,30,,36190,21,,,1,70,,36191,21,,,1,30,,36192,21,,,1,70,,36193,21,,,1,30,,36194,21,,,1,70,,36195,21,,,1,30,,36196,21,,,1,70,,36197,21,,,1,30,,36198,21,,,1,70,,36199,21,,,1,29,,36200,21,,,1,70,,36201,21,,,1,30,,36202,21,,,1,70,,36203,21,,,1,30,,36204,21,,,1,70,,36205,21,,,1,30,,36206,21,,,1,70,,36207,21,,,1,30,,36208,21,,,1,70,,36209,21,,,1,30,,36210,21,,,1
2001,'20-Saturday-10000010',640,,36211,21,,,1,70,,36212,21,,,1,30,,36213,21,,,1,70,,36214,21,,,1,30,,36215,21,,,1,72,,36216,21,,,1,30,,36217,21,,,1,70,,36218,21,,,1,30,,36219,21,,,1,70,,36220,21,,,1,30,,36221,21,,,1,70,,36222,21,,,1,30,,36223,21,,,1,70,,36224,21,,,1,30,,36225,21,,,1,70,,36226,21,,,1,30,,36227,21,,,1,70,,36228,21,,,1,30,,36229,21,,,1,70,,36230,21,,,1,30,,36231,21,,,1,70,,36232,21,,,1,30,,36233,21,,,1,68,,36234,21,,,1,30,,36235,21,,,1,70,,36236,21,,,1,30,,36237,21,,,1,70,,36238,21,,,1,30,,36239,21,,,1,70,,36240,21,,,1,30,,36241,21,,,1,70,,36242,21,,,1,30,,36243,21,,,1,70,,36244,21,,,1,30,,36245,21,,,1,70,,36246,21,,,1
2001,'20-Sunday-20000001',800,,36247,21,,,1,30,,36248,21,,,1,80,,36249,21,,,1,30,,36250,21,,,1,70,,36251,21,,,1,30,,36252,21,,,1,70,,36253,21,,,1,30,,36254,21,,,1,70,,36255,21,,,1,30,,36256,21,,,1,70,,36257,21,,,1,30,,36258,21,,,1,70,,36259,21,,,1,30,,36260,21,,,1,70,,36261,21,,,1,30,,36262,21,,,1,70,,36263,21,,,1,30,,36264,21,,,1,70,,36265,21,,,1,30,,36266,21,,,1,70,,36267,21,,,1,30,,36268,21,,,1,70,,36269,21,,,1,20,,36270,21,,,1,70,,36271,21,,,1,30,,36272,21,,,1,70,,36273,21,,,1,30,,36274,21,,,1,70,,36275,21,,,1,30,,36276,21,,,1,70,,36277,21,,,1,30,,36278,21,,,1
2001,'20-Weekday-11111100',607,,36279,21,,,1,30,,36280,21,,,1,71,,36281,21,,,1,14,,36282,21,,,1,30,,36283,21,,,1,70,,36284,21,,,1,30,,36285,21,,,1,70,,36286,21,,,1,31,,36287,21,,,1,70,,36288,21,,,1,30,,36314,21,,,1,70,,36289,21,,,1,30,,36290,21,,,1,70,,36291,21,,,1,30,,36292,21,,,1,70,,36293,21,,,1,30,,36294,21,,,1,70,,36295,21,,,1,31,,36296,21,,,1,60,,36297,21,,,1,30,,36298,21,,,1,70,,36299,21,,,1,30,,36300,21,,,1,70,,36301,21,,,1,30,,36302,21,,,1,69,,36303,21,,,1,39,,36316,21,,,1,70,,36304,21,,,1,30,,36315,21,,,1,70,,36305,21,,,1,30,,36306,21,,,1,70,,36307,21,,,1,30,,36308,21,,,1,68,,36309,21,,,1,20,,36310,21,,,1,70,,36311,21,,,1,30,,36312,21,,,1,70,,36313,21,,,1
20400,'204-Holiday1-10000001',737,,41627,16,,,1,70,,41628,16,,,1,30,,41629,16,,,1,70,,41630,16,,,1,30,,41631,16,,,1,70,,41632,16,,,1,30,,41633,16,,,1,70,,41634,16,,,1,30,,41635,16,,,1,70,,41626,16,,,1,30,,41636,16,,,1,70,,41637,16,,,1,30,,41638,16,,,1,70,,41639,16,,,1,30,,41640,16,,,1,70,,41641,16,,,1,30,,41642,16,,,1,70,,41643,16,,,1,30,,41644,16,,,1,70,,41645,16,,,1,30,,41646,16,,,1,70,,41647,16,,,1,30,,41648,16,,,1,70,,41649,16,,,1,30,,41650,16,,,1,70,,41651,16,,,1,30,,41652,16,,,1,70,,41653,16,,,1,30,,41654,16,,,1,70,,41655,16,,,1,30,,41656,16,,,1,70,,41657,16,,,1,30,,41658,16,,,1,70,,41659,16,,,1
20400,'204-Saturday-10000010',636,,41660,16,,,1,70,,41661,16,,,1,30,,41662,16,,,1,70,,41663,16,,,1,30,,41664,16,,,1,71,,41665,16,,,1,31,,41666,16,,,1,70,,41667,16,,,1,30,,41668,16,,,1,70,,41669,16,,,1,30,,41670,16,,,1,70,,41671,16,,,1,30,,41672,16,,,1,70,,41673,16,,,1,30,,41674,16,,,1,70,,41675,16,,,1,30,,41676,16,,,1,70,,41677,16,,,1,30,,41678,16,,,1,70,,41679,16,,,1,30,,41680,16,,,1,70,,41681,16,,,1,30,,41682,16,,,1,70,,41683,16,,,1,29,,41684,16,,,1,70,,41685,16,,,1,30,,41686,16,,,1,70,,41687,16,,,1,30,,41688,16,,,1,70,,41689,16,,,1,30,,41690,16,,,1,70,,41691,16,,,1,30,,41692,16,,,1,70,,41693,16,,,1,30,,41694,16,,,1,70,,41695,16,,,1
20400,'204-Sunday-10000001',737,,41697,16,,,1,70,,41698,16,,,1,30,,41699,16,,,1,70,,41700,16,,,1,30,,41701,16,,,1,70,,41702,16,,,1,31,,41703,16,,,1,70,,41704,16,,,1,30,,41705,16,,,1,70,,41696,16,,,1,30,,41706,16,,,1,70,,41707,16,,,1,30,,41708,16,,,1,70,,41709,16,,,1,30,,41710,16,,,1,70,,41711,16,,,1,30,,41712,16,,,1,70,,41713,16,,,1,30,,41714,16,,,1,70,,41715,16,,,1,30,,41716,16,,,1,69,,41717,16,,,1,29,,41718,16,,,1,70,,41719,16,,,1,30,,41720,16,,,1,70,,41721,16,,,1,30,,41722,16,,,1,70,,41723,16,,,1,30,,41724,16,,,1,70,,41725,16,,,1,30,,41726,16,,,1,70,,41727,16,,,1,30,,41728,16,,,1,70,,41729,16,,,1
20400,'204-Weekday-11111100',607,,41788,16,,,1,30,,41730,16,,,1,71,,41731,16,,,1,18,,41732,16,,,1,15,,41733,16,,,1,15,,41734,16,,,1,55,,41735,16,,,1,15,,41736,16,,,1,15,,41737,16,,,1,15,,41738,16,,,1,55,,41739,16,,,1,15,,41740,16,,,1,14,,41741,16,,,1,14,,41742,16,,,1,55,,41743,16,,,1,15,,41744,16,,,1,15,,41745,16,,,1,15,,41746,16,,,1,55,,41747,16,,,1,15,,41748,16,,,1,15,,41749,16,,,1,15,,41750,16,,,1,55,,41751,16,,,1,15,,41752,16,,,1,15,,41753,16,,,1,15,,41754,16,,,1,55,,41755,16,,,1,15,,41756,16,,,1,15,,41757,16,,,1,15,,41758,16,,,1,55,,41759,16,,,1,15,,41760,16,,,1,16,,41761,16,,,1,16,,41762,16,,,1,55,,41763,16,,,1,15,,41764,16,,,1,15,,41765,16,,,1,15,,41766,16,,,1,55,,41767,16,,,1,15,,41768,16,,,1,15,,41769,16,,,1,15,,41770,16,,,1,55,,41771,16,,,1,15,,41772,16,,,1,15,,41773,16,,,1,15,,41774,16,,,1,54,,41775,16,,,1,14,,41789,16,,,1,15,,41776,16,,,1,70,,41777,16,,,1,30,,41778,16,,,1,70,,41779,16,,,1,30,,41780,16,,,1,70,,41781,16,,,1,30,,41782,16,,,1,70,,41783,16,,,1,28,,41784,16,,,1,70,,41785,16,,,1,30,,41786,16,,,1,70,,41787,16,,,1
