1300,'13-Holiday1-10000001',800,,35198,1,,,1,100,,35199,1,,,1,100,,35200,1,,,1,100,,35201,1,,,1,100,,35202,1,,,1,100,,35203,1,,,1,100,,35204,1,,,1,100,,35205,1,,,1,100,,35206,1,,,1,100,,35207,1,,,1,100,,35208,1,,,1,100,,35209,1,,,1,100,,35210,1,,,1,100,,35211,1,,,1,100,,35212,1,,,1,100,,35213,1,,,1
1300,'13-Saturday-10000010',700,,35215,1,,,1,30,,35216,1,,,1,70,,35217,1,,,1,30,,35218,1,,,1,70,,35219,1,,,1,30,,35220,1,,,1,70,,35221,1,,,1,30,,35222,1,,,1,70,,35223,1,,,1,30,,35224,1,,,1,70,,35225,1,,,1,30,,35226,1,,,1,70,,35227,1,,,1,30,,35228,1,,,1,70,,35214,1,,,1,30,,35229,1,,,1,70,,35230,1,,,1,30,,35231,1,,,1,70,,35232,1,,,1,30,,35233,1,,,1,70,,35234,1,,,1,30,,35235,1,,,1,70,,35236,1,,,1,30,,35237,1,,,1,70,,35238,1,,,1,30,,35239,1,,,1,70,,35240,1,,,1,30,,35241,1,,,1,70,,35242,1,,,1,30,,35243,1,,,1,70,,35244,1,,,1,30,,35245,1,,,1,70,,35246,1,,,1,30,,35247,1,,,1,70,,35248,1,,,1
1300,'13-Sunday-10000001',800,,35250,1,,,1,30,,35249,1,,,1,70,,35251,1,,,1,30,,35252,1,,,1,70,,35253,1,,,1,30,,35254,1,,,1,70,,35255,1,,,1,30,,35256,1,,,1,70,,35257,1,,,1,30,,35258,1,,,1,70,,35259,1,,,1,30,,35260,1,,,1,70,,35261,1,,,1,30,,35262,1,,,1,70,,35263,1,,,1,30,,35264,1,,,1,70,,35265,1,,,1,30,,35266,1,,,1,70,,35267,1,,,1,30,,35268,1,,,1,70,,35269,1,,,1,30,,35270,1,,,1,70,,35271,1,,,1,30,,35272,1,,,1,70,,35273,1,,,1,30,,35274,1,,,1,70,,35275,1,,,1,30,,35276,1,,,1,70,,35277,1,,,1,30,,35278,1,,,1,70,,35279,1,,,1
1300,'13-Weekday-21111100',530,,35305,1,,,1,70,,35280,1,,,1,30,,35281,1,,,1,70,,35282,1,,,1,30,,35283,1,,,1,15,,35318,1,,,1,55,,35284,1,,,1,30,,35285,1,,,1,70,,35286,1,,,1,30,,35287,1,,,1,70,,35288,1,,,1,30,,35289,1,,,1,70,,35290,1,,,1,30,,35291,1,,,1,70,,35292,1,,,1,30,,35293,1,,,1,70,,35294,1,,,1,30,,35295,1,,,1,70,,35296,1,,,1,30,,35297,1,,,1,70,,35298,1,,,1,30,,35299,1,,,1,70,,35300,1,,,1,30,,35301,1,,,1,70,,35302,1,,,1,30,,35303,1,,,1,70,,35304,1,,,1,30,,35310,1,,,1,70,,35311,1,,,1,30,,35312,1,,,1,70,,35313,1,,,1,30,,35314,1,,,1,70,,35315,1,,,1,30,,35316,1,,,1,70,,35317,1,,,1,30,,35306,1,,,1,70,,35308,1,,,1,30,,35307,1,,,1,70,,35309,1,,,1
1301,'13-Holiday1-10000001',847,,35320,30,4,,1,100,,35321,30,4,,1,102,,35322,30,4,,1,100,,35323,30,4,,1,100,,35324,30,4,,1,100,,35325,30,4,,1,100,,35326,30,4,,1,100,,35327,30,4,,1,100,,35328,30,4,,1,100,,35329,30,4,,1,98,,35330,30,4,,1,100,,35331,30,4,,1,100,,35332,30,4,,1,100,,35333,30,4,,1,100,,35334,30,4,,1,100,,35335,30,4,,1
1301,'13-Saturday-10000010',719,,35337,30,4,,1,30,,35338,30,4,,1,70,,35339,30,4,,1,30,,35340,30,4,,1,70,,35341,30,4,,1,31,,35342,30,4,,1,70,,35343,30,4,,1,30,,35344,30,4,,1,70,,35345,30,4,,1,30,,35346,30,4,,1,70,,35336,30,4,,1,30,,35347,30,4,,1,70,,35348,30,4,,1,30,,35349,30,4,,1,70,,35350,30,4,,1,30,,35351,30,4,,1,70,,35352,30,4,,1,30,,35353,30,4,,1,70,,35354,30,4,,1,30,,35355,30,4,,1,70,,35356,30,4,,1,30,,35357,30,4,,1,70,,35358,30,4,,1,29,,35359,30,4,,1,70,,35360,30,4,,1,30,,35361,30,4,,1,70,,35369,30,4,,1,30,,35362,30,4,,1,70,,35363,30,4,,1,30,,35364,30,4,,1,70,,35365,30,4,,1,30,,35366,30,4,,1,70,,35367,30,4,,1,30,,35368,30,4,,1,70,,35370,30,4,,1
1301,'13-Sunday-10000001',817,,35403,30,4,,1,30,,35371,30,4,,1,70,,35372,30,4,,1,30,,35373,30,4,,1,72,,35374,30,4,,1,30,,35375,30,4,,1,70,,35376,30,4,,1,30,,35377,30,4,,1,70,,35378,30,4,,1,30,,35379,30,4,,1,70,,35380,30,4,,1,30,,35381,30,4,,1,70,,35382,30,4,,1,30,,35383,30,4,,1,70,,35384,30,4,,1,30,,35385,30,4,,1,70,,35386,30,4,,1,30,,35387,30,4,,1,70,,35388,30,4,,1,30,,35389,30,4,,1,68,,35390,30,4,,1,30,,35391,30,4,,1,70,,35392,30,4,,1,30,,35393,30,4,,1,70,,35394,30,4,,1,30,,35395,30,4,,1,70,,35396,30,4,,1,30,,35397,30,4,,1,70,,35398,30,4,,1,30,,35399,30,4,,1,70,,35400,30,4,,1,30,,35401,30,4,,1,70,,35402,30,4,,1
1301,'13-Weekday-21111100',616,,35434,30,4,,1,28,,35437,30,4,,1,14,,35440,30,4,,1,75,,35429,30,4,,1,75,,35428,30,4,,1,36,,35404,30,4,,1,72,,35405,30,4,,1,28,,35406,30,4,,1,73,,35407,30,4,,1,28,,35408,30,4,,1,68,,35409,30,4,,1,32,,35410,30,4,,1,68,,35411,30,4,,1,32,,35412,30,4,,1,68,,35413,30,4,,1,32,,35414,30,4,,1,68,,35415,30,4,,1,35,,35416,30,4,,1,10,,35441,17,4,,1,44,,35442,30,4,,1,16,,35417,30,4,,1,32,,35418,30,4,,1,70,,35430,30,4,,1,33,,35419,30,4,,1,67,,35420,30,4,,1,33,,35427,30,4,,1,63,,35421,30,4,,1,29,,35422,30,4,,1,80,,35423,30,4,,1,30,,35424,30,4,,1,70,,35436,30,4,,1,30,,35435,30,4,,1,70,,35425,30,4,,1,30,,35426,30,4,,1,69,,35431,30,4,,1,27,,35439,30,4,,1,70,,35432,30,4,,1,30,,35433,30,4,,1,70,,35438,30,4,,1
7700,'77-Weekday-11111100',655,,40618,19,4,,1,80,,40619,19,4,,1,80,,40620,19,4,,1,40,,40621,19,4,,1,80,,40622,19,4,,1,80,,40623,19,4,,1,40,,40624,19,4,,1,80,,40625,19,4,,1,80,,40626,19,4,,1,200,,40627,19,4,,1,40,,40628,19,4,,1,80,,40629,19,4,,1,80,,40630,19,4,,1,40,,40631,19,4,,1,80,,40632,19,4,,1,80,,40633,19,4,,1,40,,40634,19,4,,1
7701,'77-Weekday-11111100',700,,40636,1,,,1,40,,40637,1,,,1,80,,40638,1,,,1,80,,40635,1,,,1,40,,40639,1,,,1,80,,40640,1,,,1,80,,40641,1,,,1,40,,40642,1,,,1,80,,40643,1,,,1,200,,40644,1,,,1,80,,40645,1,,,1,40,,40646,1,,,1,80,,40647,1,,,1,80,,40648,1,,,1,40,,40649,1,,,1,80,,40650,1,,,1,80,,40651,1,,,1
