601,'6-Holiday1-10000001',814,,33376,14,,,1,99,,33360,41,,,1,100,,33361,41,,,1,101,,33362,41,,,1,100,,33363,41,,,1,100,,33364,41,,,1,100,,33365,41,,,1,100,,33366,41,,,1,100,,33367,41,,,1,100,,33368,41,,,1,100,,33369,41,,,1,99,,33370,41,,,1,100,,33371,41,,,1,100,,33372,41,,,1,100,,33373,41,,,1,100,,33374,41,,,1,100,,33375,41,,,1
601,'6-Saturday-10000010',623,,33413,36,,,1,30,,33377,41,,,1,70,,33378,41,,,1,30,,33379,41,,,1,70,,33380,41,,,1,30,,33381,41,,,1,72,,33382,41,,,1,31,,33383,41,,,1,70,,33384,41,,,1,30,,33385,41,,,1,70,,33386,41,,,1,30,,33387,41,,,1,70,,33388,41,,,1,30,,33389,41,,,1,70,,33390,41,,,1,30,,33391,41,,,1,70,,33392,41,,,1,30,,33393,41,,,1,70,,33394,41,,,1,30,,33395,41,,,1,70,,33396,41,,,1,30,,33397,41,,,1,70,,33398,41,,,1,30,,33399,41,,,1,68,,33400,41,,,1,29,,33401,41,,,1,70,,33402,41,,,1,30,,33403,41,,,1,70,,33404,41,,,1,30,,33405,41,,,1,70,,33406,41,,,1,30,,33407,41,,,1,70,,33408,41,,,1,30,,33409,41,,,1,70,,33410,41,,,1,30,,33411,41,,,1,70,,33412,41,,,1
601,'6-Sunday-10000001',814,,33446,14,,,1,29,,33414,41,,,1,70,,33415,41,,,1,30,,33416,41,,,1,70,,33417,41,,,1,31,,33418,41,,,1,70,,33419,41,,,1,30,,33420,41,,,1,70,,33421,41,,,1,30,,33422,41,,,1,70,,33423,41,,,1,30,,33424,41,,,1,70,,33425,41,,,1,30,,33426,41,,,1,70,,33427,41,,,1,30,,33428,41,,,1,70,,33429,41,,,1,30,,33430,41,,,1,70,,33431,41,,,1,30,,33432,41,,,1,70,,33433,41,,,1,29,,33434,41,,,1,70,,33435,41,,,1,30,,33436,41,,,1,70,,33437,41,,,1,30,,33438,41,,,1,70,,33439,41,,,1,30,,33440,41,,,1,70,,33441,41,,,1,30,,33442,41,,,1,70,,33443,41,,,1,30,,33444,41,,,1,70,,33445,41,,,1
601,'6-Weekday-11111100',527,,33485,36,,,1,30,,33483,36,,,1,70,,33447,41,,,1,30,,33448,41,,,1,74,,33449,41,,,1,71,,33450,41,,,1,30,,33451,41,,,1,70,,33452,41,,,1,30,,33453,41,,,1,69,,33454,41,,,1,30,,33455,41,,,1,70,,33456,41,,,1,30,,33457,41,,,1,70,,33458,41,,,1,30,,33459,41,,,1,70,,33460,41,,,1,30,,33461,41,,,1,70,,33462,41,,,1,30,,33463,41,,,1,74,,33464,41,,,1,27,,33486,41,,,1,20,,33465,41,,,1,70,,33466,41,,,1,30,,33467,41,,,1,70,,33468,41,,,1,30,,33469,41,,,1,67,,33470,41,,,1,25,,33471,41,,,1,15,,33472,41,,,1,70,,33473,41,,,1,30,,33474,41,,,1,70,,33475,41,,,1,30,,33476,41,,,1,70,,33477,41,,,1,30,,33478,41,,,1,70,,33479,41,,,1,29,,33480,41,,,1,70,,33481,41,,,1,25,,33482,41,,,1,70,,33484,41,,,1
2200,'22-Saturday-10000010',655,,36481,31,4,,1,70,,36482,31,4,,1,30,,36483,31,4,,1,70,,36484,31,4,,1,30,,36485,31,4,,1,71,,36486,31,4,,1,30,,36487,31,4,,1,70,,36488,31,4,,1,30,,36489,31,4,,1,70,,36490,31,4,,1,30,,36491,31,4,,1,70,,36492,31,4,,1,30,,36493,31,4,,1,70,,36494,31,4,,1,30,,36495,31,4,,1,70,,36496,31,4,,1,30,,36497,31,4,,1,70,,36498,31,4,,1,30,,36499,31,4,,1,70,,36500,31,4,,1,30,,36501,31,4,,1,70,,36502,31,4,,1,30,,36503,31,4,,1,69,,36504,31,4,,1,30,,36505,31,4,,1,70,,36506,31,4,,1,30,,36507,31,4,,1,70,,36508,31,4,,1,30,,36509,31,4,,1,70,,36510,31,4,,1,30,,36511,31,4,,1,100,,36512,31,4,,1,100,,36513,31,4,,1
2200,'22-Sunday-10000001',855,,36524,31,4,,1,100,,36514,31,4,,1,100,,36515,31,4,,1,100,,36516,31,4,,1,100,,36517,31,4,,1,100,,36518,31,4,,1,100,,36519,31,4,,1,100,,36520,31,4,,1,100,,36521,31,4,,1,100,,36522,31,4,,1,99,,36523,31,4,,1
2200,'22-Weekday-11111100',627,,36525,31,4,,1,30,,36526,31,4,,1,74,,36527,31,4,,1,70,,36528,31,4,,1,30,,36529,31,4,,1,70,,36530,31,4,,1,30,,36531,31,4,,1,28,,36532,31,4,,1,70,,36533,31,4,,1,30,,36534,31,4,,1,70,,36535,31,4,,1,30,,36536,31,4,,1,70,,36537,31,4,,1,30,,36538,31,4,,1,70,,36539,31,4,,1,30,,36540,31,4,,1,70,,36541,31,4,,1,71,,36542,31,4,,1,30,,36543,31,4,,1,70,,36544,31,4,,1,30,,36545,31,4,,1,70,,36546,31,4,,1,30,,36547,31,4,,1,70,,36548,31,4,,1,28,,36549,31,4,,1,30,,36550,31,4,,1,70,,36551,31,4,,1,30,,36552,31,4,,1,70,,36553,31,4,,1,30,,36554,31,4,,1,70,,36558,31,4,,1,30,,36555,31,4,,1,68,,36559,31,4,,1,30,,36556,31,4,,1,100,,36557,31,4,,1
2201,'22-Saturday-10000010',630,,36560,1,,,1,70,,36561,1,,,1,30,,36562,1,,,1,70,,36563,1,,,1,30,,36564,1,,,1,70,,36565,1,,,1,30,,36566,1,,,1,70,,36567,1,,,1,30,,36568,1,,,1,70,,36569,1,,,1,30,,36570,1,,,1,70,,36571,1,,,1,30,,36572,1,,,1,70,,36573,1,,,1,30,,36574,1,,,1,70,,36575,1,,,1,30,,36576,1,,,1,70,,36577,1,,,1,30,,36578,1,,,1,70,,36579,1,,,1,30,,36580,1,,,1,70,,36581,1,,,1,30,,36582,1,,,1,70,,36583,1,,,1,30,,36584,1,,,1,70,,36585,1,,,1,30,,36586,1,,,1,70,,36587,1,,,1,30,,36588,1,,,1,70,,36589,1,,,1,30,,36590,1,,,1,70,,36591,1,,,1,100,,36592,1,,,1
2201,'22-Sunday-10000001',900,,36602,1,,,1,100,,36593,1,,,1,100,,36594,1,,,1,100,,36595,1,,,1,100,,36596,1,,,1,100,,36597,1,,,1,100,,36598,1,,,1,100,,36599,1,,,1,100,,36600,1,,,1,100,,36601,1,,,1,100,,36603,1,,,1
2201,'22-Weekday-11111100',557,,36634,1,,,1,70,,36604,1,,,1,30,,36605,1,,,1,73,,36606,1,,,1,74,,36607,1,,,1,30,,36608,1,,,1,70,,36609,1,,,1,29,,36610,1,,,1,68,,36611,1,,,1,30,,36612,1,,,1,70,,36613,1,,,1,30,,36614,1,,,1,70,,36615,1,,,1,30,,36616,1,,,1,70,,36617,1,,,1,30,,36618,1,,,1,70,,36619,1,,,1,30,,36620,1,,,1,71,,36621,1,,,1,31,,36622,1,,,1,70,,36623,1,,,1,30,,36624,1,,,1,70,,36625,1,,,1,30,,36626,1,,,1,70,,36627,1,,,1,27,,36628,1,,,1,70,,36629,1,,,1,30,,36630,1,,,1,70,,36631,1,,,1,30,,36635,1,,,1,70,,36632,1,,,1,30,,36636,1,,,1,70,,36633,1,,,1,28,,36638,1,,,1,30,,36637,1,,,1
2600,'26-Weekday-11111100',625,,36834,12,4,,1,30,,36822,12,4,,1,73,,36823,12,4,,1,74,,36824,12,4,,1,30,,36825,12,4,,1,70,,36826,12,4,,1,598,,36827,12,4,,1,31,,36828,12,4,,1,70,,36829,12,4,,1,30,,36830,12,4,,1,70,,36831,12,4,,1,30,,36832,12,4,,1,70,,36833,12,4,,1,522,,36835,12,4,,1
2601,'26-Weekday-11111100',559,,36848,1,,,1,70,,36847,1,,,1,30,,36846,1,,,1,74,,36845,1,,,1,70,,36844,1,,,1,30,,36843,1,,,1,598,,36842,1,,,1,71,,36841,1,,,1,30,,36840,1,,,1,70,,36839,1,,,1,30,,36838,1,,,1,70,,36837,1,,,1,30,,36836,1,,,1,526,,36849,1,,,1
