300,'3-Saturday-10000010',631,,32682,2,,,1,70,,32683,2,,,1,30,,32684,2,,,1,70,,32685,2,,,1,30,,32686,2,,,1,70,,32687,2,,,1,30,,32688,2,,,1,70,,32689,2,,,1,30,,32690,2,,,1,70,,32691,2,,,1,30,,32692,2,,,1,70,,32693,2,,,1,30,,32694,2,,,1,70,,32695,2,,,1,30,,32696,2,,,1,70,,32697,2,,,1,30,,32698,2,,,1,70,,32699,2,,,1,30,,32700,2,,,1,70,,32701,2,,,1,30,,32702,2,,,1,70,,32703,2,,,1,30,,32704,2,,,1,70,,32705,2,,,1,30,,32706,2,,,1,70,,32707,2,,,1,30,,32708,2,,,1,70,,32709,2,,,1,30,,32710,2,,,1,100,,32711,2,,,1,100,,32712,2,,,1
300,'3-Sunday-10000001',831,,32713,2,,,1,100,,32714,2,,,1,70,,32715,2,,,1,30,,32716,2,,,1,70,,32717,2,,,1,30,,32718,2,,,1,70,,32719,2,,,1,30,,32720,2,,,1,70,,32721,2,,,1,30,,32722,2,,,1,70,,32723,2,,,1,30,,32724,2,,,1,70,,32725,2,,,1,30,,32726,2,,,1,70,,32727,2,,,1,30,,32728,2,,,1,70,,32729,2,,,1,30,,32730,2,,,1,70,,32735,2,,,1,30,,32731,2,,,1,70,,32736,2,,,1,30,,32732,2,,,1,70,,32737,2,,,1,30,,32733,2,,,1,100,,32738,2,,,1,100,,32734,2,,,1
300,'3-Weekday-11111100',601,,32758,2,,,1,30,,32757,2,,,1,70,,32756,2,,,1,30,,32755,2,,,1,70,,32754,2,,,1,30,,32753,2,,,1,70,,32752,2,,,1,30,,32751,2,,,1,70,,32750,2,,,1,30,,32749,2,,,1,70,,32748,2,,,1,30,,32747,2,,,1,70,,32746,2,,,1,30,,32745,2,,,1,70,,32744,2,,,1,30,,32743,2,,,1,70,,32742,2,,,1,40,,32741,2,,,1,70,,32740,2,,,1,30,,32739,2,,,1,70,,32768,2,,,1,30,,32767,2,,,1,70,,32766,2,,,1,30,,32765,2,,,1,70,,32764,2,,,1,20,,32763,2,,,1,70,,32762,2,,,1,30,,32761,2,,,1,70,,32772,2,,,1,30,,32760,2,,,1,70,,32773,2,,,1,30,,32759,2,,,1,70,,32774,2,,,1,30,,32770,2,,,1,70,,32775,2,,,1,30,,32769,2,,,1
2200,'22-Saturday-10000010',631,,36481,2,,,1,70,,36482,2,,,1,30,,36483,2,,,1,70,,36484,2,,,1,30,,36485,2,,,1,70,,36486,2,,,1,30,,36487,2,,,1,70,,36488,2,,,1,30,,36489,2,,,1,70,,36490,2,,,1,30,,36491,2,,,1,70,,36492,2,,,1,30,,36493,2,,,1,70,,36494,2,,,1,30,,36495,2,,,1,70,,36496,2,,,1,30,,36497,2,,,1,70,,36498,2,,,1,30,,36499,2,,,1,70,,36500,2,,,1,30,,36501,2,,,1,70,,36502,2,,,1,30,,36503,2,,,1,70,,36504,2,,,1,30,,36505,2,,,1,70,,36506,2,,,1,30,,36507,2,,,1,70,,36508,2,,,1,30,,36509,2,,,1,70,,36510,2,,,1,30,,36511,2,,,1,100,,36512,2,,,1,100,,36513,2,,,1
2200,'22-Sunday-10000001',831,,36524,2,,,1,100,,36514,2,,,1,100,,36515,2,,,1,100,,36516,2,,,1,100,,36517,2,,,1,100,,36518,2,,,1,100,,36519,2,,,1,100,,36520,2,,,1,100,,36521,2,,,1,100,,36522,2,,,1,100,,36523,2,,,1
2200,'22-Weekday-11111100',601,,36525,2,,,1,30,,36526,2,,,1,70,,36527,2,,,1,30,,36528,2,,,1,70,,36529,2,,,1,30,,36530,2,,,1,70,,36531,2,,,1,30,,36532,2,,,1,70,,36533,2,,,1,30,,36534,2,,,1,70,,36535,2,,,1,30,,36536,2,,,1,70,,36537,2,,,1,30,,36538,2,,,1,70,,36539,2,,,1,30,,36540,2,,,1,70,,36541,2,,,1,30,,36542,2,,,1,70,,36543,2,,,1,30,,36544,2,,,1,70,,36545,2,,,1,30,,36546,2,,,1,70,,36547,2,,,1,30,,36548,2,,,1,70,,36549,2,,,1,30,,36550,2,,,1,70,,36551,2,,,1,30,,36552,2,,,1,70,,36553,2,,,1,30,,36554,2,,,1,70,,36558,2,,,1,30,,36555,2,,,1,70,,36559,2,,,1,30,,36556,2,,,1,100,,36557,2,,,1
3300,'33-Saturday-10000010',644,,37782,2,,,1,70,,37783,2,,,1,30,,37784,2,,,1,70,,37785,2,,,1,29,,37786,2,,,1,68,,37787,2,,,1,30,,37788,2,,,1,70,,37789,2,,,1,30,,37790,2,,,1,70,,37791,2,,,1,30,,37792,2,,,1,70,,37793,2,,,1,30,,37794,2,,,1,70,,37795,2,,,1,30,,37796,2,,,1,70,,37797,2,,,1,30,,37798,2,,,1,70,,37799,2,,,1,30,,37800,2,,,1,70,,37801,2,,,1,30,,37802,2,,,1,70,,37803,2,,,1,31,,37804,2,,,1,72,,37805,2,,,1,30,,37806,2,,,1
3300,'33-Sunday-10000001',744,,37807,2,,,1,70,,37808,2,,,1,29,,37809,2,,,1,68,,37810,2,,,1,30,,37811,2,,,1,70,,37812,2,,,1,30,,37813,2,,,1,70,,37814,2,,,1,30,,37815,2,,,1,70,,37816,2,,,1,30,,37817,2,,,1,70,,37818,2,,,1,30,,37819,2,,,1,70,,37820,2,,,1,30,,37821,2,,,1,70,,37822,2,,,1,30,,37823,2,,,1,70,,37824,2,,,1,30,,37825,2,,,1,70,,37826,2,,,1,31,,37827,2,,,1,72,,37828,2,,,1,30,,37829,2,,,1
3300,'33-Weekday-11111100',536,,37833,2,,,1,70,,37836,2,,,1,30,,37837,2,,,1,70,,37838,2,,,1,30,,37839,2,,,1,70,,37840,2,,,1,30,,37841,2,,,1,70,,37842,2,,,1,30,,37843,2,,,1,70,,37844,2,,,1,30,,37845,2,,,1,70,,37846,2,,,1,30,,37847,2,,,1,70,,37848,2,,,1,30,,37849,2,,,1,70,,37850,2,,,1,30,,37851,2,,,1,70,,37852,2,,,1,30,,37862,2,,,1,70,,37853,2,,,1,30,,37854,2,,,1,70,,37855,2,,,1,30,,37856,2,,,1,70,,37857,2,,,1,30,,37858,2,,,1,70,,37859,2,,,1,30,,37830,2,,,1,70,,37863,2,,,1,30,,37835,2,,,1,70,,37864,2,,,1,30,,37834,2,,,1,70,,37865,2,,,1,30,,37832,2,,,1,70,,37831,2,,,1,30,,37860,2,,,1,70,,37861,2,,,1
3500,'35-Weekday-11111100',616,,37986,2,,,1,30,,37987,2,,,1,65,,37989,2,,,1,30,,37990,2,,,1,70,,37991,2,,,1,600,,37992,2,,,1,30,,37993,2,,,1,70,,37994,2,,,1,30,,37995,2,,,1,70,,37996,2,,,1,30,,37988,2,,,1,570,,37997,2,,,1
