1600,'16-Holiday1-10000001',852,,35481,25,,,1,100,,35482,25,,,1,99,,35483,25,,,1,100,,35484,25,,,1,100,,35485,25,,,1,100,,35486,25,,,1,100,,35487,25,,,1,100,,35488,25,,,1,100,,35489,25,,,1,100,,35490,25,,,1,102,,35491,25,,,1,100,,35492,25,,,1,100,,35493,25,,,1,100,,35494,25,,,1,100,,35495,25,,,1,100,,35496,25,,,1
1600,'16-Saturday-10000010',722,,35531,25,,,1,30,,35498,25,,,1,70,,35499,25,,,1,30,,35500,25,,,1,71,,35501,25,,,1,30,,35502,25,,,1,70,,35503,25,,,1,30,,35504,25,,,1,70,,35505,25,,,1,30,,35506,25,,,1,70,,35507,25,,,1,30,,35508,25,,,1,70,,35509,25,,,1,30,,35510,25,,,1,70,,35511,25,,,1,30,,35512,25,,,1,70,,35513,25,,,1,30,,35514,25,,,1,70,,35515,25,,,1,30,,35516,25,,,1,70,,35517,25,,,1,30,,35518,25,,,1,70,,35519,25,,,1,30,,35520,25,,,1,70,,35521,25,,,1,30,,35522,25,,,1,70,,35523,25,,,1,30,,35524,25,,,1,70,,35525,25,,,1,30,,35526,25,,,1,70,,35527,25,,,1,30,,35528,25,,,1,70,,35529,25,,,1,30,,35530,25,,,1
1600,'16-Sunday-10000001',822,,35534,25,,,1,30,,35535,25,,,1,70,,35536,25,,,1,30,,35537,25,,,1,69,,35538,25,,,1,30,,35539,25,,,1,70,,35540,25,,,1,30,,35541,25,,,1,70,,35542,25,,,1,30,,35543,25,,,1,70,,35544,25,,,1,30,,35545,25,,,1,70,,35546,25,,,1,30,,35547,25,,,1,70,,35548,25,,,1,30,,35549,25,,,1,70,,35550,25,,,1,30,,35551,25,,,1,70,,35552,25,,,1,30,,35553,25,,,1,72,,35554,25,,,1,30,,35555,25,,,1,70,,35556,25,,,1,30,,35557,25,,,1,70,,35558,25,,,1,30,,35559,25,,,1,70,,35560,25,,,1,30,,35561,25,,,1,70,,35562,25,,,1,30,,35563,25,,,1,70,,35564,25,,,1,30,,35565,25,,,1
1600,'16-Weekday-11111100',618,,35604,25,,,1,30,,35603,25,,,1,55,,35606,25,,,1,16,,35567,25,,,1,15,,35607,25,,,1,15,,35568,25,,,1,55,,35608,25,,,1,15,,35569,25,,,1,15,,35609,25,,,1,15,,35570,25,,,1,55,,35634,25,,,1,15,,35571,25,,,1,15,,35629,25,,,1,14,,35572,25,,,1,56,,35630,25,,,1,15,,35573,25,,,1,15,,35631,25,,,1,15,,35574,25,,,1,55,,35632,25,,,1,15,,35575,25,,,1,15,,35633,25,,,1,15,,35576,25,,,1,55,,35625,25,,,1,15,,35577,25,,,1,15,,35628,25,,,1,15,,35578,25,,,1,55,,35627,25,,,1,15,,35579,25,,,1,15,,35626,25,,,1,15,,35580,25,,,1,55,,35624,25,,,1,15,,35581,25,,,1,16,,35623,25,,,1,15,,35582,25,,,1,56,,35610,25,,,1,15,,35583,25,,,1,15,,35611,25,,,1,15,,35584,25,,,1,55,,35612,25,,,1,15,,35585,25,,,1,15,,35613,25,,,1,15,,35586,25,,,1,55,,35614,25,,,1,15,,35587,25,,,1,15,,35615,25,,,1,15,,35588,25,,,1,55,,35616,25,,,1,15,,35589,25,,,1,14,,35590,25,,,1,15,,35617,25,,,1,55,,35591,25,,,1,15,,35618,25,,,1,15,,35592,25,,,1,15,,35619,25,,,1,55,,35593,25,,,1,15,,35620,25,,,1,15,,35594,25,,,1,15,,35621,25,,,1,55,,35595,25,,,1,15,,35622,25,,,1,15,,35596,25,,,1,15,,35635,25,,,1,54,,35597,25,,,1,18,,35598,25,,,1,30,,35599,25,,,1,70,,35600,25,,,1
2201,'22-Saturday-10000010',636,,36560,7,,,1,70,,36561,7,,,1,30,,36562,7,,,1,70,,36563,7,,,1,30,,36564,7,,,1,71,,36565,7,,,1,30,,36566,7,,,1,70,,36567,7,,,1,30,,36568,7,,,1,70,,36569,7,,,1,30,,36570,7,,,1,70,,36571,7,,,1,30,,36572,7,,,1,70,,36573,7,,,1,30,,36574,7,,,1,70,,36575,7,,,1,30,,36576,7,,,1,70,,36577,7,,,1,30,,36578,7,,,1,70,,36579,7,,,1,30,,36580,7,,,1,70,,36581,7,,,1,30,,36582,7,,,1,69,,36583,7,,,1,30,,36584,7,,,1,70,,36585,7,,,1,30,,36586,7,,,1,70,,36587,7,,,1,30,,36588,7,,,1,70,,36589,7,,,1,30,,36590,7,,,1,70,,36591,7,,,1,100,,36592,7,,,1
2201,'22-Sunday-10000001',906,,36602,7,,,1,101,,36593,7,,,1,100,,36594,7,,,1,100,,36595,7,,,1,100,,36596,7,,,1,100,,36597,7,,,1,100,,36598,7,,,1,100,,36599,7,,,1,100,,36600,7,,,1,99,,36601,7,,,1,100,,36603,7,,,1
2201,'22-Weekday-11111100',603,,36634,7,,,1,30,,36604,7,,,1,71,,36605,7,,,1,34,,36606,7,,,1,74,,36607,7,,,1,30,,36608,7,,,1,70,,36609,7,,,1,28,,36610,7,,,1,68,,36611,7,,,1,30,,36612,7,,,1,70,,36613,7,,,1,30,,36614,7,,,1,70,,36615,7,,,1,30,,36616,7,,,1,70,,36617,7,,,1,30,,36618,7,,,1,70,,36619,7,,,1,33,,36620,7,,,1,71,,36621,7,,,1,31,,36622,7,,,1,70,,36623,7,,,1,30,,36624,7,,,1,70,,36625,7,,,1,30,,36626,7,,,1,68,,36627,7,,,1,27,,36628,7,,,1,70,,36629,7,,,1,30,,36630,7,,,1,70,,36631,7,,,1,30,,36635,7,,,1,70,,36632,7,,,1,30,,36636,7,,,1,69,,36633,7,,,1,28,,36638,7,,,1,70,,36637,7,,,1
3300,'33-Saturday-10000010',709,,37782,33,,,1,30,,37783,33,,,1,70,,37784,33,,,1,30,,37785,33,,,1,70,,37786,33,,,1,31,,37787,33,,,1,70,,37788,33,,,1,30,,37789,33,,,1,70,,37790,33,,,1,30,,37791,33,,,1,70,,37792,33,,,1,30,,37793,33,,,1,70,,37794,33,,,1,30,,37795,33,,,1,70,,37796,33,,,1,30,,37797,33,,,1,70,,37798,33,,,1,30,,37799,33,,,1,70,,37800,33,,,1,30,,37801,33,,,1,70,,37802,33,,,1,30,,37803,33,,,1,70,,37804,33,,,1,30,,37805,33,,,1,70,,37806,33,,,1
3300,'33-Sunday-10000001',809,,37807,33,,,1,30,,37808,33,,,1,69,,37809,33,,,1,28,,37810,33,,,1,70,,37811,33,,,1,30,,37812,33,,,1,70,,37813,33,,,1,30,,37814,33,,,1,70,,37815,33,,,1,30,,37816,33,,,1,70,,37817,33,,,1,30,,37818,33,,,1,70,,37819,33,,,1,30,,37820,33,,,1,70,,37821,33,,,1,30,,37822,33,,,1,70,,37823,33,,,1,30,,37824,33,,,1,70,,37825,33,,,1,30,,37826,33,,,1,71,,37827,33,,,1,32,,37828,33,,,1,70,,37829,33,,,1
3300,'33-Weekday-11111100',603,,37833,33,,,1,30,,37836,33,,,1,70,,37837,33,,,1,34,,37838,33,,,1,70,,37839,33,,,1,30,,37840,33,,,1,70,,37841,33,,,1,29,,37842,33,,,1,69,,37843,33,,,1,30,,37844,33,,,1,70,,37845,33,,,1,30,,37846,33,,,1,70,,37847,33,,,1,30,,37848,33,,,1,70,,37849,33,,,1,30,,37850,33,,,1,70,,37851,33,,,1,32,,37852,33,,,1,71,,37862,33,,,1,30,,37853,33,,,1,70,,37854,33,,,1,30,,37855,33,,,1,70,,37856,33,,,1,30,,37857,33,,,1,68,,37858,33,,,1,28,,37859,33,,,1,70,,37830,33,,,1,30,,37863,33,,,1,70,,37835,33,,,1,30,,37864,33,,,1,70,,37834,33,,,1,30,,37865,33,,,1,70,,37832,33,,,1,28,,37831,33,,,1,70,,37860,33,,,1,30,,37861,33,,,1
