1300,'13-Holiday1-10000001',820,,35198,27,,,1,100,,35199,27,,,1,102,,35200,27,,,1,100,,35201,27,,,1,100,,35202,27,,,1,100,,35203,27,,,1,100,,35204,27,,,1,100,,35205,27,,,1,100,,35206,27,,,1,100,,35207,27,,,1,98,,35208,27,,,1,100,,35209,27,,,1,100,,35210,27,,,1,100,,35211,27,,,1,100,,35212,27,,,1,100,,35213,27,,,1
1300,'13-Saturday-10000010',722,,35215,27,,,1,30,,35216,27,,,1,70,,35217,27,,,1,30,,35218,27,,,1,70,,35219,27,,,1,30,,35220,27,,,1,70,,35221,27,,,1,30,,35222,27,,,1,70,,35223,27,,,1,30,,35224,27,,,1,70,,35225,27,,,1,30,,35226,27,,,1,70,,35227,27,,,1,30,,35228,27,,,1,70,,35214,27,,,1,30,,35229,27,,,1,70,,35230,27,,,1,30,,35231,27,,,1,70,,35232,27,,,1,30,,35233,27,,,1,70,,35234,27,,,1,30,,35235,27,,,1,70,,35236,27,,,1,30,,35237,27,,,1,70,,35238,27,,,1,30,,35239,27,,,1,70,,35240,27,,,1,30,,35241,27,,,1,70,,35242,27,,,1,30,,35243,27,,,1,70,,35244,27,,,1,30,,35245,27,,,1,70,,35246,27,,,1,30,,35247,27,,,1,70,,35248,27,,,1
1300,'13-Sunday-10000001',820,,35250,27,,,1,30,,35249,27,,,1,70,,35251,27,,,1,30,,35252,27,,,1,72,,35253,27,,,1,30,,35254,27,,,1,70,,35255,27,,,1,30,,35256,27,,,1,70,,35257,27,,,1,30,,35258,27,,,1,70,,35259,27,,,1,30,,35260,27,,,1,70,,35261,27,,,1,30,,35262,27,,,1,70,,35263,27,,,1,30,,35264,27,,,1,70,,35265,27,,,1,30,,35266,27,,,1,70,,35267,27,,,1,30,,35268,27,,,1,68,,35269,27,,,1,30,,35270,27,,,1,70,,35271,27,,,1,30,,35272,27,,,1,70,,35273,27,,,1,30,,35274,27,,,1,70,,35275,27,,,1,30,,35276,27,,,1,70,,35277,27,,,1,30,,35278,27,,,1,70,,35279,27,,,1
1300,'13-Weekday-21111100',550,,35305,27,,,1,70,,35280,27,,,1,30,,35281,27,,,1,75,,35282,27,,,1,30,,35283,27,,,1,55,,35318,27,,,1,15,,35284,27,,,1,30,,35285,27,,,1,70,,35286,27,,,1,13,,35319,11,,,1,15,,35287,27,,,1,70,,35288,27,,,1,30,,35289,27,,,1,70,,35290,27,,,1,30,,35291,27,,,1,70,,35292,27,,,1,30,,35293,27,,,1,70,,35294,27,,,1,30,,35295,27,,,1,70,,35296,27,,,1,30,,35297,27,,,1,70,,35298,27,,,1,30,,35299,27,,,1,70,,35300,27,,,1,30,,35301,27,,,1,70,,35302,27,,,1,30,,35303,27,,,1,68,,35304,27,,,1,30,,35310,27,,,1,70,,35311,27,,,1,30,,35312,27,,,1,70,,35313,27,,,1,30,,35314,27,,,1,70,,35315,27,,,1,30,,35316,27,,,1,67,,35317,27,,,1,30,,35306,27,,,1,70,,35308,27,,,1,30,,35307,27,,,1,70,,35309,27,,,1
3100,'31-Saturday-10000010',646,,37617,11,,,1,70,,37618,11,,,1,30,,37619,11,,,1,70,,37620,11,,,1,30,,37621,11,,,1,69,,37622,11,,,1,34,,37623,11,,,1,70,,37624,11,,,1,30,,37625,11,,,1,70,,37626,11,,,1,30,,37627,11,,,1,70,,37628,11,,,1,30,,37616,11,,,1,70,,37629,11,,,1,30,,37630,11,,,1,70,,37631,11,,,1,30,,37632,11,,,1,70,,37633,11,,,1,30,,37634,11,,,1,70,,37635,11,,,1,30,,37636,11,,,1,70,,37637,11,,,1,30,,37638,11,,,1,69,,37639,11,,,1,28,,37640,11,,,1
3100,'31-Sunday-10000001',815,,37641,11,,,1,30,,37642,11,,,1,70,,37643,11,,,1,30,,37644,11,,,1,70,,37645,11,,,1,32,,37646,11,,,1,70,,37647,11,,,1,30,,37648,11,,,1,70,,37649,11,,,1,30,,37650,11,,,1,70,,37651,11,,,1,30,,37652,11,,,1,70,,37653,11,,,1,30,,37654,11,,,1,70,,37655,11,,,1,30,,37656,11,,,1,70,,37657,11,,,1,30,,37658,11,,,1,70,,37659,11,,,1,30,,37660,11,,,1,70,,37661,11,,,1,30,,37662,11,,,1
3100,'31-Weekday-11111100',618,,37664,11,,,1,30,,37663,11,,,1,72,,37696,11,,,1,35,,37665,11,,,1,70,,37666,11,,,1,30,,37667,11,,,1,70,,37668,11,,,1,30,,37669,11,,,1,67,,37670,11,,,1,30,,37671,11,,,1,70,,37672,11,,,1,30,,37673,11,,,1,70,,37674,11,,,1,30,,37675,11,,,1,70,,37676,11,,,1,30,,37677,11,,,1,70,,37678,11,,,1,32,,37679,11,,,1,73,,37680,11,,,1,30,,37681,11,,,1,70,,37682,11,,,1,30,,37683,11,,,1,70,,37684,11,,,1,30,,37685,11,,,1,68,,37686,11,,,1,26,,37687,11,,,1,70,,37697,11,,,1,30,,37688,11,,,1,70,,37689,11,,,1,30,,37690,11,,,1,70,,37691,11,,,1,30,,37692,11,,,1,67,,37693,11,,,1,25,,37694,11,,,1,70,,37695,11,,,1
20100,'201-Holiday1-10000001',727,,40709,27,,,1,30,,40710,27,,,1,70,,40711,27,,,1,30,,40712,27,,,1,70,,40713,27,,,1,30,,40714,27,,,1,71,,40715,27,,,1,31,,40716,27,,,1,70,,40708,27,,,1,30,,40717,27,,,1,70,,40718,27,,,1,30,,40719,27,,,1,70,,40720,27,,,1,30,,40721,27,,,1,70,,40722,27,,,1,30,,40723,27,,,1,70,,40724,27,,,1,30,,40725,27,,,1,70,,40726,27,,,1,30,,40727,27,,,1,70,,40728,27,,,1,30,,40729,27,,,1,69,,40730,27,,,1,29,,40731,27,,,1,70,,40732,27,,,1,30,,40733,27,,,1,70,,40734,27,,,1,30,,40735,27,,,1,70,,40736,27,,,1,30,,40737,27,,,1,70,,40738,27,,,1,30,,40739,27,,,1,70,,40740,27,,,1,30,,40741,27,,,1,70,,40742,27,,,1
20100,'201-Saturday-10000010',703,,40778,20,,,1,25,,40743,27,,,1,30,,40744,27,,,1,70,,40745,27,,,1,30,,40746,27,,,1,72,,40747,27,,,1,71,,40748,27,,,1,30,,40749,27,,,1,70,,40750,27,,,1,30,,40751,27,,,1,70,,40752,27,,,1,30,,40753,27,,,1,70,,40754,27,,,1,30,,40755,27,,,1,70,,40756,27,,,1,30,,40757,27,,,1,70,,40758,27,,,1,30,,40759,27,,,1,70,,40760,27,,,1,30,,40761,27,,,1,70,,40762,27,,,1,30,,40763,27,,,1,70,,40764,27,,,1,28,,40765,27,,,1,29,,40766,27,,,1,70,,40767,27,,,1,30,,40768,27,,,1,70,,40769,27,,,1,30,,40770,27,,,1,70,,40771,27,,,1,30,,40772,27,,,1,70,,40773,27,,,1,30,,40774,27,,,1,70,,40775,27,,,1,30,,40776,27,,,1,70,,40777,27,,,1
20100,'201-Sunday-10000001',726,,40780,27,,,1,30,,40781,27,,,1,70,,40782,27,,,1,30,,40783,27,,,1,70,,40784,27,,,1,30,,40785,27,,,1,71,,40786,27,,,1,32,,40787,27,,,1,70,,40779,27,,,1,30,,40788,27,,,1,70,,40789,27,,,1,30,,40790,27,,,1,70,,40791,27,,,1,30,,40792,27,,,1,70,,40793,27,,,1,30,,40794,27,,,1,70,,40795,27,,,1,30,,40796,27,,,1,70,,40797,27,,,1,30,,40798,27,,,1,70,,40799,27,,,1,30,,40800,27,,,1,68,,40801,27,,,1,29,,40802,27,,,1,70,,40803,27,,,1,30,,40804,27,,,1,70,,40805,27,,,1,30,,40806,27,,,1,70,,40807,27,,,1,30,,40808,27,,,1,70,,40809,27,,,1,30,,40810,27,,,1,70,,40811,27,,,1,30,,40812,27,,,1,70,,40813,27,,,1
20100,'201-Weekday-11111100',543,,40848,20,,,1,60,,40889,20,,,1,16,,40849,27,,,1,15,,40850,27,,,1,15,,40847,27,,,1,55,,40851,27,,,1,19,,40846,27,,,1,17,,40852,27,,,1,15,,40845,27,,,1,50,,40877,27,,,1,10,,40853,27,,,1,10,,40841,27,,,1,10,,40878,27,,,1,10,,40854,27,,,1,10,,40842,27,,,1,50,,40879,27,,,1,10,,40855,27,,,1,10,,40839,27,,,1,10,,40880,27,,,1,9,,40856,27,,,1,9,,40838,27,,,1,48,,40881,27,,,1,11,,40857,27,,,1,10,,40814,27,,,1,10,,40893,27,,,1,10,,40858,27,,,1,10,,40815,27,,,1,50,,40894,27,,,1,10,,40859,27,,,1,10,,40816,27,,,1,10,,40895,27,,,1,10,,40860,27,,,1,10,,40817,27,,,1,50,,40896,27,,,1,10,,40861,27,,,1,10,,40818,27,,,1,10,,40897,27,,,1,10,,40862,27,,,1,10,,40819,27,,,1,50,,40898,27,,,1,10,,40863,27,,,1,10,,40820,27,,,1,10,,40899,27,,,1,10,,40864,27,,,1,10,,40821,27,,,1,50,,40900,27,,,1,10,,40865,27,,,1,10,,40822,27,,,1,10,,40901,27,,,1,11,,40866,27,,,1,11,,40823,27,,,1,52,,40902,27,,,1,11,,40867,27,,,1,11,,40908,27,,,1,10,,40840,27,,,1,10,,40882,27,,,1,10,,40876,27,,,1,50,,40868,27,,,1,10,,40883,27,,,1,10,,40844,27,,,1,10,,40824,27,,,1,10,,40884,27,,,1,10,,40869,27,,,1,50,,40870,27,,,1,10,,40885,27,,,1,10,,40825,27,,,1,10,,40871,27,,,1,10,,40886,27,,,1,10,,40843,27,,,1,49,,40872,27,,,1,9,,40887,27,,,1,8,,40826,27,,,1,9,,40873,27,,,1,10,,40888,27,,,1,9,,40827,27,,,1,50,,40874,27,,,1,15,,40907,27,,,1,15,,40875,27,,,1,15,,40890,27,,,1,55,,40828,27,,,1,15,,40891,27,,,1,15,,40829,27,,,1,15,,40892,27,,,1,55,,40830,27,,,1,15,,40903,27,,,1,15,,40831,27,,,1,15,,40904,27,,,1,55,,40832,27,,,1,13,,40905,27,0,15 16,1,14,,40833,27,,,1,13,,40906,27,,,1,70,,40834,27,,,1,30,,40835,27,,,1,75,,40836,27,,,1,30,,40837,27,,,1
