1001,'10-Holiday1-10000001',920,,34713,24,,,1,101,,34708,24,,,1,100,,34709,24,,,1,100,,34710,24,,,1,100,,34711,24,,,1,100,,34714,24,,,1,100,,34715,24,,,1,100,,34717,24,,,1,100,,34719,24,,,1,100,,34716,24,,,1,100,,34707,24,,,1,100,,34718,24,,,1,100,,34721,24,,,1,99,,34720,24,,,1,100,,34712,24,,,1
1001,'10-Saturday-10000010',751,,34726,24,,,1,70,,34727,24,,,1,30,,34728,24,,,1,70,,34729,24,,,1,30,,34730,24,,,1,70,,34731,24,,,1,30,,34732,24,,,1,70,,34733,24,,,1,30,,34734,24,,,1,70,,34735,24,,,1,30,,34736,24,,,1,70,,34737,24,,,1,30,,34738,24,,,1,70,,34739,24,,,1,30,,34740,24,,,1,70,,34741,24,,,1,30,,34742,24,,,1,70,,34743,24,,,1,30,,34744,24,,,1,70,,34745,24,,,1,30,,34746,24,,,1,70,,34747,24,,,1,30,,34748,24,,,1,70,,34749,24,,,1,30,,34750,24,,,1,70,,34751,24,,,1,30,,34752,24,,,1,70,,34724,24,,,1,30,,34753,24,,,1,70,,34725,24,,,1,30,,34723,24,,,1,70,,34754,24,,,1,30,,34722,24,,,1,70,,34755,24,,,1
1001,'10-Sunday-10000001',845,,34782,24,,,1,70,,34768,24,,,1,30,,34770,24,,,1,71,,34758,24,,,1,30,,34772,24,,,1,70,,34759,24,,,1,30,,34769,24,,,1,70,,34760,24,,,1,30,,34771,24,,,1,70,,34761,24,,,1,30,,34773,24,,,1,70,,34774,24,,,1,30,,34775,24,,,1,70,,34776,24,,,1,30,,34767,24,,,1,70,,34778,24,,,1,30,,34766,24,,,1,70,,34780,24,,,1,30,,34765,24,,,1,70,,34777,24,,,1,30,,34764,24,,,1,70,,34757,24,,,1,30,,34763,24,,,1,70,,34779,24,,,1,30,,34756,24,,,1,70,,34786,24,,,1,30,,34785,24,,,1,69,,34784,24,,,1,30,,34783,24,,,1,70,,34762,24,,,1,30,,34781,24,,,1
1001,'10-Weekday-11111100',622,,34803,24,,,1,30,,34788,24,,,1,56,,34846,19,0,34 35,1,16,,34799,24,,,1,15,,34812,19,0,34 35,1,15,,34813,24,,,1,55,,34814,19,0,34 35,1,15,,34815,24,,,1,15,,34816,19,0,34 35,1,15,,34817,24,,,1,55,,34818,19,0,34 35,1,15,,34819,24,,,1,13,,34820,19,0,34 35,1,15,,34809,24,,,1,54,,34823,19,0,34 35,1,16,,34810,24,,,1,14,,34824,19,0,34 35,1,16,,34811,24,,,1,54,,34825,19,0,34 35,1,16,,34808,24,,,1,14,,34826,19,0,34 35,1,16,,34791,24,,,1,54,,34827,19,0,34 35,1,16,,34804,24,,,1,14,,34828,19,0,34 35,1,16,,34805,24,,,1,54,,34829,19,0,34 35,1,16,,34790,24,,,1,14,,34830,19,0,34 35,1,16,,34806,24,,,1,54,,34831,19,0,34 35,1,16,,34789,24,,,1,14,,34832,19,0,34 35,1,19,,34807,24,,,1,54,,34822,19,0,34 35,1,16,,34802,24,,,1,14,,34801,19,0,34 35,1,16,,34800,24,,,1,54,,34787,19,0,34 35,1,16,,34798,24,,,1,14,,34797,19,0,34 35,1,16,,34796,24,,,1,54,,34795,19,0,34 35,1,16,,34794,24,,,1,14,,34793,19,0,34 35,1,16,,34792,24,,,1,54,,34833,19,0,34 35,1,14,,34821,24,,,1,30,,34835,24,,,1,70,,34836,24,,,1,30,,34837,24,,,1,70,,34838,24,,,1,30,,34839,24,,,1,70,,34840,24,,,1,30,,34841,24,,,1,68,,34842,24,,,1,30,,34843,24,,,1,70,,34844,24,,,1,30,,34845,24,,,1,70,,34834,24,,,1
1601,'16-Holiday1-10000001',904,,35636,55,,,1,100,,35637,55,,,1,105,,35638,55,,,1,100,,35639,55,,,1,100,,35640,55,,,1,100,,35641,55,,,1,100,,35642,55,,,1,100,,35643,55,,,1,100,,35644,55,,,1,100,,35645,55,,,1,98,,35646,55,,,1,101,,35647,55,,,1,100,,35648,55,,,1,100,,35649,55,,,1,100,,35650,55,,,1,100,,35651,55,,,1
1601,'16-Saturday-10000010',709,,35652,28,,,1,30,,35653,55,,,1,70,,35654,55,,,1,30,,35655,55,,,1,71,,35656,55,,,1,31,,35657,55,,,1,74,,35658,55,,,1,33,,35659,55,,,1,70,,35660,55,,,1,30,,35661,55,,,1,70,,35662,55,,,1,30,,35663,55,,,1,70,,35664,55,,,1,30,,35665,55,,,1,70,,35666,55,,,1,30,,35667,55,,,1,70,,35668,55,,,1,30,,35669,55,,,1,70,,35670,55,,,1,30,,35671,55,,,1,70,,35672,55,,,1,30,,35673,55,,,1,69,,35674,55,,,1,28,,35675,55,,,1,68,,35676,55,,,1,28,,35677,55,,,1,70,,35678,55,,,1,30,,35679,55,,,1,70,,35680,55,,,1,30,,35681,55,,,1,70,,35682,55,,,1,30,,35683,55,,,1,70,,35684,55,,,1,30,,35685,55,,,1,70,,35687,55,,,1
1601,'16-Sunday-10000001',834,,35688,55,,,1,70,,35689,55,,,1,30,,35690,55,,,1,70,,35691,55,,,1,31,,35692,55,,,1,74,,35693,55,,,1,30,,35694,55,,,1,70,,35695,55,,,1,30,,35696,55,,,1,70,,35697,55,,,1,30,,35698,55,,,1,70,,35699,55,,,1,30,,35700,55,,,1,70,,35701,55,,,1,30,,35702,55,,,1,70,,35703,55,,,1,30,,35704,55,,,1,70,,35705,55,,,1,30,,35706,55,,,1,70,,35707,55,,,1,31,,35708,55,,,1,67,,35709,55,,,1,31,,35710,55,,,1,70,,35711,55,,,1,30,,35712,55,,,1,70,,35713,55,,,1,30,,35714,55,,,1,70,,35715,55,,,1,30,,35716,55,,,1,70,,35717,55,,,1,30,,35718,55,,,1,70,,35719,55,,,1
1601,'16-Weekday-11111100',635,,35721,55,,,1,72,,35722,55,,,1,11,,35758,55,,,1,19,,35723,55,,,1,20,,35762,55,,,1,55,,35724,55,,,1,17,,35759,55,,,1,16,,35725,55,,,1,55,,35760,55,,,1,15,,35726,55,,,1,15,,35761,55,,,1,15,,35727,55,,,1,56,,35771,55,,,1,15,,35728,55,,,1,16,,35777,55,,,1,16,,35729,55,,,1,55,,35778,55,,,1,14,,35730,55,,,1,16,,35779,55,,,1,15,,35731,55,,,1,55,,35780,55,,,1,15,,35732,55,,,1,15,,35781,55,,,1,15,,35733,55,,,1,55,,35782,55,,,1,15,,35734,55,,,1,15,,35783,55,,,1,15,,35735,55,,,1,55,,35784,55,,,1,15,,35736,55,,,1,16,,35785,55,,,1,15,,35737,55,,,1,55,,35786,55,,,1,17,,35738,55,,,1,15,,35768,55,,,1,15,,35739,55,,,1,57,,35763,55,,,1,15,,35740,55,,,1,16,,35764,55,,,1,15,,35741,55,,,1,55,,35765,55,,,1,15,,35742,55,,,1,15,,35766,55,,,1,15,,35743,55,,,1,54,,35767,55,,,1,15,,35744,55,,,1,13,,35757,55,,,1,13,,35745,55,,,1,54,,35769,55,,,1,13,,35746,55,,,1,13,,35772,55,,,1,15,,35747,55,,,1,14,,35748,55,,,1,55,,35773,55,,,1,15,,35749,55,,,1,15,,35776,55,,,1,15,,35750,55,,,1,55,,35774,55,,,1,15,,35751,55,,,1,15,,35775,55,,,1,15,,35752,55,,,1,53,,35787,55,,,1,14,,35753,55,,,1,31,,35754,55,,,1,67,,35755,55,,,1,13,,35756,55,,,1
3600,'36-Saturday-10000010',741,,38011,15,,,1,70,,38023,15,,,1,30,,38012,15,,,1,71,,38024,15,,,1,29,,38013,15,,,1,70,,38025,15,,,1,30,,38014,15,,,1,70,,38026,15,,,1,30,,38015,15,,,1,70,,38027,15,,,1,30,,38016,15,,,1,70,,38028,15,,,1,30,,38017,15,,,1,70,,38029,15,,,1,30,,38018,15,,,1,70,,38030,15,,,1,30,,38019,15,,,1,70,,38031,15,,,1,30,,38020,15,,,1,70,,38032,15,,,1,30,,38021,15,,,1,69,,38033,15,,,1,32,,38022,15,,,1,70,,38034,15,,,1,30,,38035,15,,,1
3600,'36-Sunday-10000001',840,,38036,15,,,1,70,,38037,15,,,1,30,,38038,15,,,1,71,,38039,15,,,1,30,,38040,15,,,1,75,,38041,15,,,1,30,,38042,15,,,1,70,,38043,15,,,1,30,,38044,15,,,1,70,,38045,15,,,1,30,,38046,15,,,1,70,,38047,15,,,1,30,,38048,15,,,1,70,,38049,15,,,1,30,,38050,15,,,1,70,,38051,15,,,1,30,,38052,15,,,1,70,,38053,15,,,1,30,,38054,15,,,1,64,,38055,15,,,1,29,,38056,15,,,1,70,,38057,15,,,1
3600,'36-Weekday-11111100',627,,38082,15,,,1,99,,38060,15,,,1,30,,38059,15,,,1,70,,38074,15,,,1,30,,38073,15,,,1,70,,38072,15,,,1,30,,38071,15,,,1,70,,38070,15,,,1,30,,38069,15,,,1,70,,38068,15,,,1,30,,38067,15,,,1,70,,38066,15,,,1,30,,38065,15,,,1,70,,38064,15,,,1,30,,38063,15,,,1,70,,38062,15,,,1,31,,38061,15,,,1,70,,38081,15,,,1,30,,38086,15,,,1,70,,38080,15,,,1,30,,38079,15,,,1,70,,38078,15,,,1,30,,38077,15,,,1,69,,38076,15,,,1,30,,38075,15,,,1,70,,38089,15,,,1,30,,38084,15,,,1,70,,38088,15,,,1,30,,38083,15,,,1,70,,38058,15,,,1,30,,38085,15,,,1,67,,38087,15,,,1,30,,38090,15,,,1
5701,'57-Saturday-10000010',751,,39446,18,,,1,100,,39445,18,,,1,101,,39439,18,,,1,100,,39438,18,,,1,100,,39443,18,,,1,100,,39442,18,,,1,100,,39441,18,,,1,100,,39440,18,,,1,100,,39444,18,,,1,100,,39449,18,,,1,100,,39448,18,,,1,100,,39447,18,,,1
5701,'57-Weekday-11111100',651,,39477,18,,,1,74,,39450,18,,,1,30,,39451,18,,,1,70,,39452,18,,,1,30,,39453,18,,,1,70,,39454,18,,,1,28,,39455,18,,,1,70,,39456,18,,,1,30,,39457,18,,,1,70,,39458,18,,,1,30,,39460,18,,,1,70,,39459,18,,,1,30,,39461,18,,,1,70,,39462,18,,,1,30,,39463,18,,,1,70,,39464,18,,,1,33,,39465,18,,,1,70,,39467,18,,,1,30,,39466,18,,,1,70,,39468,18,,,1,30,,39469,18,,,1,70,,39470,18,,,1,30,,39471,18,,,1,66,,39472,18,,,1,30,,39473,18,,,1,70,,39478,18,,,1,30,,39474,18,,,1,70,,39479,18,,,1,30,,39475,18,,,1,70,,39481,18,,,1,30,,39476,18,,,1,70,,39480,18,,,1
6101,'61-Holiday1-21111111',833,,39938,26,,,1,100,,39939,26,,,1,104,,39940,26,,,1,100,,39941,26,,,1,100,,39942,26,,,1,100,,39943,26,,,1,100,,39944,26,,,1,100,,39945,26,,,1,100,,39946,26,,,1,100,,39947,26,,,1,95,,39948,26,,,1,100,,39949,26,,,1,100,,39950,26,,,1,100,,39951,26,,,1,100,,39952,26,,,1
6101,'61-Saturday-10000010',711,,39976,26,,,1,30,,39977,26,,,1,70,,39978,26,,,1,28,,39987,19,,,1,2,,39979,26,,,1,69,,39980,26,,,1,31,,39981,26,,,1,70,,39982,26,,,1,30,,39983,26,,,1,70,,39986,26,,,1,30,,39984,26,,,1,70,,39985,26,,,1,30,,39956,26,,,1,70,,39955,26,,,1,30,,39957,26,,,1,70,,39954,26,,,1,30,,39958,26,,,1,70,,39959,26,,,1,30,,39960,26,,,1,70,,39961,26,,,1,30,,39962,26,,,1,70,,39963,26,,,1,30,,39975,26,,,1,71,,39974,26,,,1,30,,39973,26,,,1,70,,39972,26,,,1,30,,39971,26,,,1,70,,39970,26,,,1,30,,39969,26,,,1,70,,39968,26,,,1,30,,39967,26,,,1,70,,39966,26,,,1,30,,39965,26,,,1,70,,39964,26,,,1
6101,'61-Sunday-10000001',838,,40017,26,,,1,70,,40016,26,,,1,30,,40015,26,,,1,71,,40014,26,,,1,33,,40013,26,,,1,70,,40012,26,,,1,30,,39997,26,,,1,70,,39998,26,,,1,30,,39999,26,,,1,70,,40000,26,,,1,30,,40001,26,,,1,70,,40002,26,,,1,30,,40003,26,,,1,70,,40004,26,,,1,30,,40005,26,,,1,70,,40006,26,,,1,30,,40008,26,,,1,70,,40009,26,,,1,30,,40010,26,,,1,68,,40007,26,,,1,27,,40011,26,,,1,70,,39991,26,,,1,30,,39990,26,,,1,70,,39996,26,,,1,30,,39989,26,,,1,70,,39995,26,,,1,30,,39994,26,,,1,70,,39992,26,,,1,30,,39993,26,,,1
6101,'61-Weekday-21111100',640,,40035,26,,,1,69,,40041,26,,,1,17,,40065,26,,,1,15,,40042,26,,,1,15,,40054,26,,,1,55,,40043,26,,,1,15,,40063,26,,,1,15,,40044,26,,,1,15,,40047,26,,,1,55,,40045,26,,,1,15,,40060,26,,,1,15,,40046,26,,,1,15,,40053,26,,,1,55,,40038,26,,,1,15,,40059,26,,,1,15,,40039,26,,,1,15,,40052,26,,,1,55,,40040,26,,,1,15,,40058,26,,,1,15,,40037,26,,,1,15,,40051,26,,,1,55,,40036,26,,,1,15,,40066,26,,,1,15,,40020,26,,,1,15,,40057,26,,,1,55,,40021,26,,,1,15,,40050,26,,,1,15,,40022,26,,,1,15,,40056,26,,,1,55,,40023,26,,,1,15,,40069,26,,,1,17,,40024,26,,,1,58,,40062,26,,,1,15,,40025,26,,,1,15,,40049,26,,,1,15,,40026,26,,,1,55,,40067,26,,,1,15,,40027,26,,,1,15,,40068,26,,,1,15,,40028,26,,,1,55,,40070,26,,,1,15,,40029,26,,,1,15,,40048,26,,,1,15,,40030,26,,,1,55,,40055,26,,,1,14,,40031,26,,,1,11,,40061,26,,,1,30,,40064,26,,,1,70,,40074,26,,,1,30,,40071,26,,,1,70,,40072,26,,,1,30,,40073,26,,,1,70,,40075,26,,,1,30,,40032,26,,,1,68,,40033,26,,,1,30,,40034,26,,,1,70,,40019,26,0,18 19,1
7601,'76-Weekday-11111100',642,,40601,12,,,1,70,,40602,12,,,1,30,,40603,12,,,1,70,,40604,12,,,1,30,,40605,12,,,1,70,,40606,12,,,1,29,,40607,12,,,1,70,,40608,12,,,1,430,,40609,12,,,1,71,,40610,12,,,1,30,,40611,12,,,1,70,,40612,12,,,1,30,,40613,12,,,1,70,,40614,12,,,1,30,,40615,12,,,1,70,,40616,12,,,1,30,,40617,12,,,1
