601,'6-Holiday1-10000001',836,,33360,2,,,1,100,,33361,2,,,1,100,,33362,2,,,1,100,,33363,2,,,1,100,,33364,2,,,1,100,,33365,2,,,1,100,,33366,2,,,1,100,,33367,2,,,1,100,,33368,2,,,1,100,,33369,2,,,1,100,,33370,2,,,1,100,,33371,2,,,1,100,,33372,2,,,1,100,,33373,2,,,1,100,,33374,2,,,1,100,,33375,2,,,1
601,'6-Saturday-10000010',616,,33377,2,,,1,30,,33378,2,,,1,70,,33379,2,,,1,30,,33380,2,,,1,70,,33381,2,,,1,30,,33382,2,,,1,70,,33383,2,,,1,30,,33384,2,,,1,70,,33385,2,,,1,30,,33386,2,,,1,70,,33387,2,,,1,30,,33388,2,,,1,70,,33389,2,,,1,30,,33390,2,,,1,70,,33391,2,,,1,30,,33392,2,,,1,70,,33393,2,,,1,30,,33394,2,,,1,70,,33395,2,,,1,30,,33396,2,,,1,70,,33397,2,,,1,30,,33398,2,,,1,70,,33399,2,,,1,30,,33400,2,,,1,70,,33401,2,,,1,30,,33402,2,,,1,70,,33403,2,,,1,30,,33404,2,,,1,70,,33405,2,,,1,30,,33406,2,,,1,70,,33407,2,,,1,30,,33408,2,,,1,70,,33409,2,,,1,30,,33410,2,,,1,70,,33411,2,,,1,30,,33412,2,,,1
601,'6-Sunday-10000001',806,,33414,2,,,1,30,,33415,2,,,1,70,,33416,2,,,1,30,,33417,2,,,1,70,,33418,2,,,1,30,,33419,2,,,1,70,,33420,2,,,1,30,,33421,2,,,1,70,,33422,2,,,1,30,,33423,2,,,1,70,,33424,2,,,1,30,,33425,2,,,1,70,,33426,2,,,1,30,,33427,2,,,1,70,,33428,2,,,1,30,,33429,2,,,1,70,,33430,2,,,1,30,,33431,2,,,1,70,,33432,2,,,1,30,,33433,2,,,1,70,,33434,2,,,1,30,,33435,2,,,1,70,,33436,2,,,1,30,,33437,2,,,1,70,,33438,2,,,1,30,,33439,2,,,1,70,,33440,2,,,1,30,,33441,2,,,1,70,,33442,2,,,1,30,,33443,2,,,1,70,,33444,2,,,1,30,,33445,2,,,1
601,'6-Weekday-11111100',551,,33447,2,,,1,70,,33448,2,,,1,30,,33449,2,,,1,70,,33450,2,,,1,30,,33451,2,,,1,70,,33452,2,,,1,30,,33453,2,,,1,70,,33454,2,,,1,30,,33455,2,,,1,70,,33456,2,,,1,30,,33457,2,,,1,70,,33458,2,,,1,30,,33459,2,,,1,70,,33460,2,,,1,30,,33461,2,,,1,70,,33462,2,,,1,30,,33463,2,,,1,70,,33464,2,,,1,25,,33486,2,,,1,60,,33465,2,,,1,30,,33466,2,,,1,70,,33467,2,,,1,30,,33468,2,,,1,70,,33469,2,,,1,30,,33470,2,,,1,70,,33471,2,,,1,15,,33472,2,,,1,30,,33473,2,,,1,70,,33474,2,,,1,30,,33475,2,,,1,70,,33476,2,,,1,30,,33477,2,,,1,70,,33478,2,,,1,30,,33479,2,,,1,70,,33480,2,,,1,30,,33481,2,,,1,65,,33482,2,,,1,30,,33484,2,,,1
901,'9-Holiday1-10000001',757,,34442,2,,,1,100,,34443,2,,,1,100,,34444,2,,,1,100,,34445,2,,,1,100,,34446,2,,,1,100,,34447,2,,,1,100,,34448,2,,,1,100,,34449,2,,,1,100,,34450,2,,,1,100,,34451,2,,,1,100,,34452,2,,,1,100,,34453,2,,,1,100,,34454,2,,,1,100,,34455,2,,,1,100,,34456,2,,,1,100,,34457,2,,,1,100,,34441,2,,,1
901,'9-Saturday-10000010',657,,34459,2,,,1,70,,34460,2,,,1,30,,34461,2,,,1,70,,34458,2,,,1,30,,34462,2,,,1,70,,34463,2,,,1,30,,34464,2,,,1,70,,34465,2,,,1,30,,34466,2,,,1,70,,34467,2,,,1,30,,34468,2,,,1,70,,34469,2,,,1,30,,34470,2,,,1,70,,34471,2,,,1,30,,34472,2,,,1,70,,34473,2,,,1,30,,34474,2,,,1,70,,34475,2,,,1,30,,34476,2,,,1,70,,34477,2,,,1,30,,34478,2,,,1,70,,34479,2,,,1,30,,34480,2,,,1,70,,34481,2,,,1,30,,34482,2,,,1,70,,34483,2,,,1,30,,34484,2,,,1,70,,34485,2,,,1,30,,34486,2,,,1,70,,34487,2,,,1,30,,34488,2,,,1,70,,34489,2,,,1,30,,34490,2,,,1,70,,34491,2,,,1,30,,34492,2,,,1
901,'9-Sunday-10000001',757,,34495,2,,,1,70,,34494,2,,,1,30,,34496,2,,,1,70,,34497,2,,,1,30,,34498,2,,,1,70,,34499,2,,,1,30,,34500,2,,,1,70,,34501,2,,,1,30,,34502,2,,,1,70,,34503,2,,,1,30,,34504,2,,,1,70,,34505,2,,,1,30,,34506,2,,,1,70,,34507,2,,,1,30,,34508,2,,,1,70,,34509,2,,,1,30,,34510,2,,,1,70,,34511,2,,,1,30,,34512,2,,,1,70,,34513,2,,,1,30,,34514,2,,,1,70,,34515,2,,,1,30,,34516,2,,,1,70,,34517,2,,,1,30,,34518,2,,,1,70,,34519,2,,,1,30,,34520,2,,,1,70,,34521,2,,,1,30,,34522,2,,,1,70,,34523,2,,,1,30,,34524,2,,,1,70,,34525,2,,,1,30,,34493,2,,,1
901,'9-Weekday-11111100',602,,34528,2,,,1,30,,34527,2,,,1,70,,34562,2,,,1,30,,34561,2,,,1,70,,34560,2,,,1,30,,34559,2,,,1,70,,34558,2,,,1,30,,34557,2,,,1,70,,34556,2,,,1,30,,34555,2,,,1,70,,34554,2,,,1,30,,34553,2,,,1,70,,34552,2,,,1,30,,34551,2,,,1,70,,34550,2,,,1,30,,34549,2,,,1,70,,34548,2,,,1,30,,34547,2,,,1,70,,34546,2,,,1,30,,34545,2,,,1,70,,34544,2,,,1,30,,34543,2,,,1,70,,34542,2,,,1,30,,34541,2,,,1,70,,34540,2,,,1,30,,34539,2,,,1,70,,34538,2,,,1,30,,34537,2,,,1,70,,34536,2,,,1,30,,34535,2,,,1,70,,34534,2,,,1,30,,34533,2,,,1,70,,34526,2,,,1,30,,34563,2,,,1,70,,34530,2,,,1,30,,34529,2,,,1,70,,34531,2,,,1,30,,34532,2,,,1
2100,'21-Saturday-10000010',647,,36342,2,,,1,70,,36317,2,,,1,30,,36318,2,,,1,70,,36319,2,,,1,30,,36320,2,,,1,70,,36321,2,,,1,30,,36322,2,,,1,70,,36323,2,,,1,30,,36324,2,,,1,70,,36325,2,,,1,30,,36326,2,,,1,70,,36327,2,,,1,30,,36328,2,,,1,70,,36329,2,,,1,30,,36330,2,,,1,70,,36331,2,,,1,30,,36332,2,,,1,70,,36333,2,,,1,30,,36334,2,,,1,70,,36335,2,,,1,30,,36336,2,,,1,70,,36337,2,,,1,30,,36338,2,,,1,70,,36339,2,,,1,30,,36341,2,,,1
2100,'21-Sunday-10000001',656,,36343,2,,,1,70,,36344,2,,,1,30,,36345,2,,,1,70,,36346,2,,,1,30,,36347,2,,,1,70,,36348,2,,,1,30,,36349,2,,,1,71,,36350,2,,,1,30,,36351,2,,,1,70,,36352,2,,,1,30,,36353,2,,,1,70,,36354,2,,,1,30,,36355,2,,,1,70,,36356,2,,,1,30,,36357,2,,,1,70,,36358,2,,,1,30,,36359,2,,,1,70,,36360,2,,,1,30,,36361,2,,,1,70,,36362,2,,,1,30,,36363,2,,,1,70,,36364,2,,,1,30,,36365,2,,,1,69,,36366,2,,,1
2100,'21-Weekday-11111100',617,,36367,2,,,1,30,,36368,2,,,1,70,,36375,2,,,1,30,,36369,2,,,1,70,,36376,2,,,1,30,,36370,2,,,1,70,,36388,2,,,1,30,,36382,2,,,1,70,,36389,2,,,1,30,,36383,2,,,1,70,,36390,2,,,1,30,,36384,2,,,1,70,,36391,2,,,1,30,,36385,2,,,1,70,,36392,2,,,1,30,,36386,2,,,1,70,,36393,2,,,1,30,,36371,2,,,1,70,,36381,2,,,1,30,,36372,2,,,1,70,,36380,2,,,1,30,,36387,2,,,1,70,,36373,2,,,1,30,,36377,2,,,1,70,,36374,2,,,1,30,,36378,2,,,1,70,,36394,2,,,1,30,,36395,2,,,1,70,,36396,2,,,1,30,,36397,2,,,1,70,,36398,2,,,1
