700,'7-Holiday1-10000001',826,,33487,29,,,1,30,,33488,29,,,1,70,,33489,29,,,1,30,,33490,29,,,1,70,,33491,29,,,1,30,,33492,29,,,1,70,,33493,29,,,1,30,,33494,29,,,1,70,,33495,29,,,1,30,,33496,29,,,1,70,,33497,29,,,1,30,,33498,29,,,1,70,,33499,29,,,1,30,,33500,29,,,1,70,,33501,29,,,1,30,,33502,29,,,1,70,,33503,29,,,1,30,,33504,29,,,1,70,,33505,29,,,1,30,,33506,29,,,1,70,,33507,29,,,1,30,,33508,29,,,1,70,,33509,29,,,1,30,,33510,29,,,1,70,,33511,29,,,1,30,,33512,29,,,1,70,,33513,29,,,1,30,,33514,29,,,1,70,,33516,29,,,1,30,,33518,29,,,1,70,,33519,29,,,1,30,,33517,29,,,1,70,,33515,29,,,1
700,'7-Saturday-10000010',555,,33520,16,,,1,70,,33522,29,,,1,30,,33521,29,,,1,70,,33523,29,,,1,15,,33524,29,,,1,15,,33525,29,,,1,55,,33526,29,,,1,15,,33527,29,,,1,15,,33528,29,,,1,15,,33529,29,,,1,57,,33530,29,,,1,18,,33531,29,,,1,15,,33532,29,,,1,55,,33533,29,,,1,15,,33534,29,,,1,15,,33535,29,,,1,15,,33536,29,,,1,55,,33537,29,,,1,15,,33538,29,,,1,15,,33539,29,,,1,15,,33540,29,,,1,55,,33541,29,,,1,15,,33542,29,,,1,15,,33543,29,,,1,15,,33544,29,,,1,55,,33545,29,,,1,15,,33546,29,,,1,15,,33547,29,,,1,15,,33548,29,,,1,55,,33549,29,,,1,15,,33550,29,,,1,15,,33551,29,,,1,15,,33552,29,,,1,55,,33553,29,,,1,15,,33554,29,,,1,15,,33555,29,,,1,15,,33556,29,,,1,55,,33557,29,,,1,15,,33558,29,,,1,15,,33559,29,,,1,15,,33560,29,,,1,55,,33561,29,,,1,15,,33562,29,,,1,15,,33563,29,,,1,15,,33564,29,,,1,55,,33565,29,,,1,12,,33566,29,,,1,13,,33567,29,,,1,15,,33568,29,,,1,15,,33569,29,,,1,55,,33570,29,,,1,15,,33571,29,,,1,15,,33572,29,,,1,15,,33573,29,,,1,55,,33574,29,,,1,15,,33575,29,,,1,15,,33576,29,,,1,15,,33577,29,,,1,55,,33578,29,,,1,15,,33579,29,,,1,15,,33580,29,,,1,15,,33581,29,,,1,55,,33582,29,,,1,15,,33583,29,,,1,15,,33584,29,,,1,15,,33585,29,,,1,55,,33586,29,,,1,15,,33587,29,,,1,15,,33588,29,,,1,15,,33589,29,,,1,70,,33590,29,,,1
700,'7-Sunday-10000001',827,,33591,29,,,1,30,,33592,29,,,1,70,,33593,29,,,1,15,,33594,29,,,1,15,,33595,29,,,1,58,,33596,29,,,1,15,,33597,29,,,1,15,,33598,29,,,1,55,,33599,29,,,1,15,,33600,29,,,1,15,,33601,29,,,1,15,,33602,29,,,1,55,,33603,29,,,1,15,,33604,29,,,1,15,,33605,29,,,1,15,,33606,29,,,1,55,,33607,29,,,1,15,,33608,29,,,1,15,,33609,29,,,1,15,,33610,29,,,1,55,,33611,29,,,1,15,,33612,29,,,1,15,,33613,29,,,1,15,,33614,29,,,1,55,,33615,29,,,1,15,,33616,29,,,1,15,,33617,29,,,1,15,,33618,29,,,1,55,,33619,29,,,1,15,,33620,29,,,1,15,,33621,29,,,1,15,,33622,29,,,1,55,,33623,29,,,1,15,,33624,29,,,1,15,,33625,29,,,1,15,,33626,29,,,1,55,,33627,29,,,1,12,,33628,29,,,1,13,,33629,29,,,1,15,,33630,29,,,1,15,,33631,29,,,1,55,,33632,29,,,1,15,,33633,29,,,1,15,,33634,29,,,1,15,,33635,29,,,1,55,,33636,29,,,1,15,,33637,29,,,1,15,,33638,29,,,1,15,,33639,29,,,1,55,,33640,29,,,1,15,,33641,29,,,1,15,,33642,29,,,1,15,,33643,29,,,1,55,,33649,29,,,1,15,,33645,29,,,1,15,,33650,29,,,1,15,,33647,29,,,1,55,,33651,29,,,1,15,,33648,29,,,1,15,,33652,29,,,1,15,,33646,29,,,1,70,,33644,29,,,1
700,'7-Weekday-11111100',540,,33726,16,,,1,15,,33727,29,,,1,55,,33653,29,,,1,15,,33654,29,,,1,15,,33655,29,,,1,15,,33656,29,,,1,58,,33657,29,,,1,16,,33658,29,,,1,15,,33659,29,,,1,15,,33660,29,,,1,55,,33661,29,,,1,15,,33662,29,,,1,15,,33663,29,,,1,15,,33664,29,,,1,55,,33665,29,,,1,15,,33666,29,,,1,16,,33667,29,,,1,56,,33668,29,,,1,15,,33669,29,,,1,15,,33670,29,,,1,15,,33671,29,,,1,55,,33672,29,,,1,15,,33673,29,,,1,15,,33674,29,,,1,15,,33675,29,,,1,55,,33676,29,,,1,15,,33677,29,,,1,15,,33678,29,,,1,15,,33679,29,,,1,55,,33680,29,,,1,15,,33681,29,,,1,15,,33682,29,,,1,15,,33683,29,,,1,55,,33684,29,,,1,15,,33685,29,,,1,16,,33686,29,,,1,16,,33687,29,,,1,55,,33688,29,,,1,15,,33689,29,,,1,15,,33690,29,,,1,15,,33691,29,,,1,55,,33692,29,,,1,15,,33693,29,,,1,15,,33694,29,,,1,15,,33695,29,,,1,55,,33696,29,,,1,15,,33697,29,,,1,15,,33698,29,,,1,15,,33699,29,,,1,54,,33700,29,,,1,12,,33701,29,,,1,14,,33702,29,,,1,15,,33703,29,,,1,15,,33704,29,,,1,55,,33705,29,,,1,15,,33706,29,,,1,15,,33707,29,,,1,15,,33708,29,,,1,55,,33709,29,,,1,15,,33710,29,,,1,15,,33711,29,,,1,15,,33712,29,,,1,55,,33713,29,,,1,15,,33714,29,,,1,15,,33715,29,,,1,15,,33716,29,,,1,53,,33717,29,,,1,13,,33718,29,,,1,15,,33719,29,,,1,15,,33720,29,,,1,55,,33721,29,,,1,15,,33722,29,,,1,15,,33723,29,,,1,15,,33724,29,,,1,70,,33725,29,,,1
1600,'16-Holiday1-10000001',813,,35497,22,,,1,100,,35481,50,,,1,102,,35482,50,,,1,100,,35483,50,,,1,100,,35484,50,,,1,100,,35485,50,,,1,100,,35486,50,,,1,100,,35487,50,,,1,100,,35488,50,,,1,100,,35489,50,,,1,98,,35490,50,,,1,101,,35491,50,,,1,100,,35492,50,,,1,100,,35493,50,,,1,100,,35494,50,,,1,100,,35495,50,,,1,100,,35496,50,,,1
1600,'16-Saturday-10000010',644,,35532,22,,,1,70,,35533,22,,,1,30,,35531,50,,,1,70,,35498,50,,,1,30,,35499,50,,,1,72,,35500,50,,,1,33,,35501,50,,,1,70,,35502,50,,,1,30,,35503,50,,,1,70,,35504,50,,,1,30,,35505,50,,,1,70,,35506,50,,,1,30,,35507,50,,,1,70,,35508,50,,,1,30,,35509,50,,,1,70,,35510,50,,,1,30,,35511,50,,,1,70,,35512,50,,,1,30,,35513,50,,,1,70,,35514,50,,,1,30,,35515,50,,,1,70,,35516,50,,,1,30,,35517,50,,,1,68,,35518,50,,,1,28,,35519,50,,,1,70,,35520,50,,,1,30,,35521,50,,,1,70,,35522,50,,,1,30,,35523,50,,,1,70,,35524,50,,,1,30,,35525,50,,,1,70,,35526,50,,,1,30,,35527,50,,,1,70,,35528,50,,,1,30,,35529,50,,,1,70,,35530,50,,,1
1600,'16-Sunday-10000001',813,,35566,22,,,1,30,,35534,50,,,1,70,,35535,50,,,1,30,,35536,50,,,1,72,,35537,50,,,1,30,,35538,50,,,1,70,,35539,50,,,1,30,,35540,50,,,1,70,,35541,50,,,1,30,,35542,50,,,1,70,,35543,50,,,1,30,,35544,50,,,1,70,,35545,50,,,1,30,,35546,50,,,1,70,,35547,50,,,1,30,,35548,50,,,1,70,,35549,50,,,1,30,,35550,50,,,1,70,,35551,50,,,1,30,,35552,50,,,1,68,,35553,50,,,1,31,,35554,50,,,1,70,,35555,50,,,1,30,,35556,50,,,1,70,,35557,50,,,1,30,,35558,50,,,1,70,,35559,50,,,1,30,,35560,50,,,1,70,,35561,50,,,1,30,,35562,50,,,1,70,,35563,50,,,1,30,,35564,50,,,1,70,,35565,50,,,1
1600,'16-Weekday-11111100',542,,35605,22,,,1,70,,35601,22,,,1,29,,35604,50,,,1,17,,35602,22,,,1,54,,35603,50,,,1,17,,35606,50,,,1,16,,35567,50,,,1,55,,35607,50,,,1,15,,35568,50,,,1,15,,35608,50,,,1,15,,35569,50,,,1,55,,35609,50,,,1,15,,35570,50,,,1,15,,35634,50,,,1,16,,35571,50,,,1,55,,35629,50,,,1,14,,35572,50,,,1,16,,35630,50,,,1,15,,35573,50,,,1,55,,35631,50,,,1,15,,35574,50,,,1,15,,35632,50,,,1,15,,35575,50,,,1,55,,35633,50,,,1,15,,35576,50,,,1,15,,35625,50,,,1,15,,35577,50,,,1,55,,35628,50,,,1,15,,35578,50,,,1,15,,35627,50,,,1,15,,35579,50,,,1,55,,35626,50,,,1,15,,35580,50,,,1,15,,35624,50,,,1,15,,35581,50,,,1,57,,35623,50,,,1,15,,35582,50,,,1,16,,35610,50,,,1,15,,35583,50,,,1,55,,35611,50,,,1,15,,35584,50,,,1,15,,35612,50,,,1,15,,35585,50,,,1,55,,35613,50,,,1,15,,35586,50,,,1,15,,35614,50,,,1,15,,35587,50,,,1,55,,35615,50,,,1,13,,35588,50,,,1,13,,35616,50,,,1,15,,35589,50,,,1,14,,35590,50,,,1,55,,35617,50,,,1,15,,35591,50,,,1,15,,35618,50,,,1,15,,35592,50,,,1,55,,35619,50,,,1,15,,35593,50,,,1,15,,35620,50,,,1,15,,35594,50,,,1,55,,35621,50,,,1,15,,35595,50,,,1,15,,35622,50,,,1,15,,35596,50,,,1,52,,35635,50,,,1,14,,35597,50,,,1,18,,35598,50,,,1,70,,35599,50,,,1,30,,35600,50,,,1
9100,'91-Saturday-10000010',2410,,40692,9,0,21 22 23,1,30,,40693,9,0,21 22 23,1,70,,40694,9,0,21 22 23,1,30,,40695,9,0,21 22 23,1,70,,40696,9,0,21 22 23,1
9100,'91-Weekday-10001100',2410,,40697,9,0,21 22 23,1,30,,40698,9,0,21 22 23,1,70,,40699,9,0,21 22 23,1,30,,40700,9,0,21 22 23,1,70,,40701,9,0,21 22 23,1
