100,'1-Holiday1-10000001',847,,32428,51,,,1,100,,32429,51,,,1,72,,32430,51,,,1,31,,32431,51,,,1,70,,32432,51,,,1,30,,32433,51,,,1,70,,32434,51,,,1,30,,32435,51,,,1,70,,32436,51,,,1,30,,32437,51,,,1,70,,32438,51,,,1,30,,32439,51,,,1,70,,32440,51,,,1,30,,32441,51,,,1,70,,32442,51,,,1,30,,32443,51,,,1,70,,32444,51,,,1,30,,32445,51,,,1,68,,32446,51,,,1,29,,32447,51,,,1,100,,32448,51,,,1,100,,32449,51,,,1,100,,32450,51,,,1,100,,32451,51,,,1,100,,32452,51,,,1,100,,32453,51,,,1
100,'1-Saturday-10000010',647,,32454,51,,,1,70,,32455,51,,,1,30,,32456,51,,,1,70,,32457,51,,,1,30,,32458,51,,,1,72,,32459,51,,,1,31,,32460,51,,,1,70,,32461,51,,,1,30,,32462,51,,,1,70,,32463,51,,,1,30,,32464,51,,,1,70,,32465,51,,,1,30,,32466,51,,,1,70,,32467,51,,,1,30,,32468,51,,,1,70,,32469,51,,,1,30,,32470,51,,,1,70,,32471,51,,,1,30,,32472,51,,,1,70,,32473,51,,,1,30,,32474,51,,,1,70,,32475,51,,,1,30,,32476,51,,,1,68,,32477,51,,,1,29,,32478,51,,,1,70,,32479,51,,,1,30,,32480,51,,,1,70,,32481,51,,,1,30,,32482,51,,,1,70,,32483,51,,,1,30,,32484,51,,,1,70,,32485,51,,,1,30,,32486,51,,,1,70,,32487,51,,,1,30,,32488,51,,,1,100,,32489,51,,,1
100,'1-Sunday-10000001',847,,32490,51,,,1,100,,32491,51,,,1,72,,32492,51,,,1,31,,32493,51,,,1,70,,32494,51,,,1,30,,32495,51,,,1,70,,32496,51,,,1,30,,32497,51,,,1,70,,32498,51,,,1,30,,32499,51,,,1,70,,32500,51,,,1,30,,32501,51,,,1,70,,32502,51,,,1,30,,32503,51,,,1,70,,32504,51,,,1,30,,32505,51,,,1,70,,32506,51,,,1,30,,32507,51,,,1,68,,32508,51,,,1,29,,32509,51,,,1,100,,32510,51,,,1,100,,32511,51,,,1,100,,32512,51,,,1,100,,32513,51,,,1,100,,32514,51,,,1,100,,32515,51,,,1
100,'1-Weekday-11111100',618,,32552,51,,,1,30,,32549,51,,,1,69,,32550,51,,,1,17,,32553,51,,,1,18,,32516,51,,,1,70,,32517,51,,,1,30,,32518,51,,,1,70,,32519,51,,,1,30,,32520,51,,,1,70,,32521,51,,,1,30,,32530,51,,,1,70,,32531,51,,,1,30,,32532,51,,,1,70,,32533,51,,,1,30,,32534,51,,,1,70,,32535,51,,,1,30,,32536,51,,,1,70,,32537,51,,,1,32,,32538,51,,,1,70,,32522,51,,,1,30,,32523,51,,,1,70,,32524,51,,,1,30,,32525,51,,,1,70,,32526,51,,,1,30,,32527,51,,,1,67,,32528,51,,,1,28,,32529,51,,,1,70,,32539,51,,,1,30,,32540,51,,,1,70,,32541,51,,,1,30,,32542,51,,,1,70,,32543,51,,,1,30,,32544,51,,,1,67,,32545,51,,,1,28,,32546,51,,,1,70,,32547,51,,,1,30,,32548,51,,,1,100,,32551,51,,,1
801,'8-Holiday1-10000001',744,,34178,20,,,1,69,,34177,34,,,1,31,,34145,34,,,1,70,,34146,34,,,1,30,,34147,34,,,1,72,,34148,34,,,1,35,,34149,34,,,1,70,,34150,34,,,1,30,,34151,34,,,1,70,,34152,34,,,1,30,,34153,34,,,1,70,,34154,34,,,1,30,,34155,34,,,1,70,,34156,34,,,1,30,,34157,34,,,1,70,,34158,34,,,1,30,,34159,34,,,1,70,,34160,34,,,1,30,,34161,34,,,1,70,,34162,34,,,1,30,,34163,34,,,1,67,,34164,34,,,1,26,,34165,34,,,1,70,,34166,34,,,1,30,,34167,34,,,1,70,,34168,34,,,1,30,,34169,34,,,1,70,,34170,34,,,1,30,,34171,34,,,1,70,,34172,34,,,1,30,,34173,34,,,1,70,,34174,34,,,1,30,,34175,34,,,1,70,,34176,34,,,1
801,'8-Saturday-10000010',645,,34213,34,,,1,70,,34214,34,,,1,29,,34179,34,,,1,70,,34180,34,,,1,30,,34181,34,,,1,72,,34182,34,,,1,34,,34183,34,,,1,71,,34184,34,,,1,30,,34185,34,,,1,70,,34186,34,,,1,30,,34187,34,,,1,70,,34188,34,,,1,30,,34189,34,,,1,70,,34190,34,,,1,30,,34191,34,,,1,70,,34192,34,,,1,30,,34193,34,,,1,70,,34194,34,,,1,30,,34195,34,,,1,70,,34196,34,,,1,30,,34197,34,,,1,70,,34198,34,,,1,30,,34199,34,,,1,67,,34200,34,,,1,28,,34201,34,,,1,70,,34202,34,,,1,30,,34203,34,,,1,70,,34204,34,,,1,30,,34205,34,,,1,70,,34206,34,,,1,30,,34207,34,,,1,70,,34208,34,,,1,28,,34209,34,,,1,70,,34210,34,,,1,30,,34211,34,,,1,70,,34212,34,,,1
801,'8-Sunday-10000001',744,,34248,34,,,1,69,,34247,34,,,1,31,,34215,34,,,1,70,,34216,34,,,1,30,,34217,34,,,1,72,,34218,34,,,1,35,,34219,34,,,1,70,,34220,34,,,1,30,,34221,34,,,1,70,,34222,34,,,1,30,,34223,34,,,1,70,,34224,34,,,1,30,,34225,34,,,1,70,,34226,34,,,1,30,,34227,34,,,1,70,,34228,34,,,1,30,,34229,34,,,1,70,,34230,34,,,1,30,,34231,34,,,1,70,,34232,34,,,1,30,,34233,34,,,1,67,,34234,34,,,1,26,,34235,34,,,1,70,,34236,34,,,1,30,,34237,34,,,1,70,,34238,34,,,1,30,,34239,34,,,1,70,,34240,34,,,1,30,,34241,34,,,1,70,,34242,34,,,1,30,,34243,34,,,1,70,,34244,34,,,1,30,,34245,34,,,1,70,,34246,34,,,1
801,'8-Weekday-11111100',555,,34301,20,,,1,70,,34300,34,,,1,20,,34249,34,,,1,10,,34297,20,,,1,59,,34250,34,,,1,18,,34251,34,,,1,4,,34252,34,,,1,13,,34253,34,,,1,58,,34254,34,,,1,15,,34255,34,,,1,15,,34256,34,,,1,15,,34257,34,,,1,55,,34258,34,,,1,15,,34259,34,,,1,15,,34260,34,,,1,17,,34261,34,,,1,55,,34262,34,,,1,14,,34302,34,,,1,14,,34263,34,,,1,14,,34264,34,,,1,55,,34304,34,,,1,15,,34265,34,,,1,15,,34305,34,,,1,15,,34266,34,,,1,55,,34306,34,,,1,15,,34267,34,,,1,15,,34307,34,,,1,15,,34268,34,,,1,55,,34308,34,,,1,15,,34269,34,,,1,15,,34309,34,,,1,15,,34270,34,,,1,55,,34310,34,,,1,15,,34271,34,,,1,16,,34311,34,,,1,1,,34318,13,,,1,4,,34319,13,,,1,10,,34272,34,,,1,57,,34273,34,,,1,15,,34298,34,,,1,16,,34274,34,,,1,17,,34299,34,,,1,55,,34275,34,,,1,15,,34276,34,,,1,15,,34277,34,,,1,15,,34278,34,,,1,55,,34279,34,,,1,15,,34280,34,,,1,15,,34281,34,,,1,15,,34282,34,,,1,53,,34283,34,,,1,13,,34284,34,,,1,14,,34285,34,,,1,14,,34303,34,,,1,54,,34312,34,,,1,14,,34286,34,,,1,15,,34313,34,,,1,15,,34287,34,,,1,55,,34314,34,,,1,15,,34288,34,,,1,15,,34315,34,,,1,15,,34289,34,,,1,55,,34316,34,,,1,15,,34290,34,,,1,15,,34317,34,,,1,15,,34291,34,,,1,69,,34292,34,,,1,28,,34293,34,,,1,66,,34294,34,,,1,30,,34295,34,,,1,70,,34296,34,,,1
2301,'23-Saturday-10000010',735,,36731,25,,,1,70,,36732,25,,,1,30,,36733,25,,,1,70,,36734,25,,,1,31,,36735,25,,,1,70,,36736,25,,,1,30,,36737,25,,,1,70,,36738,25,,,1,30,,36739,25,,,1,70,,36740,25,,,1,30,,36741,25,,,1,70,,36742,25,,,1,30,,36743,25,,,1,70,,36744,25,,,1,30,,36745,25,,,1,70,,36746,25,,,1,30,,36747,25,,,1,70,,36748,25,,,1,30,,36749,25,,,1,70,,36750,25,,,1,30,,36751,25,,,1,70,,36752,25,,,1,29,,36753,25,,,1,70,,36754,25,,,1,30,,36755,25,,,1,70,,36759,25,,,1,30,,36756,25,,,1,70,,36757,25,,,1,30,,36758,25,,,1
2301,'23-Sunday-10000001',804,,36764,25,,,1,30,,36765,25,,,1,70,,36766,25,,,1,31,,36767,25,,,1,70,,36768,25,,,1,30,,36769,25,,,1,70,,36770,25,,,1,30,,36771,25,,,1,70,,36772,25,,,1,30,,36762,25,,,1,70,,36773,25,,,1,30,,36774,25,,,1,70,,36775,25,,,1,30,,36776,25,,,1,70,,36777,25,,,1,30,,36778,25,,,1,70,,36779,25,,,1,30,,36780,25,,,1,70,,36781,25,,,1,30,,36782,25,,,1,70,,36783,25,,,1,30,,36784,25,,,1,70,,36785,25,,,1,30,,36786,25,,,1,70,,36787,25,,,1,30,,36761,25,,,1,70,,36763,25,,,1,30,,36760,25,,,1
2301,'23-Weekday-11111100',550,,36821,25,,,1,85,,36820,25,,,1,71,,36819,25,,,1,31,,36818,25,,,1,70,,36817,25,,,1,30,,36816,25,,,1,70,,36815,25,,,1,31,,36814,25,,,1,69,,36813,25,,,1,30,,36812,25,,,1,70,,36811,25,,,1,30,,36810,25,,,1,70,,36809,25,,,1,30,,36808,25,,,1,70,,36807,25,,,1,30,,36806,25,,,1,70,,36805,25,,,1,30,,36804,25,,,1,72,,36803,25,,,1,30,,36802,25,,,1,70,,36801,25,,,1,30,,36800,25,,,1,70,,36799,25,,,1,30,,36798,25,,,1,68,,36797,25,,,1,28,,36796,25,,,1,70,,36795,25,,,1,30,,36794,25,,,1,70,,36793,25,,,1,30,,36792,25,,,1,70,,36791,25,,,1,30,,36790,25,,,1,69,,36788,25,,,1,29,,36789,25,,,1
2701,'27-Holiday1-10000001',753,,36973,12,,,1,70,,36974,12,,,1,30,,36975,12,,,1,70,,36976,12,,,1,30,,36977,12,,,1,70,,36978,12,,,1,30,,36979,12,,,1,70,,36980,12,,,1,30,,36981,12,,,1,70,,36982,12,,,1,30,,36983,12,,,1,70,,36984,12,,,1,30,,36985,12,,,1,70,,36986,12,,,1,30,,36987,12,,,1,70,,36988,12,,,1,30,,36989,12,,,1,70,,36990,12,,,1,30,,36991,12,,,1,70,,36992,12,,,1,30,,36993,12,,,1,70,,36994,12,,,1,30,,36995,12,,,1,70,,36996,12,,,1,30,,36997,12,,,1,70,,36998,12,,,1,30,,36999,12,,,1,70,,37000,12,,,1,30,,37001,12,,,1,70,,36971,12,,,1,30,,36972,12,,,1
2701,'27-Saturday-10000010',658,,37031,12,,,1,75,,37002,12,,,1,75,,37026,12,,,1,35,,37003,12,,,1,76,,37004,12,,,1,36,,37005,12,,,1,75,,37006,12,,,1,75,,37007,12,,,1,35,,37008,12,,,1,75,,37009,12,,,1,35,,37010,12,,,1,75,,37011,12,,,1,75,,37012,12,,,1,35,,37013,12,,,1,75,,37014,12,,,1,35,,37015,12,,,1,75,,37016,12,,,1,35,,37017,12,,,1,75,,37018,12,,,1,74,,37019,12,,,1,34,,37020,12,,,1,75,,37021,12,,,1,35,,37022,12,,,1,75,,37023,12,,,1,35,,37024,12,,,1,75,,37025,12,,,1,75,,37027,12,,,1,35,,37028,12,,,1,75,,37029,12,,,1,35,,37030,12,,,1
2701,'27-Sunday-10000001',733,,37032,12,,,1,75,,37033,12,,,1,35,,37034,12,,,1,75,,37035,12,,,1,35,,37036,12,,,1,75,,37037,12,,,1,75,,37038,12,,,1,35,,37039,12,,,1,75,,37040,12,,,1,35,,37041,12,,,1,75,,37042,12,,,1,35,,37043,12,,,1,75,,37044,12,,,1,75,,37045,12,,,1,35,,37046,12,,,1,75,,37047,12,,,1,35,,37048,12,,,1,75,,37049,12,,,1,75,,37050,12,,,1,35,,37051,12,,,1,75,,37052,12,,,1,35,,37053,12,,,1,75,,37054,12,,,1,35,,37055,12,,,1,75,,37056,12,,,1,75,,37057,12,,,1,35,,37058,12,,,1,75,,37059,12,,,1
2701,'27-Weekday-11111100',553,,37087,12,,,1,70,,37060,12,,,1,35,,37061,12,,,1,78,,37062,12,,,1,75,,37063,12,,,1,35,,37064,12,,,1,75,,37065,12,,,1,34,,37066,12,,,1,75,,37067,12,,,1,75,,37068,12,,,1,35,,37069,12,,,1,75,,37070,12,,,1,35,,37071,12,,,1,75,,37072,12,,,1,75,,37073,12,,,1,34,,37074,12,,,1,76,,37075,12,,,1,35,,37076,12,,,1,75,,37077,12,,,1,35,,37078,12,,,1,75,,37079,12,,,1,76,,37080,12,,,1,34,,37081,12,,,1,75,,37082,12,,,1,35,,37083,12,,,1,75,,37084,12,,,1,75,,37085,12,,,1,35,,37086,12,,,1,74,,37088,12,,,1,35,,37089,12,,,1,75,,37090,12,,,1,35,,37091,12,,,1
