600,'6-Holiday1-10000001',806,,33234,23,,,1,100,,33235,23,,,1,100,,33236,23,,,1,100,,33237,23,,,1,100,,33238,23,,,1,100,,33239,23,,,1,100,,33240,23,,,1,100,,33241,23,,,1,100,,33242,23,,,1,100,,33243,23,,,1,100,,33244,23,,,1,100,,33245,23,,,1,100,,33246,23,,,1,100,,33247,23,,,1,100,,33248,23,,,1,100,,33249,23,,,1,100,,33250,23,,,1
600,'6-Saturday-10000010',547,,33251,8,,,1,89,,33252,23,,,1,70,,33253,23,,,1,30,,33254,23,,,1,70,,33255,23,,,1,30,,33256,23,,,1,71,,33257,23,,,1,32,,33258,23,,,1,70,,33259,23,,,1,30,,33260,23,,,1,70,,33261,23,,,1,30,,33262,23,,,1,70,,33263,23,,,1,30,,33264,23,,,1,70,,33265,23,,,1,30,,33266,23,,,1,70,,33267,23,,,1,30,,33268,23,,,1,70,,33269,23,,,1,30,,33270,23,,,1,70,,33271,23,,,1,30,,33272,23,,,1,70,,33273,23,,,1,30,,33274,23,,,1,69,,33275,23,,,1,28,,33276,23,,,1,70,,33277,23,,,1,30,,33278,23,,,1,70,,33279,23,,,1,30,,33280,23,,,1,70,,33281,23,,,1,30,,33282,23,,,1,70,,33283,23,,,1,30,,33284,23,,,1,70,,33285,23,,,1,30,,33286,23,,,1,70,,33287,23,,,1,30,,33288,23,,,1
600,'6-Sunday-10000001',806,,33289,23,,,1,30,,33290,23,,,1,70,,33291,23,,,1,30,,33292,23,,,1,70,,33293,23,,,1,30,,33294,23,,,1,70,,33295,23,,,1,30,,33296,23,,,1,70,,33297,23,,,1,30,,33298,23,,,1,70,,33299,23,,,1,30,,33300,23,,,1,70,,33301,23,,,1,30,,33302,23,,,1,70,,33303,23,,,1,30,,33304,23,,,1,70,,33305,23,,,1,30,,33306,23,,,1,70,,33307,23,,,1,30,,33308,23,,,1,70,,33309,23,,,1,30,,33310,23,,,1,70,,33311,23,,,1,30,,33312,23,,,1,70,,33313,23,,,1,30,,33314,23,,,1,70,,33315,23,,,1,30,,33316,23,,,1,70,,33317,23,,,1,30,,33318,23,,,1,70,,33319,23,,,1,30,,33320,23,,,1,70,,33321,23,,,1
600,'6-Weekday-11111100',537,,33359,5,,,1,70,,33357,23,,,1,30,,33322,23,,,1,71,,33323,23,,,1,32,,33324,23,,,1,70,,33325,23,,,1,30,,33326,23,,,1,70,,33327,23,,,1,30,,33328,23,,,1,69,,33329,23,,,1,30,,33330,23,,,1,70,,33331,23,,,1,30,,33332,23,,,1,70,,33333,23,,,1,30,,33334,23,,,1,70,,33335,23,,,1,30,,33336,23,,,1,70,,33337,23,,,1,32,,33338,23,,,1,71,,33339,23,,,1,30,,33340,23,,,1,70,,33341,23,,,1,30,,33342,23,,,1,70,,33343,23,,,1,30,,33344,23,,,1,68,,33345,23,,,1,28,,33346,23,,,1,70,,33347,23,,,1,30,,33348,23,,,1,70,,33349,23,,,1,30,,33350,23,,,1,70,,33351,23,,,1,30,,33352,23,,,1,69,,33353,23,,,1,31,,33354,23,,,1,70,,33355,23,,,1,30,,33356,23,,,1,70,,33358,23,,,1
800,'8-Holiday1-10000001',753,,34002,23,,,1,70,,33969,23,,,1,30,,33970,23,,,1,70,,33971,23,,,1,30,,33972,23,,,1,71,,33973,23,,,1,30,,33974,23,,,1,70,,33975,23,,,1,30,,33976,23,,,1,70,,33977,23,,,1,30,,33978,23,,,1,70,,33979,23,,,1,30,,33980,23,,,1,70,,33981,23,,,1,30,,33982,23,,,1,70,,33983,23,,,1,30,,33984,23,,,1,70,,33985,23,,,1,30,,33986,23,,,1,70,,33987,23,,,1,30,,33988,23,,,1,69,,33989,23,,,1,30,,33990,23,,,1,70,,33991,23,,,1,30,,33992,23,,,1,70,,33993,23,,,1,30,,33994,23,,,1,70,,33995,23,,,1,30,,33996,23,,,1,70,,33997,23,,,1,30,,33998,23,,,1,70,,33999,23,,,1,30,,34000,23,,,1,70,,34001,23,,,1
800,'8-Saturday-10000010',653,,34003,23,,,1,70,,34004,23,,,1,30,,34005,23,,,1,70,,34006,23,,,1,30,,34007,23,,,1,72,,34008,23,,,1,30,,34009,23,,,1,70,,34010,23,,,1,30,,34011,23,,,1,70,,34012,23,,,1,30,,34013,23,,,1,70,,34014,23,,,1,30,,34015,23,,,1,70,,34016,23,,,1,30,,34017,23,,,1,70,,34018,23,,,1,30,,34019,23,,,1,70,,34020,23,,,1,30,,34021,23,,,1,70,,34022,23,,,1,30,,34023,23,,,1,70,,34024,23,,,1,30,,34025,23,,,1,68,,34026,23,,,1,30,,34027,23,,,1,70,,34028,23,,,1,30,,34029,23,,,1,70,,34030,23,,,1,30,,34031,23,,,1,70,,34032,23,,,1,30,,34033,23,,,1,70,,34034,23,,,1,30,,34035,23,,,1,70,,34036,23,,,1,30,,34037,23,,,1,70,,34038,23,,,1
800,'8-Sunday-10000001',723,,34073,23,,,1,30,,34072,23,,,1,70,,34039,23,,,1,30,,34040,23,,,1,70,,34041,23,,,1,30,,34042,23,,,1,71,,34043,23,,,1,30,,34044,23,,,1,70,,34045,23,,,1,30,,34046,23,,,1,70,,34047,23,,,1,30,,34048,23,,,1,70,,34049,23,,,1,30,,34050,23,,,1,70,,34051,23,,,1,30,,34052,23,,,1,70,,34053,23,,,1,30,,34054,23,,,1,70,,34055,23,,,1,30,,34056,23,,,1,70,,34057,23,,,1,30,,34058,23,,,1,69,,34059,23,,,1,30,,34060,23,,,1,70,,34061,23,,,1,30,,34062,23,,,1,70,,34063,23,,,1,30,,34064,23,,,1,70,,34065,23,,,1,30,,34066,23,,,1,70,,34067,23,,,1,30,,34068,23,,,1,70,,34069,23,,,1,30,,34070,23,,,1,70,,34071,23,,,1
800,'8-Weekday-11111100',554,,34124,9,,,1,70,,34074,23,,,1,30,,34075,23,,,1,62,,34123,23,,,1,10,,34144,9,,,1,5,,34076,23,,,1,15,,34077,23,,,1,55,,34078,23,,,1,15,,34079,23,,,1,15,,34080,23,,,1,15,,34081,23,,,1,55,,34082,23,,,1,15,,34083,23,,,1,15,,34084,23,,,1,15,,34085,23,,,1,55,,34086,23,,,1,15,,34134,23,,,1,15,,34087,23,,,1,15,,34126,23,,,1,55,,34088,23,,,1,15,,34127,23,,,1,15,,34089,23,,,1,15,,34128,23,,,1,55,,34090,23,,,1,15,,34129,23,,,1,15,,34091,23,,,1,15,,34130,23,,,1,55,,34092,23,,,1,15,,34131,23,,,1,15,,34093,23,,,1,15,,34132,23,,,1,55,,34094,23,,,1,15,,34133,23,,,1,15,,34095,23,,,1,16,,34125,23,,,1,56,,34096,23,,,1,15,,34097,23,,,1,15,,34098,23,,,1,15,,34099,23,,,1,55,,34100,23,,,1,15,,34101,23,,,1,15,,34102,23,,,1,15,,34103,23,,,1,55,,34104,23,,,1,15,,34105,23,,,1,15,,34106,23,,,1,15,,34107,23,,,1,55,,34108,23,,,1,13,,34109,23,,,1,19,,34110,23,,,1,20,,34111,23,,,1,55,,34137,23,,,1,15,,34112,23,,,1,15,,34138,23,,,1,15,,34113,23,,,1,55,,34139,23,,,1,15,,34114,23,,,1,15,,34140,23,,,1,15,,34115,23,,,1,55,,34136,23,,,1,15,,34116,23,,,1,15,,34141,23,,,1,15,,34117,23,,,1,54,,34142,23,,,1,14,,34118,23,,,1,30,,34119,23,,,1,70,,34120,23,,,1,30,,34121,23,,,1,70,,34122,23,,,1,30,,34135,23,,,1
3400,'34-Weekday-11111100',638,,37962,2,,,1,70,,37973,2,,,1,30,,37965,2,,,1,70,,37964,2,,,1,30,,37963,2,,,1,599,,37966,2,,,1,70,,37971,2,,,1,30,,37970,2,,,1,70,,37969,2,,,1,30,,37968,2,,,1,70,,37967,2,,,1,525,,37972,2,,,1
20400,'204-Holiday1-10000001',742,,41627,18,,,1,70,,41628,18,,,1,30,,41629,18,,,1,70,,41630,18,,,1,30,,41631,18,,,1,70,,41632,18,,,1,30,,41633,18,,,1,70,,41634,18,,,1,30,,41635,18,,,1,70,,41626,18,,,1,30,,41636,18,,,1,70,,41637,18,,,1,30,,41638,18,,,1,70,,41639,18,,,1,30,,41640,18,,,1,70,,41641,18,,,1,30,,41642,18,,,1,70,,41643,18,,,1,30,,41644,18,,,1,70,,41645,18,,,1,30,,41646,18,,,1,70,,41647,18,,,1,30,,41648,18,,,1,70,,41649,18,,,1,30,,41650,18,,,1,70,,41651,18,,,1,30,,41652,18,,,1,70,,41653,18,,,1,30,,41654,18,,,1,70,,41655,18,,,1,30,,41656,18,,,1,70,,41657,18,,,1,30,,41658,18,,,1,70,,41659,18,,,1
20400,'204-Saturday-10000010',640,,41660,18,,,1,70,,41661,18,,,1,30,,41662,18,,,1,70,,41663,18,,,1,30,,41664,18,,,1,71,,41665,18,,,1,31,,41666,18,,,1,70,,41667,18,,,1,30,,41668,18,,,1,70,,41669,18,,,1,30,,41670,18,,,1,70,,41671,18,,,1,30,,41672,18,,,1,70,,41673,18,,,1,30,,41674,18,,,1,70,,41675,18,,,1,30,,41676,18,,,1,70,,41677,18,,,1,30,,41678,18,,,1,70,,41679,18,,,1,30,,41680,18,,,1,70,,41681,18,,,1,30,,41682,18,,,1,70,,41683,18,,,1,29,,41684,18,,,1,70,,41685,18,,,1,30,,41686,18,,,1,70,,41687,18,,,1,30,,41688,18,,,1,70,,41689,18,,,1,30,,41690,18,,,1,70,,41691,18,,,1,30,,41692,18,,,1,70,,41693,18,,,1,30,,41694,18,,,1,70,,41695,18,,,1
20400,'204-Sunday-10000001',741,,41697,18,,,1,70,,41698,18,,,1,30,,41699,18,,,1,70,,41700,18,,,1,30,,41701,18,,,1,70,,41702,18,,,1,31,,41703,18,,,1,70,,41704,18,,,1,30,,41705,18,,,1,70,,41696,18,,,1,30,,41706,18,,,1,70,,41707,18,,,1,30,,41708,18,,,1,70,,41709,18,,,1,30,,41710,18,,,1,70,,41711,18,,,1,30,,41712,18,,,1,70,,41713,18,,,1,30,,41714,18,,,1,70,,41715,18,,,1,30,,41716,18,,,1,69,,41717,18,,,1,29,,41718,18,,,1,70,,41719,18,,,1,30,,41720,18,,,1,70,,41721,18,,,1,30,,41722,18,,,1,70,,41723,18,,,1,30,,41724,18,,,1,70,,41725,18,,,1,30,,41726,18,,,1,70,,41727,18,,,1,30,,41728,18,,,1,70,,41729,18,,,1
20400,'204-Weekday-11111100',611,,41788,18,,,1,30,,41730,18,,,1,71,,41731,18,,,1,18,,41732,18,,,1,15,,41733,18,,,1,55,,41734,18,,,1,15,,41735,18,,,1,15,,41736,18,,,1,15,,41737,18,,,1,55,,41738,18,,,1,15,,41739,18,,,1,15,,41740,18,,,1,14,,41741,18,,,1,14,,41742,18,,,1,55,,41743,18,,,1,15,,41744,18,,,1,15,,41745,18,,,1,15,,41746,18,,,1,55,,41747,18,,,1,15,,41748,18,,,1,15,,41749,18,,,1,15,,41750,18,,,1,55,,41751,18,,,1,15,,41752,18,,,1,15,,41753,18,,,1,15,,41754,18,,,1,55,,41755,18,,,1,15,,41756,18,,,1,15,,41757,18,,,1,15,,41758,18,,,1,55,,41759,18,,,1,15,,41760,18,,,1,16,,41761,18,,,1,56,,41762,18,,,1,15,,41763,18,,,1,15,,41764,18,,,1,15,,41765,18,,,1,55,,41766,18,,,1,15,,41767,18,,,1,15,,41768,18,,,1,15,,41769,18,,,1,55,,41770,18,,,1,15,,41771,18,,,1,15,,41772,18,,,1,15,,41773,18,,,1,55,,41774,18,,,1,14,,41775,18,,,1,14,,41789,18,,,1,15,,41776,18,,,1,70,,41777,18,,,1,30,,41778,18,,,1,70,,41779,18,,,1,30,,41780,18,,,1,70,,41781,18,,,1,30,,41782,18,,,1,70,,41783,18,,,1,28,,41784,18,,,1,70,,41785,18,,,1,30,,41786,18,,,1,70,,41787,18,,,1
