1200,'12-Holiday1-10000001',739,,34879,23,,,1,71,,34880,43,,,1,30,,34847,43,,,1,70,,34848,43,,,1,30,,34849,43,,,1,72,,34850,43,,,1,30,,34851,43,,,1,70,,34852,43,,,1,30,,34853,43,,,1,70,,34854,43,,,1,30,,34855,43,,,1,70,,34856,43,,,1,30,,34857,43,,,1,70,,34858,43,,,1,30,,34859,43,,,1,70,,34860,43,,,1,30,,34861,43,,,1,70,,34862,43,,,1,30,,34863,43,,,1,70,,34864,43,,,1,30,,34865,43,,,1,68,,34866,43,,,1,30,,34867,43,,,1,70,,34868,43,,,1,30,,34869,43,,,1,70,,34870,43,,,1,30,,34871,43,,,1,70,,34872,43,,,1,30,,34873,43,,,1,70,,34874,43,,,1,30,,34875,43,,,1,70,,34876,43,,,1,30,,34877,43,,,1,70,,34878,43,,,1
1200,'12-Saturday-10000010',641,,34916,23,,,1,69,,34917,43,,,1,30,,34881,43,,,1,70,,34882,43,,,1,30,,34883,43,,,1,72,,34884,43,,,1,30,,34885,43,,,1,70,,34886,43,,,1,30,,34887,43,,,1,70,,34888,43,,,1,30,,34889,43,,,1,70,,34890,43,,,1,30,,34891,43,,,1,70,,34892,43,,,1,30,,34893,43,,,1,70,,34894,43,,,1,30,,34895,43,,,1,70,,34896,43,,,1,30,,34897,43,,,1,70,,34898,43,,,1,30,,34899,43,,,1,70,,34900,43,,,1,30,,34901,43,,,1,70,,34902,43,,,1,30,,34903,43,,,1,70,,34904,43,,,1,30,,34905,43,,,1,70,,34906,43,,,1,30,,34907,43,,,1,70,,34908,43,,,1,30,,34909,43,,,1,68,,34910,43,,,1,30,,34911,43,,,1,70,,34912,43,,,1,30,,34913,43,,,1,70,,34914,43,,,1,30,,34915,43,,,1
1200,'12-Sunday-10000001',710,,34952,23,,,1,29,,34950,23,,,1,71,,34951,43,,,1,30,,34918,43,,,1,70,,34919,43,,,1,30,,34920,43,,,1,72,,34921,43,,,1,30,,34922,43,,,1,70,,34923,43,,,1,30,,34924,43,,,1,70,,34925,43,,,1,30,,34926,43,,,1,70,,34927,43,,,1,30,,34928,43,,,1,70,,34929,43,,,1,30,,34930,43,,,1,70,,34931,43,,,1,30,,34932,43,,,1,70,,34933,43,,,1,30,,34934,43,,,1,70,,34935,43,,,1,30,,34936,43,,,1,68,,34937,43,,,1,30,,34938,43,,,1,70,,34939,43,,,1,30,,34940,43,,,1,70,,34941,43,,,1,30,,34942,43,,,1,70,,34943,43,,,1,30,,34944,43,,,1,70,,34945,43,,,1,30,,34946,43,,,1,70,,34947,43,,,1,30,,34948,43,,,1,70,,34949,43,,,1
1200,'12-Weekday-11111100',551,,35005,23,,,1,60,,35001,23,,,1,28,,34953,43,,,1,17,,35002,23,,,1,56,,34954,43,,,1,18,,35000,23,,,1,15,,34955,43,,,1,55,,34956,43,,,1,15,,34957,43,,,1,15,,34958,43,,,1,15,,34959,43,,,1,55,,34960,43,,,1,15,,34961,43,,,1,15,,34962,43,,,1,14,,34963,43,,,1,14,,35004,43,,,1,54,,34964,43,,,1,15,,35009,43,,,1,15,,34965,43,,,1,15,,35008,43,,,1,55,,34966,43,,,1,15,,35015,43,,,1,15,,34967,43,,,1,15,,35014,43,,,1,55,,34968,43,,,1,15,,35013,43,,,1,15,,34969,43,,,1,15,,35012,43,,,1,55,,34970,43,,,1,15,,35011,43,,,1,15,,34971,43,,,1,15,,35010,43,,,1,55,,34972,43,,,1,15,,35007,43,,,1,15,,34973,43,,,1,16,,35006,43,,,1,57,,35003,43,,,1,15,,34974,43,,,1,15,,34975,43,,,1,55,,34976,43,,,1,15,,34977,43,,,1,15,,34978,43,,,1,15,,34979,43,,,1,55,,34980,43,,,1,15,,34981,43,,,1,15,,34982,43,,,1,15,,34983,43,,,1,55,,34984,43,,,1,15,,34985,43,,,1,14,,34999,43,,,1,14,,34986,43,,,1,15,,35016,43,,,1,55,,34987,43,,,1,15,,35017,43,,,1,15,,34988,43,,,1,15,,35018,43,,,1,55,,34989,43,,,1,15,,35019,43,,,1,15,,34990,43,,,1,15,,35020,43,,,1,55,,34991,43,,,1,15,,35021,43,,,1,15,,34992,43,,,1,15,,35022,43,,,1,53,,34993,43,,,1,12,,35023,43,,,1,14,,34994,43,,,1,70,,34995,43,,,1,30,,34996,43,,,1,70,,34997,43,,,1,30,,34998,43,,,1
1900,'19-Holiday1-10000001',830,,35788,3,0,25 26 27,1,100,,35789,3,0,25 26 27,1,103,,35790,3,0,25 26 27,1,100,,35791,3,0,25 26 27,1,100,,35792,3,0,25 26 27,1,100,,35793,3,0,25 26 27,1,100,,35794,3,0,25 26 27,1,100,,35795,3,0,25 26 27,1,100,,35796,3,0,25 26 27,1,100,,35797,3,0,28 7,1,97,,35798,3,0,28 7,1,100,,35799,3,0,28 7,1,100,,35800,3,0,28 7,1,100,,35801,3,0,28 7,1,100,,35802,3,0,28 7,1,100,,35803,3,0,28 7,1
1900,'19-Saturday-10000010',632,,35839,3,0,25 26 27,1,70,,35805,3,0,28 7,1,30,,35806,3,0,25 26 27,1,70,,35807,3,0,28 7,1,30,,35808,3,0,25 26 27,1,70,,35804,3,0,28 7,1,31,,35809,3,0,25 26 27,1,70,,35810,3,0,28 7,1,30,,35811,3,0,25 26 27,1,70,,35812,3,0,28 7,1,30,,35813,3,0,25 26 27,1,70,,35814,3,0,28 7,1,30,,35815,3,0,25 26 27,1,70,,35816,3,0,28 7,1,30,,35817,3,0,25 26 27,1,70,,35818,3,0,28 7,1,30,,35819,3,0,25 26 27,1,70,,35820,3,0,28 7,1,30,,35821,3,0,25 26 27,1,70,,35822,3,0,28 7,1,30,,35823,3,0,25 26 27,1,70,,35824,3,0,28 7,1,30,,35825,3,0,28 7,1,70,,35826,3,0,25 26 27,1,29,,35827,3,0,28 7,1,70,,35828,3,0,25 26 27,1,30,,35829,3,0,28 7,1,70,,35830,3,0,25 26 27,1,30,,35831,3,0,28 7,1,70,,35832,3,0,25 26 27,1,30,,35833,3,0,28 7,1,70,,35834,3,0,25 26 27,1,30,,35835,3,0,28 7,1,70,,35836,3,0,25 26 27,1,30,,35837,3,0,28 7,1,70,,35838,3,0,25 26 27,1
1900,'19-Sunday-10000001',800,,35841,3,0,28 7,1,30,,35842,3,0,25 26 27,1,70,,35843,3,0,28 7,1,30,,35844,3,0,25 26 27,1,70,,35845,3,0,28 7,1,33,,35846,3,0,25 26 27,1,70,,35847,3,0,28 7,1,30,,35848,3,0,25 26 27,1,70,,35840,3,0,28 7,1,30,,35849,3,0,25 26 27,1,70,,35850,3,0,28 7,1,30,,35851,3,0,25 26 27,1,70,,35852,3,0,28 7,1,30,,35853,3,0,25 26 27,1,70,,35854,3,0,28 7,1,30,,35855,3,0,25 26 27,1,70,,35856,3,0,28 7,1,30,,35857,3,0,25 26 27,1,70,,35858,3,0,28 7,1,30,,35859,3,0,28 7,1,69,,35860,3,0,25 26 27,1,28,,35861,3,0,28 7,1,70,,35862,3,0,25 26 27,1,30,,35863,3,0,28 7,1,70,,35864,3,0,25 26 27,1,30,,35865,3,0,28 7,1,70,,35866,3,0,25 26 27,1,30,,35867,3,0,28 7,1,70,,35868,3,0,25 26 27,1,30,,35869,3,0,28 7,1,70,,35870,3,0,25 26 27,1,30,,35871,3,0,28 7,1
1900,'19-Weekday-21111100',544,,35872,3,0,28 7,1,14,,35874,3,0,25 26 27,1,70,,35873,3,0,28 7,1,30,,35902,3,0,25 26 27,1,78,,35907,3,0,28 7,1,70,,35901,3,0,25 26 27,1,30,,35906,3,0,28 7,1,70,,35900,3,0,25 26 27,1,30,,35905,3,0,28 7,1,68,,35903,3,0,25 26 27,1,30,,35875,3,0,28 7,1,70,,35876,3,0,25 26 27,1,30,,35877,3,0,28 7,1,70,,35878,3,0,25 26 27,1,30,,35879,3,0,28 7,1,70,,35880,3,0,25 26 27,1,30,,35881,3,0,28 7,1,70,,35882,3,0,25 26 27,1,31,,35883,3,0,28 7,1,15,,35909,3,0,37,1,56,,35885,3,0,28 7,1,14,,35910,3,0,37,1,16,,35884,3,0,25 26 27,1,14,,35911,3,0,37,1,56,,35904,3,0,28 7,1,14,,35912,3,0,37,1,16,,35898,3,0,25 26 27,1,14,,35913,3,0,37,1,56,,35899,3,0,28 7,1,30,,35908,3,0,25 26 27,1,70,,35886,3,0,28 7,1,27,,35887,3,0,25 26 27,1,70,,35888,3,0,28 7,1,30,,35889,3,0,25 26 27,1,70,,35890,3,0,28 7,1,30,,35891,3,0,25 26 27,1,70,,35892,3,0,28 7,1,30,,35893,3,0,25 26 27,1,69,,35894,3,0,28 7,1,25,,35895,3,0,25 26 27,1,30,,35896,3,0,28 7,1,70,,35897,3,0,28 7,1
2900,'29-Saturday-10000010',713,,37289,23,,,1,30,,37290,23,,,1,70,,37291,23,,,1,30,,37292,23,,,1,71,,37293,23,,,1,30,,37294,23,,,1,70,,37295,23,,,1,30,,37296,23,,,1,70,,37297,23,,,1,30,,37298,23,,,1,70,,37299,23,,,1,30,,37300,23,,,1,70,,37301,23,,,1,30,,37302,23,,,1,70,,37303,23,,,1,30,,37304,23,,,1,70,,37305,23,,,1,30,,37306,23,,,1,70,,37307,23,,,1,30,,37308,23,,,1,70,,37309,23,,,1,30,,37310,23,,,1,70,,37311,23,,,1,30,,37312,23,,,1,70,,37313,23,,,1,30,,37314,23,,,1,70,,37315,23,,,1,30,,37316,23,,,1,70,,37317,23,,,1,30,,37318,23,,,1,70,,37319,23,,,1,30,,37320,23,,,1,70,,37321,23,,,1,30,,37322,23,,,1,100,,37323,23,,,1
2900,'29-Sunday-20000001',913,,37324,23,,,1,30,,37325,23,,,1,71,,37326,23,,,1,30,,37327,23,,,1,70,,37328,23,,,1,30,,37329,23,,,1,70,,37330,23,,,1,30,,37331,23,,,1,70,,37332,23,,,1,30,,37333,23,,,1,70,,37334,23,,,1,30,,37335,23,,,1,70,,37336,23,,,1,30,,37337,23,,,1,70,,37338,23,,,1,30,,37339,23,,,1,70,,37340,23,,,1,30,,37341,23,,,1,69,,37342,23,,,1,30,,37343,23,,,1,70,,37344,23,,,1,30,,37345,23,,,1,70,,37346,23,,,1,30,,37347,23,,,1,70,,37348,23,,,1,30,,37349,23,,,1,70,,37350,23,,,1,30,,37351,23,,,1,70,,37352,23,,,1,30,,37353,23,,,1,100,,37354,23,,,1
2900,'29-Weekday-11111100',603,,37391,23,,,1,40,,37388,23,,,1,68,,37390,23,,,1,42,,37389,23,,,1,70,,37364,23,,,1,30,,37365,23,,,1,70,,37366,23,,,1,29,,37367,23,,,1,70,,37368,23,,,1,30,,37369,23,,,1,70,,37370,23,,,1,30,,37371,23,,,1,70,,37372,23,,,1,30,,37373,23,,,1,70,,37374,23,,,1,30,,37375,23,,,1,70,,37376,23,,,1,31,,37377,23,,,1,70,,37378,23,,,1,30,,37379,23,,,1,70,,37380,23,,,1,30,,37381,23,,,1,70,,37382,23,,,1,30,,37383,23,,,1,67,,37384,23,,,1,30,,37385,23,,,1,70,,37386,23,,,1,30,,37387,23,,,1,70,,37363,23,,,1,30,,37362,23,,,1,70,,37361,23,,,1,30,,37355,23,,,1,67,,37360,23,,,1,25,,37358,23,,,1,65,,37359,23,,,1,30,,37357,23,,,1,70,,37356,23,,,1
9101,'91-Saturday-10000010',2442,,40702,3,0,21 22 23,1,70,,40703,3,0,21 22 23,1,30,,40704,3,0,21 22 23,1
9101,'91-Weekday-10001100',2442,,40705,3,0,21 22 23,1,70,,40706,3,0,21 22 23,1,30,,40707,3,0,21 22 23,1
