1201,'12-Holiday1-10000001',737,,35058,3,,,1,70,,35056,3,,,1,30,,35024,3,,,1,70,,35025,3,,,1,30,,35026,3,,,1,71,,35027,3,,,1,31,,35028,3,,,1,70,,35029,3,,,1,30,,35030,3,,,1,70,,35031,3,,,1,30,,35032,3,,,1,70,,35033,3,,,1,30,,35034,3,,,1,70,,35035,3,,,1,30,,35036,3,,,1,70,,35037,3,,,1,30,,35038,3,,,1,70,,35039,3,,,1,30,,35040,3,,,1,70,,35041,3,,,1,30,,35042,3,,,1,69,,35043,3,,,1,29,,35044,3,,,1,70,,35045,3,,,1,30,,35046,3,,,1,70,,35047,3,,,1,30,,35048,3,,,1,70,,35049,3,,,1,30,,35050,3,,,1,70,,35051,3,,,1,30,,35052,3,,,1,70,,35053,3,,,1,30,,35054,3,,,1,70,,35055,3,,,1
1201,'12-Saturday-10000010',637,,35059,3,,,1,70,,35060,3,,,1,30,,35061,3,,,1,70,,35062,3,,,1,30,,35063,3,,,1,71,,35064,3,,,1,34,,35065,3,,,1,70,,35066,3,,,1,30,,35067,3,,,1,70,,35068,3,,,1,30,,35069,3,,,1,70,,35070,3,,,1,30,,35071,3,,,1,70,,35072,3,,,1,30,,35073,3,,,1,70,,35074,3,,,1,30,,35075,3,,,1,70,,35076,3,,,1,30,,35077,3,,,1,70,,35078,3,,,1,30,,35079,3,,,1,70,,35080,3,,,1,30,,35081,3,,,1,68,,35082,3,,,1,27,,35083,3,,,1,70,,35084,3,,,1,30,,35085,3,,,1,70,,35086,3,,,1,30,,35087,3,,,1,70,,35088,3,,,1,30,,35089,3,,,1,70,,35090,3,,,1,30,,35091,3,,,1,70,,35092,3,,,1,30,,35093,3,,,1,70,,35094,3,,,1
1201,'12-Sunday-10000001',737,,35130,3,,,1,70,,35128,3,,,1,30,,35096,3,,,1,70,,35097,3,,,1,30,,35098,3,,,1,71,,35099,3,,,1,31,,35100,3,,,1,70,,35101,3,,,1,30,,35102,3,,,1,70,,35103,3,,,1,30,,35104,3,,,1,70,,35105,3,,,1,30,,35106,3,,,1,70,,35107,3,,,1,30,,35108,3,,,1,70,,35109,3,,,1,30,,35110,3,,,1,70,,35111,3,,,1,30,,35112,3,,,1,70,,35113,3,,,1,30,,35114,3,,,1,69,,35115,3,,,1,29,,35116,3,,,1,70,,35117,3,,,1,30,,35118,3,,,1,70,,35119,3,,,1,30,,35120,3,,,1,70,,35121,3,,,1,30,,35122,3,,,1,70,,35123,3,,,1,30,,35124,3,,,1,70,,35125,3,,,1,30,,35126,3,,,1,70,,35127,3,,,1
1201,'12-Weekday-11111100',545,,35131,3,,,1,62,,35132,3,,,1,30,,35134,3,,,1,72,,35136,3,,,1,24,,35176,3,,,1,15,,35138,3,,,1,55,,35139,3,,,1,15,,35140,3,,,1,15,,35141,3,,,1,15,,35142,3,,,1,55,,35143,3,,,1,15,,35144,3,,,1,15,,35145,3,,,1,15,,35146,3,,,1,55,,35184,3,,,1,15,,35148,3,,,1,15,,35185,3,,,1,15,,35183,3,,,1,55,,35186,3,,,1,15,,35149,3,,,1,15,,35187,3,,,1,15,,35151,3,,,1,55,,35188,3,,,1,15,,35153,3,,,1,15,,35189,3,,,1,15,,35155,3,,,1,55,,35190,3,,,1,15,,35156,3,,,1,15,,35191,3,,,1,15,,35158,3,,,1,55,,35192,3,,,1,15,,35160,3,,,1,15,,35182,3,,,1,17,,35162,3,,,1,56,,35164,3,,,1,16,,35177,3,,,1,15,,35166,3,,,1,15,,35178,3,,,1,55,,35167,3,,,1,15,,35168,3,,,1,15,,35169,3,,,1,15,,35170,3,,,1,55,,35171,3,,,1,15,,35172,3,,,1,15,,35173,3,,,1,15,,35174,3,,,1,55,,35175,3,,,1,13,,35133,3,,,1,13,,35137,3,,,1,19,,35181,3,,,1,60,,35180,3,,,1,15,,35193,3,,,1,15,,35163,3,,,1,15,,35194,3,,,1,55,,35152,3,,,1,15,,35195,3,,,1,15,,35159,3,,,1,15,,35196,3,,,1,55,,35165,3,,,1,15,,35197,3,,,1,15,,35161,3,,,1,67,,35157,3,,,1,27,,35154,3,,,1,70,,35150,3,,,1,30,,35147,3,,,1,70,,35135,3,,,1
1901,'19-Holiday1-10000001',900,,35915,21,,,1,100,,35916,21,,,1,106,,35917,21,,,1,100,,35914,21,,,1,100,,35918,21,,,1,100,,35919,21,,,1,100,,35920,21,,,1,100,,35921,21,,,1,100,,35922,21,,,1,100,,35923,16,,,1,94,,35924,16,,,1,100,,35925,16,,,1,100,,35926,16,,,1,100,,35927,16,,,1,100,,35928,16,,,1,100,,35929,16,,,1
1901,'19-Saturday-10000010',703,,35931,21,,,1,30,,35932,16,,,1,70,,35933,21,,,1,30,,35930,16,,,1,70,,35934,21,,,1,33,,35935,16,,,1,70,,35936,21,,,1,30,,35937,16,,,1,70,,35938,21,,,1,30,,35939,16,,,1,70,,35940,21,,,1,30,,35941,16,,,1,70,,35942,21,,,1,30,,35943,16,,,1,70,,35944,21,,,1,30,,35945,16,,,1,70,,35946,21,,,1,30,,35947,16,,,1,70,,35948,21,,,1,30,,35949,16,,,1,70,,35950,21,,,1,30,,35951,16,,,1,70,,35952,16,,,1,29,,35953,21,,,1,68,,35954,16,,,1,30,,35955,21,,,1,70,,35956,16,,,1,30,,35957,21,,,1,70,,35958,16,,,1,30,,35959,21,,,1,70,,35960,16,,,1,30,,35961,21,,,1,70,,35962,16,,,1,30,,35963,21,,,1,70,,35964,16,,,1
1901,'19-Sunday-10000001',830,,35966,16,,,1,70,,35967,21,,,1,30,,35968,16,,,1,70,,35969,21,,,1,31,,35970,16,,,1,75,,35971,21,,,1,30,,35972,16,,,1,70,,35965,21,,,1,30,,35973,16,,,1,70,,35974,21,,,1,30,,35975,16,,,1,70,,35976,21,,,1,30,,35977,16,,,1,70,,35978,21,,,1,30,,35979,16,,,1,70,,35980,21,,,1,30,,35981,16,,,1,70,,35982,21,,,1,30,,35983,16,,,1,70,,35984,16,,,1,26,,35985,21,,,1,68,,35986,16,,,1,30,,35987,21,,,1,70,,35988,16,,,1,30,,35989,21,,,1,70,,35990,16,,,1,30,,35991,21,,,1,70,,35992,16,,,1,30,,35993,21,,,1,70,,35994,16,,,1,30,,35995,21,,,1,70,,35996,16,,,1
1901,'19-Weekday-21111100',548,,36025,16,,,1,68,,36012,16,,,1,14,,35997,21,,,1,70,,36013,16,,,1,35,,35998,21,,,1,15,,36035,8,,,1,61,,36030,16,,,1,9,,36036,8,,,1,23,,36033,21,,,1,7,,36037,8,,,1,61,,36029,16,,,1,9,,36038,8,,,1,23,,36031,21,,,1,7,,36039,8,,,1,61,,36032,16,,,1,28,,35999,21,,,1,72,,36000,16,,,1,28,,36001,21,,,1,72,,36002,16,,,1,28,,36003,21,,,1,72,,36004,16,,,1,28,,36005,21,,,1,72,,36006,16,,,1,28,,36007,21,,,1,72,,36008,16,,,1,30,,36034,16,,,1,73,,36009,21,,,1,27,,36014,16,,,1,73,,36010,21,,,1,27,,36015,16,,,1,71,,36011,21,,,1,28,,36016,16,,,1,66,,36017,21,,,1,34,,36018,16,,,1,66,,36019,21,,,1,34,,36020,16,,,1,66,,36021,21,,,1,34,,36022,16,,,1,65,,36028,21,,,1,26,,36024,16,,,1,26,,36026,21,,,1,70,,36023,16,,,1,30,,36027,16,,,1
2901,'29-Saturday-10000010',737,,37392,23,,,1,70,,37393,23,,,1,30,,37394,23,,,1,71,,37395,23,,,1,30,,37396,23,,,1,70,,37397,23,,,1,30,,37398,23,,,1,70,,37399,23,,,1,30,,37400,23,,,1,70,,37401,23,,,1,30,,37402,23,,,1,70,,37403,23,,,1,30,,37404,23,,,1,70,,37405,23,,,1,30,,37406,23,,,1,70,,37407,23,,,1,30,,37408,23,,,1,70,,37409,23,,,1,30,,37410,23,,,1,70,,37411,23,,,1,30,,37412,23,,,1,70,,37413,23,,,1,30,,37414,23,,,1,70,,37415,23,,,1,30,,37416,23,,,1,70,,37417,23,,,1,30,,37418,23,,,1,70,,37419,23,,,1,30,,37420,23,,,1,70,,37421,23,,,1,30,,37422,23,,,1,70,,37423,23,,,1,30,,37424,23,,,1,100,,37425,23,,,1
2901,'29-Sunday-20000001',837,,37426,23,,,1,70,,37427,23,,,1,30,,37428,23,,,1,71,,37429,23,,,1,30,,37430,23,,,1,70,,37431,23,,,1,30,,37432,23,,,1,70,,37433,23,,,1,30,,37434,23,,,1,70,,37435,23,,,1,30,,37436,23,,,1,70,,37437,23,,,1,30,,37438,23,,,1,70,,37439,23,,,1,30,,37440,23,,,1,70,,37441,23,,,1,30,,37442,23,,,1,70,,37443,23,,,1,30,,37444,23,,,1,69,,37445,23,,,1,25,,37446,23,,,1,70,,37447,23,,,1,30,,37448,23,,,1,70,,37449,23,,,1,30,,37450,23,,,1,70,,37451,23,,,1,30,,37452,23,,,1,70,,37453,23,,,1,30,,37454,23,,,1,70,,37455,23,,,1,30,,37456,23,,,1,100,,37457,23,,,1
2901,'29-Weekday-11111100',601,,37494,12,,,1,24,,37460,23,,,1,30,,37461,23,,,1,75,,37462,23,,,1,70,,37463,23,,,1,30,,37464,23,,,1,70,,37465,23,,,1,30,,37466,23,,,1,29,,37467,23,,,1,70,,37468,23,,,1,30,,37469,23,,,1,70,,37470,23,,,1,30,,37471,23,,,1,70,,37472,23,,,1,30,,37473,23,,,1,70,,37474,23,,,1,30,,37475,23,,,1,70,,37459,23,,,1,73,,37458,23,,,1,30,,37476,23,,,1,70,,37477,23,,,1,30,,37478,23,,,1,70,,37479,23,,,1,30,,37480,23,,,1,70,,37481,23,,,1,28,,37482,23,,,1,70,,37483,23,,,1,30,,37484,23,,,1,70,,37485,23,,,1,30,,37486,23,,,1,70,,37487,23,,,1,30,,37488,23,,,1,70,,37489,23,,,1,26,,37490,23,,,1,30,,37491,23,,,1,70,,37492,23,,,1,30,,37493,23,,,1
