1301,'13-Holiday1-10000001',843,,35320,26,,,1,100,,35321,26,,,1,102,,35322,26,,,1,100,,35323,26,,,1,100,,35324,26,,,1,100,,35325,26,,,1,100,,35326,26,,,1,100,,35327,26,,,1,100,,35328,26,,,1,100,,35329,26,,,1,98,,35330,26,,,1,100,,35331,26,,,1,100,,35332,26,,,1,100,,35333,26,,,1,100,,35334,26,,,1,100,,35335,26,,,1
1301,'13-Saturday-10000010',715,,35337,26,,,1,30,,35338,26,,,1,70,,35339,26,,,1,30,,35340,26,,,1,70,,35341,26,,,1,31,,35342,26,,,1,70,,35343,26,,,1,30,,35344,26,,,1,70,,35345,26,,,1,30,,35346,26,,,1,70,,35336,26,,,1,30,,35347,26,,,1,70,,35348,26,,,1,30,,35349,26,,,1,70,,35350,26,,,1,30,,35351,26,,,1,70,,35352,26,,,1,30,,35353,26,,,1,70,,35354,26,,,1,30,,35355,26,,,1,70,,35356,26,,,1,30,,35357,26,,,1,70,,35358,26,,,1,29,,35359,26,,,1,70,,35360,26,,,1,30,,35361,26,,,1,70,,35369,26,,,1,30,,35362,26,,,1,70,,35363,26,,,1,30,,35364,26,,,1,70,,35365,26,,,1,30,,35366,26,,,1,70,,35367,26,,,1,30,,35368,26,,,1,70,,35370,26,,,1
1301,'13-Sunday-10000001',813,,35403,26,,,1,30,,35371,26,,,1,70,,35372,26,,,1,30,,35373,26,,,1,72,,35374,26,,,1,30,,35375,26,,,1,70,,35376,26,,,1,30,,35377,26,,,1,70,,35378,26,,,1,30,,35379,26,,,1,70,,35380,26,,,1,30,,35381,26,,,1,70,,35382,26,,,1,30,,35383,26,,,1,70,,35384,26,,,1,30,,35385,26,,,1,70,,35386,26,,,1,30,,35387,26,,,1,70,,35388,26,,,1,30,,35389,26,,,1,68,,35390,26,,,1,30,,35391,26,,,1,70,,35392,26,,,1,30,,35393,26,,,1,70,,35394,26,,,1,30,,35395,26,,,1,70,,35396,26,,,1,30,,35397,26,,,1,70,,35398,26,,,1,30,,35399,26,,,1,70,,35400,26,,,1,30,,35401,26,,,1,70,,35402,26,,,1
1301,'13-Weekday-21111100',613,,35434,26,,,1,28,,35437,26,,,1,14,,35440,26,,,1,74,,35429,26,,,1,75,,35428,26,,,1,36,,35404,26,,,1,72,,35405,26,,,1,27,,35406,26,,,1,73,,35407,26,,,1,28,,35408,26,,,1,68,,35409,26,,,1,32,,35410,26,,,1,68,,35411,26,,,1,32,,35412,26,,,1,68,,35413,26,,,1,32,,35414,26,,,1,68,,35415,26,,,1,35,,35416,26,,,1,10,,35441,13,,,1,4,,35442,26,,,1,56,,35417,26,,,1,32,,35418,26,,,1,70,,35430,26,,,1,33,,35419,26,,,1,67,,35420,26,,,1,33,,35427,26,,,1,64,,35421,26,,,1,29,,35422,26,,,1,80,,35423,26,,,1,30,,35424,26,,,1,70,,35436,26,,,1,30,,35435,26,,,1,70,,35425,26,,,1,30,,35426,26,,,1,69,,35431,26,,,1,27,,35439,26,,,1,70,,35432,26,,,1,30,,35433,26,,,1,70,,35438,26,,,1
2901,'29-Saturday-10000010',752,,37392,42,,,1,70,,37393,42,,,1,30,,37394,42,,,1,72,,37395,42,,,1,30,,37396,42,,,1,70,,37397,42,,,1,30,,37398,42,,,1,70,,37399,42,,,1,30,,37400,42,,,1,70,,37401,42,,,1,30,,37402,42,,,1,70,,37403,42,,,1,30,,37404,42,,,1,70,,37405,42,,,1,30,,37406,42,,,1,70,,37407,42,,,1,30,,37408,42,,,1,70,,37409,42,,,1,30,,37410,42,,,1,70,,37411,42,,,1,30,,37412,42,,,1,69,,37413,42,,,1,30,,37414,42,,,1,70,,37415,42,,,1,30,,37416,42,,,1,70,,37417,42,,,1,30,,37418,42,,,1,70,,37419,42,,,1,30,,37420,42,,,1,70,,37421,42,,,1,30,,37422,42,,,1,70,,37423,42,,,1,30,,37424,42,,,1,100,,37425,42,,,1
2901,'29-Sunday-20000001',851,,37426,42,,,1,70,,37427,42,,,1,30,,37428,42,,,1,71,,37429,42,,,1,30,,37430,42,,,1,70,,37431,42,,,1,30,,37432,42,,,1,70,,37433,42,,,1,30,,37434,42,,,1,70,,37435,42,,,1,30,,37436,42,,,1,70,,37437,42,,,1,30,,37438,42,,,1,70,,37439,42,,,1,30,,37440,42,,,1,70,,37441,42,,,1,30,,37442,42,,,1,70,,37443,42,,,1,30,,37444,42,,,1,69,,37445,42,,,1,25,,37446,42,,,1,70,,37447,42,,,1,30,,37448,42,,,1,70,,37449,42,,,1,30,,37450,42,,,1,70,,37451,42,,,1,30,,37452,42,,,1,70,,37453,42,,,1,30,,37454,42,,,1,70,,37455,42,,,1,30,,37456,42,,,1,100,,37457,42,,,1
2901,'29-Weekday-11111100',616,,37494,31,,,1,24,,37460,42,,,1,71,,37461,42,,,1,37,,37462,42,,,1,70,,37463,42,,,1,30,,37464,42,,,1,70,,37465,42,,,1,31,,37466,42,,,1,69,,37467,42,,,1,30,,37468,42,,,1,70,,37469,42,,,1,30,,37470,42,,,1,70,,37471,42,,,1,30,,37472,42,,,1,70,,37473,42,,,1,30,,37474,42,,,1,70,,37475,42,,,1,32,,37459,42,,,1,73,,37458,42,,,1,30,,37476,42,,,1,70,,37477,42,,,1,30,,37478,42,,,1,70,,37479,42,,,1,30,,37480,42,,,1,68,,37481,42,,,1,28,,37482,42,,,1,70,,37483,42,,,1,30,,37484,42,,,1,70,,37485,42,,,1,30,,37486,42,,,1,70,,37487,42,,,1,30,,37488,42,,,1,68,,37489,42,,,1,25,,37490,42,,,1,70,,37491,42,,,1,30,,37492,42,,,1,70,,37493,42,,,1
20201,'202-Holiday1-10000001',806,,41286,24,,,1,30,,41287,24,,,1,70,,41288,24,,,1,30,,41285,24,,,1,70,,41289,24,,,1,31,,41290,24,,,1,70,,41291,24,,,1,30,,41292,24,,,1,70,,41293,24,,,1,30,,41294,24,,,1,70,,41295,24,,,1,30,,41296,24,,,1,70,,41297,24,,,1,30,,41298,24,,,1,70,,41299,24,,,1,30,,41300,24,,,1,70,,41301,24,,,1,30,,41302,24,,,1,70,,41303,24,,,1,30,,41304,24,,,1,70,,41305,24,,,1,29,,41306,24,,,1,70,,41307,24,,,1,30,,41308,24,,,1,70,,41309,24,,,1,30,,41310,24,,,1,70,,41311,24,,,1,30,,41312,24,,,1,70,,41313,24,,,1,30,,41314,24,,,1,70,,41315,24,,,1,30,,41316,24,,,1,70,,41317,24,,,1,30,,41318,24,,,1
20201,'202-Saturday-10000010',736,,41319,24,,,1,70,,41320,24,,,1,30,,41321,24,,,1,70,,41322,24,,,1,31,,41323,24,,,1,70,,41324,24,,,1,30,,41325,24,,,1,70,,41326,24,,,1,30,,41327,24,,,1,70,,41328,24,,,1,30,,41329,24,,,1,70,,41330,24,,,1,30,,41331,24,,,1,70,,41332,24,,,1,30,,41333,24,,,1,70,,41334,24,,,1,30,,41335,24,,,1,70,,41336,24,,,1,30,,41337,24,,,1,70,,41338,24,,,1,30,,41339,24,,,1,70,,41340,24,,,1,28,,41341,24,,,1,70,,41342,24,,,1,30,,41343,24,,,1,70,,41344,24,,,1,30,,41345,24,,,1,70,,41346,24,,,1,30,,41347,24,,,1,70,,41348,24,,,1,30,,41349,24,,,1,70,,41350,24,,,1,30,,41351,24,,,1,70,,41352,24,,,1,30,,41353,24,,,1
20201,'202-Sunday-10000001',805,,41355,24,,,1,30,,41356,24,,,1,70,,41357,24,,,1,30,,41354,24,,,1,70,,41358,24,,,1,32,,41359,24,,,1,70,,41360,24,,,1,30,,41361,24,,,1,70,,41362,24,,,1,30,,41363,24,,,1,70,,41364,24,,,1,30,,41365,24,,,1,70,,41366,24,,,1,30,,41367,24,,,1,70,,41368,24,,,1,30,,41369,24,,,1,70,,41370,24,,,1,30,,41371,24,,,1,70,,41372,24,,,1,30,,41373,24,,,1,70,,41374,24,,,1,28,,41375,24,,,1,70,,41376,24,,,1,30,,41377,24,,,1,70,,41378,24,,,1,30,,41379,24,,,1,70,,41380,24,,,1,30,,41381,24,,,1,70,,41382,24,,,1,30,,41383,24,,,1,70,,41384,24,,,1,30,,41385,24,,,1,70,,41386,24,,,1,30,,41387,24,,,1
20201,'202-Weekday-21111100',634,,41389,24,,,1,70,,41390,24,,,1,35,,41391,24,,,1,10,,41446,24,,,1,10,,41424,24,,,1,50,,41392,24,,,1,10,,41447,24,,,1,10,,41425,24,,,1,10,,41393,24,,,1,10,,41448,24,,,1,10,,41426,24,,,1,50,,41388,24,,,1,10,,41449,24,,,1,10,,41427,24,,,1,10,,41394,24,,,1,11,,41450,24,,,1,9,,41428,24,,,1,50,,41395,24,,,1,10,,41429,24,,,1,15,,41396,24,,,1,15,,41430,24,,,1,55,,41397,24,,,1,15,,41431,24,,,1,15,,41398,24,,,1,15,,41432,24,,,1,55,,41399,24,,,1,15,,41433,24,,,1,15,,41400,24,,,1,15,,41434,24,,,1,55,,41401,24,,,1,15,,41435,24,,,1,15,,41402,24,,,1,15,,41436,24,,,1,55,,41403,24,,,1,15,,41437,24,,,1,15,,41404,24,,,1,16,,41438,24,,,1,62,,41405,24,,,1,10,,41451,24,,,1,10,,41439,24,,,1,10,,41406,24,,,1,10,,41452,24,,,1,50,,41440,24,,,1,10,,41407,24,,,1,10,,41453,24,,,1,10,,41441,24,,,1,10,,41408,24,,,1,10,,41454,24,,,1,50,,41442,24,,,1,10,,41409,24,,,1,10,,41455,24,,,1,10,,41443,24,,,1,10,,41410,24,,,1,10,,41456,24,,,1,50,,41444,24,,,1,9,,41411,24,,,1,9,,41457,24,,,1,9,,41445,24,,,1,9,,41412,24,,,1,70,,41423,24,,,1,30,,41413,24,,,1,70,,41414,24,,,1,30,,41415,24,,,1,70,,41416,24,,,1,30,,41417,24,,,1,69,,41418,24,,,1,29,,41419,24,,,1,70,,41420,24,,,1,30,,41421,24,,,1,70,,41422,24,,,1
