5300,'53-Holiday1-10000001',851,,38743,30,,,1,100,,38744,30,,,1,103,,38745,30,,,1,100,,38746,30,,,1,100,,38747,30,,,1,100,,38748,30,,,1,100,,38749,30,,,1,100,,38750,30,,,1,100,,38751,30,,,1,100,,38752,30,,,1,97,,38753,30,,,1,100,,38754,30,,,1,100,,38755,30,,,1,100,,38756,30,,,1,100,,38757,30,,,1,100,,38758,30,,,1
5300,'53-Saturday-10000010',724,,38759,30,,,1,30,,38760,30,,,1,70,,38761,30,,,1,30,,38762,30,,,1,71,,38763,30,,,1,30,,38764,30,,,1,70,,38765,30,,,1,30,,38766,30,,,1,70,,38767,30,,,1,30,,38768,30,,,1,70,,38769,30,,,1,30,,38770,30,,,1,70,,38771,30,,,1,30,,38772,30,,,1,70,,38773,30,,,1,30,,38774,30,,,1,70,,38775,30,,,1,30,,38776,30,,,1,70,,38777,30,,,1,30,,38778,30,,,1,70,,38779,30,,,1,30,,38780,30,,,1,69,,38781,30,,,1,30,,38782,30,,,1,100,,38783,30,,,1,100,,38784,30,,,1,100,,38785,30,,,1,100,,38786,30,,,1,100,,38787,30,,,1
5300,'53-Sunday-10000001',821,,38788,30,,,1,100,,38789,30,,,1,103,,38790,30,,,1,30,,38791,30,,,1,70,,38792,30,,,1,30,,38793,30,,,1,70,,38794,30,,,1,30,,38795,30,,,1,70,,38796,30,,,1,30,,38797,30,,,1,70,,38798,30,,,1,30,,38799,30,,,1,70,,38800,30,,,1,30,,38801,30,,,1,70,,38802,30,,,1,30,,38803,30,,,1,70,,38804,30,,,1,30,,38805,30,,,1,97,,38806,30,,,1,100,,38807,30,,,1,100,,38808,30,,,1,100,,38809,30,,,1,100,,38810,30,,,1,100,,38811,30,,,1
5300,'53-Weekday-11111100',628,,38839,35,,,1,30,,38840,35,,,1,70,,38841,35,,,1,30,,38842,35,,,1,70,,38843,35,,,1,27,,38828,30,,,1,70,,38829,30,,,1,30,,38830,30,,,1,70,,38821,30,,,1,30,,38822,30,,,1,70,,38823,30,,,1,30,,38824,30,,,1,70,,38825,30,,,1,30,,38826,30,,,1,70,,38827,30,,,1,30,,38846,30,,,1,81,,38831,35,,,1,74,,38847,35,,,1,30,,38834,35,,,1,70,,38838,35,,,1,30,,38837,35,,,1,70,,38836,35,,,1,30,,38835,35,,,1,69,,38844,35,,,1,19,,38845,35,,,1,25,,38820,30,,,1,70,,38814,30,,,1,30,,38815,30,,,1,70,,38816,30,,,1,30,,38817,30,,,1,70,,38813,30,,,1,30,,38812,30,,,1,72,,38833,35,,,1,30,,38832,35,,,1,64,,38818,30,,,1,35,,38819,30,,,1
5800,'58-Holiday1-11111111',833,,39497,17,,,1,100,,39496,17,,,1,100,,39495,17,,,1,100,,39494,17,,,1,100,,39493,17,,,1,100,,39492,17,,,1,100,,39491,17,,,1,100,,39490,17,,,1,100,,39489,17,,,1,100,,39488,17,,,1,100,,39487,17,,,1,100,,39486,17,,,1,100,,39485,17,,,1,100,,39484,17,,,1,100,,39483,17,,,1,100,,39482,17,,,1
5800,'58-Saturday-10000010',734,,39504,17,,,1,70,,39503,17,,,1,30,,39502,17,,,1,70,,39501,17,,,1,30,,39500,17,,,1,70,,39499,17,,,1,30,,39498,17,,,1,70,,39519,17,,,1,30,,39518,17,,,1,70,,39517,17,,,1,30,,39516,17,,,1,70,,39515,17,,,1,30,,39514,17,,,1,70,,39513,17,,,1,30,,39512,17,,,1,70,,39511,17,,,1,30,,39510,17,,,1,70,,39509,17,,,1,30,,39508,17,,,1,70,,39507,17,,,1,30,,39506,17,,,1,70,,39505,17,,,1,30,,39525,17,,,1,100,,39524,17,,,1,100,,39523,17,,,1,100,,39522,17,,,1,100,,39521,17,,,1,100,,39520,17,,,1
5800,'58-Sunday-10000001',903,,39526,17,,,1,100,,39528,17,,,1,100,,39527,17,,,1,30,,39543,17,,,1,70,,39542,17,,,1,30,,39541,17,,,1,70,,39540,17,,,1,30,,39539,17,,,1,70,,39538,17,,,1,30,,39537,17,,,1,70,,39536,17,,,1,30,,39535,17,,,1,70,,39534,17,,,1,30,,39533,17,,,1,70,,39532,17,,,1,30,,39531,17,,,1,70,,39530,17,,,1,30,,39529,17,,,1,100,,39548,17,,,1,100,,39547,17,,,1,100,,39546,17,,,1,100,,39545,17,,,1,100,,39544,17,,,1
5800,'58-Weekday-11111100',553,,39549,17,,,1,70,,39550,17,,,1,25,,39551,17,,,1,70,,39552,17,,,1,31,,39553,17,,,1,70,,39554,17,,,1,30,,39555,17,,,1,70,,39556,17,,,1,30,,39557,17,,,1,70,,39558,17,,,1,30,,39559,17,,,1,70,,39560,17,,,1,30,,39561,17,,,1,70,,39562,17,,,1,30,,39563,17,,,1,70,,39564,17,,,1,30,,39565,17,,,1,70,,39585,17,,,1,86,,39566,17,,,1,30,,39567,17,,,1,70,,39568,17,,,1,30,,39569,17,,,1,70,,39570,17,,,1,30,,39571,17,,,1,70,,39572,17,,,1,13,,39573,17,,,1,30,,39574,17,,,1,70,,39575,17,,,1,30,,39576,17,,,1,70,,39577,17,,,1,30,,39578,17,,,1,70,,39579,17,,,1,30,,39580,17,,,1,68,,39581,17,,,1,15,,39582,17,,,1,70,,39583,17,,,1,30,,39584,17,,,1
6501,'65-Holiday1-10000001',839,,40429,18,,,1,81,,40430,18,,,1,85,,40431,18,,,1,46,,40432,18,,,1,85,,40433,18,,,1,85,,40434,18,,,1,85,,40435,18,,,1,45,,40436,18,,,1,85,,40437,18,,,1,85,,40438,18,,,1,85,,40439,18,,,1,45,,40440,18,,,1,85,,40441,18,,,1,84,,40442,18,,,1,85,,40443,18,,,1,45,,40444,18,,,1,85,,40445,18,,,1,85,,40446,18,,,1,85,,40447,18,,,1
6501,'65-Saturday-10000010',720,,40448,18,,,1,30,,40449,18,,,1,70,,40450,18,,,1,30,,40451,18,,,1,72,,40452,18,,,1,31,,40453,18,,,1,70,,40454,18,,,1,30,,40455,18,,,1,70,,40456,18,,,1,30,,40457,18,,,1,70,,40458,18,,,1,30,,40459,18,,,1,70,,40460,18,,,1,30,,40461,18,,,1,70,,40462,18,,,1,30,,40463,18,,,1,70,,40464,18,,,1,30,,40465,18,,,1,70,,40466,18,,,1,30,,40467,18,,,1,70,,40468,18,,,1,30,,40469,18,,,1,68,,40470,18,,,1,29,,40471,18,,,1,85,,40472,18,,,1,85,,40473,18,,,1,85,,40474,18,,,1,45,,40475,18,,,1,85,,40476,18,,,1,85,,40477,18,,,1
6501,'65-Sunday-10000001',850,,40478,18,,,1,70,,40479,18,,,1,30,,40511,18,,,1,71,,40480,18,,,1,22,,40503,18,,,1,8,,40481,18,,,1,70,,40482,18,,,1,22,,40504,18,,,1,8,,40483,18,,,1,70,,40484,18,,,1,22,,40505,18,,,1,8,,40485,18,,,1,70,,40486,18,,,1,22,,40506,18,,,1,8,,40487,18,,,1,70,,40488,18,,,1,22,,40507,18,,,1,8,,40489,18,,,1,70,,40490,18,,,1,22,,40508,18,,,1,8,,40491,18,,,1,70,,40492,18,,,1,22,,40509,18,,,1,8,,40493,18,,,1,70,,40494,18,,,1,22,,40510,18,,,1,8,,40495,18,,,1,69,,40496,18,,,1,30,,40497,18,,,1,85,,40498,18,,,1,85,,40499,18,,,1,85,,40500,18,,,1,45,,40501,18,,,1,85,,40502,18,,,1
6501,'65-Weekday-11111100',550,,40512,18,,,1,70,,40513,18,,,1,30,,40514,18,,,1,72,,40515,18,,,1,32,,40516,18,,,1,70,,40517,18,,,1,30,,40518,18,,,1,70,,40519,18,,,1,29,,40520,18,,,1,70,,40521,18,,,1,30,,40522,18,,,1,70,,40523,18,,,1,30,,40524,18,,,1,70,,40525,18,,,1,30,,40526,18,,,1,70,,40527,18,,,1,30,,40528,18,,,1,70,,40529,18,,,1,78,,40530,18,,,1,27,,40531,18,,,1,25,,40532,18,,,1,70,,40533,18,,,1,30,,40534,18,,,1,70,,40535,18,,,1,30,,40536,18,,,1,67,,40537,18,,,1,31,,40538,18,,,1,70,,40539,18,,,1,30,,40540,18,,,1,70,,40541,18,,,1,30,,40542,18,,,1,70,,40543,18,,,1,30,,40544,18,,,1,68,,40545,18,,,1,28,,40546,18,,,1,70,,40547,18,,,1,30,,40548,18,,,1
6701,'67-Weekday-11111100',648,,40579,39,,,1,70,,40570,39,,,1,30,,40569,39,,,1,70,,40567,39,,,1,30,,40582,39,,,1,70,,40568,39,,,1,534,,40575,39,,,1,70,,40574,39,,,1,30,,40573,39,,,1,70,,40572,39,,,1,30,,40571,39,,,1,70,,40580,39,,,1,30,,40576,39,,,1,70,,40583,39,,,1,428,,40578,39,,,1,70,,40581,39,,,1,30,,40577,39,,,1
