6001,'60-Saturday-10000010',720,,39746,6,,,1,30,,39747,6,,,1,70,,39748,6,,,1,30,,39749,6,,,1,70,,39750,6,,,1,30,,39751,6,,,1,70,,39752,6,,,1,30,,39753,6,,,1,70,,39754,6,,,1,30,,39755,6,,,1,70,,39756,6,,,1,30,,39757,6,,,1,70,,39758,6,,,1,30,,39759,6,,,1,70,,39760,6,,,1,30,,39761,6,,,1,70,,39762,6,,,1,30,,39763,6,,,1,70,,39764,6,,,1,30,,39765,6,,,1,70,,39766,6,,,1,30,,39767,6,,,1,70,,39768,6,,,1,30,,39769,6,,,1
6001,'60-Weekday-11111100',620,,39770,6,,,1,30,,39771,6,,,1,73,,39772,6,,,1,30,,39773,6,,,1,70,,39774,6,,,1,30,,39775,6,,,1,70,,39776,6,,,1,28,,39777,6,,,1,70,,39778,6,,,1,30,,39779,6,,,1,70,,39780,6,,,1,30,,39781,6,,,1,70,,39782,6,,,1,30,,39783,6,,,1,70,,39784,6,,,1,30,,39785,6,,,1,70,,39786,6,,,1,33,,39787,6,,,1,70,,39788,6,,,1,30,,39789,6,,,1,70,,39790,6,,,1,30,,39791,6,,,1,70,,39792,6,,,1,30,,39793,6,,,1,66,,39794,6,,,1,30,,39795,6,,,1,70,,39796,6,,,1,30,,39797,6,,,1,70,,39798,6,,,1,30,,39799,6,,,1,70,,39800,6,,,1,30,,39801,6,,,1
6501,'65-Holiday1-10000001',834,,40429,13,,,1,81,,40430,13,,,1,85,,40431,13,,,1,46,,40432,13,,,1,85,,40433,13,,,1,85,,40434,13,,,1,85,,40435,13,,,1,45,,40436,13,,,1,85,,40437,13,,,1,85,,40438,13,,,1,85,,40439,13,,,1,45,,40440,13,,,1,85,,40441,13,,,1,85,,40442,13,,,1,85,,40443,13,,,1,45,,40444,13,,,1,85,,40445,13,,,1,85,,40446,13,,,1,85,,40447,13,,,1
6501,'65-Saturday-10000010',715,,40448,13,,,1,30,,40449,13,,,1,70,,40450,13,,,1,30,,40451,13,,,1,72,,40452,13,,,1,31,,40453,13,,,1,70,,40454,13,,,1,30,,40455,13,,,1,70,,40456,13,,,1,30,,40457,13,,,1,70,,40458,13,,,1,30,,40459,13,,,1,70,,40460,13,,,1,30,,40461,13,,,1,70,,40462,13,,,1,30,,40463,13,,,1,70,,40464,13,,,1,30,,40465,13,,,1,70,,40466,13,,,1,30,,40467,13,,,1,70,,40468,13,,,1,30,,40469,13,,,1,69,,40470,13,,,1,29,,40471,13,,,1,85,,40472,13,,,1,85,,40473,13,,,1,85,,40474,13,,,1,45,,40475,13,,,1,85,,40476,13,,,1,85,,40477,13,,,1
6501,'65-Sunday-10000001',845,,40478,13,,,1,70,,40479,13,,,1,30,,40511,13,,,1,71,,40480,13,,,1,22,,40503,13,,,1,8,,40481,13,,,1,70,,40482,13,,,1,22,,40504,13,,,1,8,,40483,13,,,1,70,,40484,13,,,1,22,,40505,13,,,1,8,,40485,13,,,1,70,,40486,13,,,1,22,,40506,13,,,1,8,,40487,13,,,1,70,,40488,13,,,1,22,,40507,13,,,1,8,,40489,13,,,1,70,,40490,13,,,1,22,,40508,13,,,1,8,,40491,13,,,1,70,,40492,13,,,1,22,,40509,13,,,1,8,,40493,13,,,1,70,,40494,13,,,1,22,,40510,13,,,1,8,,40495,13,,,1,70,,40496,13,,,1,30,,40497,13,,,1,85,,40498,13,,,1,85,,40499,13,,,1,85,,40500,13,,,1,45,,40501,13,,,1,85,,40502,13,,,1
6501,'65-Weekday-11111100',545,,40512,13,,,1,70,,40513,13,,,1,30,,40514,13,,,1,72,,40515,13,,,1,32,,40516,13,,,1,70,,40517,13,,,1,30,,40518,13,,,1,70,,40519,13,,,1,29,,40520,13,,,1,70,,40521,13,,,1,30,,40522,13,,,1,70,,40523,13,,,1,30,,40524,13,,,1,70,,40525,13,,,1,30,,40526,13,,,1,70,,40527,13,,,1,30,,40528,13,,,1,70,,40529,13,,,1,38,,40530,13,,,1,67,,40531,13,,,1,25,,40532,13,,,1,70,,40533,13,,,1,30,,40534,13,,,1,70,,40535,13,,,1,30,,40536,13,,,1,67,,40537,13,,,1,31,,40538,13,,,1,70,,40539,13,,,1,30,,40540,13,,,1,70,,40541,13,,,1,30,,40542,13,,,1,70,,40543,13,,,1,30,,40544,13,,,1,69,,40545,13,,,1,28,,40546,13,,,1,70,,40547,13,,,1,30,,40548,13,,,1
20301,'203-Holiday1-20000001',957,,41543,20,,,1,143,,41551,20,,,1,100,,41550,20,,,1,100,,41549,20,,,1,100,,41548,20,,,1,100,,41547,20,,,1,100,,41546,20,,,1,100,,41545,20,,,1,100,,41544,20,,,1,57,,41542,20,,,1,100,,41554,20,,,1,100,,41553,20,,,1,100,,41552,20,,,1
20301,'203-Saturday-10000010',735,,41558,20,,,1,100,,41559,20,,,1,101,,41560,20,,,1,100,,41561,20,,,1,70,,41562,20,,,1,30,,41563,20,,,1,70,,41564,20,,,1,30,,41565,20,,,1,70,,41566,20,,,1,30,,41567,20,,,1,70,,41568,20,,,1,30,,41569,20,,,1,70,,41570,20,,,1,30,,41571,20,,,1,70,,41572,20,,,1,30,,41573,20,,,1,70,,41574,20,,,1,30,,41555,20,,,1,69,,41557,20,,,1,30,,41556,20,,,1,70,,41575,20,,,1,95,,41576,20,,,1,100,,41577,20,,,1,100,,41578,20,,,1
20301,'203-Sunday-10000001',1002,,41580,20,,,1,103,,41588,20,,,1,100,,41587,20,,,1,100,,41586,20,,,1,100,,41585,20,,,1,100,,41584,20,,,1,100,,41583,20,,,1,100,,41582,20,,,1,100,,41581,20,,,1,47,,41579,20,,,1,100,,41591,20,,,1,100,,41590,20,,,1,100,,41589,20,,,1
20301,'203-Weekday-21111100',706,,41592,25,,,1,30,,41593,25,,,1,78,,41594,25,,,1,30,,41595,25,,,1,70,,41596,25,,,1,29,,41597,25,,,1,76,,41598,25,,,1,30,,41607,25,,,1,70,,41608,25,,,1,30,,41609,25,,,1,70,,41610,25,,,1,30,,41611,25,,,1,70,,41612,25,,,1,30,,41613,25,,,1,70,,41614,25,,,1,32,,41615,25,,,1,68,,41616,25,,,1,29,,41617,25,,,1,70,,41618,25,,,1,30,,41619,25,,,1,70,,41620,25,,,1,30,,41621,25,,,1,67,,41622,25,,,1,30,,41623,25,,,1,71,,41624,25,,,1,30,,41606,25,,,1,70,,41599,25,,,1,30,,41600,25,,,1,70,,41601,25,,,1,30,,41602,25,,,1,69,,41603,25,,,1,27,,41604,25,,,1,70,,41605,25,,,1,30,,41625,25,,,1
