600,'6-Holiday1-10000001',805,,33234,22,,,1,100,,33235,22,,,1,100,,33236,22,,,1,100,,33237,22,,,1,100,,33238,22,,,1,100,,33239,22,,,1,100,,33240,22,,,1,100,,33241,22,,,1,100,,33242,22,,,1,100,,33243,22,,,1,100,,33244,22,,,1,100,,33245,22,,,1,100,,33246,22,,,1,100,,33247,22,,,1,100,,33248,22,,,1,100,,33249,22,,,1,100,,33250,22,,,1
600,'6-Saturday-10000010',546,,33251,7,,,1,89,,33252,22,,,1,70,,33253,22,,,1,30,,33254,22,,,1,70,,33255,22,,,1,30,,33256,22,,,1,71,,33257,22,,,1,32,,33258,22,,,1,70,,33259,22,,,1,30,,33260,22,,,1,70,,33261,22,,,1,30,,33262,22,,,1,70,,33263,22,,,1,30,,33264,22,,,1,70,,33265,22,,,1,30,,33266,22,,,1,70,,33267,22,,,1,30,,33268,22,,,1,70,,33269,22,,,1,30,,33270,22,,,1,70,,33271,22,,,1,30,,33272,22,,,1,70,,33273,22,,,1,30,,33274,22,,,1,69,,33275,22,,,1,28,,33276,22,,,1,70,,33277,22,,,1,30,,33278,22,,,1,70,,33279,22,,,1,30,,33280,22,,,1,70,,33281,22,,,1,30,,33282,22,,,1,70,,33283,22,,,1,30,,33284,22,,,1,70,,33285,22,,,1,30,,33286,22,,,1,70,,33287,22,,,1,30,,33288,22,,,1
600,'6-Sunday-10000001',805,,33289,22,,,1,30,,33290,22,,,1,70,,33291,22,,,1,30,,33292,22,,,1,70,,33293,22,,,1,30,,33294,22,,,1,70,,33295,22,,,1,30,,33296,22,,,1,70,,33297,22,,,1,30,,33298,22,,,1,70,,33299,22,,,1,30,,33300,22,,,1,70,,33301,22,,,1,30,,33302,22,,,1,70,,33303,22,,,1,30,,33304,22,,,1,70,,33305,22,,,1,30,,33306,22,,,1,70,,33307,22,,,1,30,,33308,22,,,1,70,,33309,22,,,1,30,,33310,22,,,1,70,,33311,22,,,1,30,,33312,22,,,1,70,,33313,22,,,1,30,,33314,22,,,1,70,,33315,22,,,1,30,,33316,22,,,1,70,,33317,22,,,1,30,,33318,22,,,1,70,,33319,22,,,1,30,,33320,22,,,1,70,,33321,22,,,1
600,'6-Weekday-11111100',536,,33359,4,,,1,70,,33357,22,,,1,30,,33322,22,,,1,71,,33323,22,,,1,32,,33324,22,,,1,70,,33325,22,,,1,30,,33326,22,,,1,70,,33327,22,,,1,30,,33328,22,,,1,69,,33329,22,,,1,30,,33330,22,,,1,70,,33331,22,,,1,30,,33332,22,,,1,70,,33333,22,,,1,30,,33334,22,,,1,70,,33335,22,,,1,30,,33336,22,,,1,70,,33337,22,,,1,32,,33338,22,,,1,71,,33339,22,,,1,30,,33340,22,,,1,70,,33341,22,,,1,30,,33342,22,,,1,70,,33343,22,,,1,30,,33344,22,,,1,68,,33345,22,,,1,28,,33346,22,,,1,70,,33347,22,,,1,30,,33348,22,,,1,70,,33349,22,,,1,30,,33350,22,,,1,70,,33351,22,,,1,30,,33352,22,,,1,69,,33353,22,,,1,31,,33354,22,,,1,70,,33355,22,,,1,30,,33356,22,,,1,70,,33358,22,,,1
2000,'20-Holiday1-10000001',817,,36040,21,,,1,30,,36041,21,,,1,70,,36042,21,,,1,30,,36043,21,,,1,72,,36044,21,,,1,30,,36045,21,,,1,70,,36046,21,,,1,30,,36047,21,,,1,70,,36048,21,,,1,30,,36049,21,,,1,70,,36050,21,,,1,30,,36051,21,,,1,70,,36052,21,,,1,30,,36053,21,,,1,70,,36054,21,,,1,30,,36055,21,,,1,70,,36056,21,,,1,30,,36057,21,,,1,70,,36058,21,,,1,30,,36059,21,,,1,68,,36060,21,,,1,30,,36061,21,,,1,70,,36062,21,,,1,30,,36063,21,,,1,70,,36064,21,,,1,30,,36065,21,,,1,70,,36066,21,,,1,30,,36067,21,,,1,70,,36068,21,,,1,30,,36069,21,,,1,100,,36070,21,,,1
2000,'20-Saturday-10000010',622,,36071,21,,,1,30,,36072,21,,,1,70,,36073,21,,,1,30,,36074,21,,,1,70,,36075,21,,,1,30,,36076,21,,,1,73,,36077,21,,,1,30,,36078,21,,,1,70,,36079,21,,,1,30,,36080,21,,,1,70,,36081,21,,,1,30,,36082,21,,,1,70,,36083,21,,,1,30,,36084,21,,,1,70,,36085,21,,,1,30,,36086,21,,,1,70,,36087,21,,,1,30,,36088,21,,,1,70,,36089,21,,,1,30,,36090,21,,,1,70,,36091,21,,,1,30,,36092,21,,,1,70,,36093,21,,,1,30,,36094,21,,,1,67,,36095,21,,,1,30,,36096,21,,,1,70,,36097,21,,,1,30,,36098,21,,,1,70,,36099,21,,,1,30,,36100,21,,,1,70,,36101,21,,,1,30,,36102,21,,,1,70,,36103,21,,,1,30,,36104,21,,,1,70,,36105,21,,,1,30,,36106,21,,,1
2000,'20-Sunday-20000001',822,,36108,21,,,1,30,,36109,21,,,1,70,,36110,21,,,1,30,,36111,21,,,1,72,,36112,21,,,1,30,,36113,21,,,1,70,,36114,21,,,1,30,,36115,21,,,1,70,,36116,21,,,1,30,,36117,21,,,1,70,,36118,21,,,1,30,,36119,21,,,1,70,,36120,21,,,1,30,,36121,21,,,1,70,,36122,21,,,1,30,,36123,21,,,1,70,,36124,21,,,1,30,,36125,21,,,1,70,,36126,21,,,1,30,,36127,21,,,1,68,,36128,21,,,1,20,,36129,21,,,1,70,,36130,21,,,1,30,,36131,21,,,1,70,,36132,21,,,1,30,,36133,21,,,1,70,,36134,21,,,1,30,,36135,21,,,1,70,,36136,21,,,1,30,,36137,21,,,1,100,,36138,21,,,1
2000,'20-Weekday-11111100',548,,36151,21,,,1,70,,36152,21,,,1,15,,36178,21,,,1,15,,36153,21,,,1,75,,36175,21,,,1,30,,36174,21,,,1,70,,36141,21,,,1,30,,36142,21,,,1,70,,36143,21,,,1,29,,36176,21,,,1,70,,36154,21,,,1,30,,36155,21,,,1,70,,36156,21,,,1,30,,36157,21,,,1,70,,36158,21,,,1,30,,36159,21,,,1,70,,36160,21,,,1,30,,36161,21,,,1,70,,36162,21,,,1,81,,36144,21,,,1,30,,36145,21,,,1,70,,36146,21,,,1,30,,36147,21,,,1,70,,36148,21,,,1,30,,36149,21,,,1,70,,36150,21,,,1,17,,36163,21,,,1,30,,36177,21,,,1,70,,36164,21,,,1,30,,36165,21,,,1,70,,36166,21,,,1,30,,36167,21,,,1,70,,36168,21,,,1,30,,36169,21,,,1,68,,36170,21,,,1,30,,36171,21,,,1,70,,36172,21,,,1,30,,36173,21,,,1
3400,'34-Weekday-11111100',637,,37962,1,,,1,70,,37973,1,,,1,30,,37965,1,,,1,70,,37964,1,,,1,30,,37963,1,,,1,599,,37966,1,,,1,70,,37971,1,,,1,30,,37970,1,,,1,70,,37969,1,,,1,30,,37968,1,,,1,70,,37967,1,,,1,525,,37972,1,,,1
3500,'35-Weekday-11111100',637,,37986,20,4,,1,70,,37987,20,4,,1,30,,37989,20,4,,1,70,,37990,20,4,,1,30,,37991,20,4,,1,599,,37992,20,4,,1,70,,37993,20,4,,1,30,,37994,20,4,,1,70,,37995,20,4,,1,30,,37996,20,4,,1,70,,37988,20,4,,1,525,,37997,20,4,,1
