1300,'13-Holiday1-10000001',825,,35198,31,4,,1,100,,35199,31,4,,1,102,,35200,31,4,,1,100,,35201,31,4,,1,100,,35202,31,4,,1,100,,35203,31,4,,1,100,,35204,31,4,,1,100,,35205,31,4,,1,100,,35206,31,4,,1,100,,35207,31,4,,1,98,,35208,31,4,,1,100,,35209,31,4,,1,100,,35210,31,4,,1,100,,35211,31,4,,1,100,,35212,31,4,,1,100,,35213,31,4,,1
1300,'13-Saturday-10000010',727,,35215,31,4,,1,30,,35216,31,4,,1,70,,35217,31,4,,1,30,,35218,31,4,,1,70,,35219,31,4,,1,30,,35220,31,4,,1,70,,35221,31,4,,1,30,,35222,31,4,,1,70,,35223,31,4,,1,30,,35224,31,4,,1,70,,35225,31,4,,1,30,,35226,31,4,,1,70,,35227,31,4,,1,30,,35228,31,4,,1,70,,35214,31,4,,1,30,,35229,31,4,,1,70,,35230,31,4,,1,30,,35231,31,4,,1,70,,35232,31,4,,1,30,,35233,31,4,,1,70,,35234,31,4,,1,30,,35235,31,4,,1,70,,35236,31,4,,1,30,,35237,31,4,,1,70,,35238,31,4,,1,30,,35239,31,4,,1,70,,35240,31,4,,1,30,,35241,31,4,,1,70,,35242,31,4,,1,30,,35243,31,4,,1,70,,35244,31,4,,1,30,,35245,31,4,,1,70,,35246,31,4,,1,30,,35247,31,4,,1,70,,35248,31,4,,1
1300,'13-Sunday-10000001',825,,35250,31,4,,1,30,,35249,31,4,,1,70,,35251,31,4,,1,30,,35252,31,4,,1,72,,35253,31,4,,1,30,,35254,31,4,,1,70,,35255,31,4,,1,30,,35256,31,4,,1,70,,35257,31,4,,1,30,,35258,31,4,,1,70,,35259,31,4,,1,30,,35260,31,4,,1,70,,35261,31,4,,1,30,,35262,31,4,,1,70,,35263,31,4,,1,30,,35264,31,4,,1,70,,35265,31,4,,1,30,,35266,31,4,,1,70,,35267,31,4,,1,30,,35268,31,4,,1,68,,35269,31,4,,1,30,,35270,31,4,,1,70,,35271,31,4,,1,30,,35272,31,4,,1,70,,35273,31,4,,1,30,,35274,31,4,,1,70,,35275,31,4,,1,30,,35276,31,4,,1,70,,35277,31,4,,1,30,,35278,31,4,,1,70,,35279,31,4,,1
1300,'13-Weekday-21111100',553,,35305,31,4,,1,70,,35280,31,4,,1,30,,35281,31,4,,1,77,,35282,31,4,,1,70,,35283,31,4,,1,15,,35318,31,4,,1,15,,35284,31,4,,1,70,,35285,31,4,,1,30,,35286,31,4,,1,13,,35319,15,4,,1,15,,35287,31,4,,1,70,,35288,31,4,,1,30,,35289,31,4,,1,70,,35290,31,4,,1,30,,35291,31,4,,1,70,,35292,31,4,,1,30,,35293,31,4,,1,70,,35294,31,4,,1,30,,35295,31,4,,1,70,,35296,31,4,,1,31,,35297,31,4,,1,70,,35298,31,4,,1,30,,35299,31,4,,1,70,,35300,31,4,,1,30,,35301,31,4,,1,70,,35302,31,4,,1,30,,35303,31,4,,1,67,,35304,31,4,,1,30,,35310,31,4,,1,70,,35311,31,4,,1,30,,35312,31,4,,1,70,,35313,31,4,,1,30,,35314,31,4,,1,70,,35315,31,4,,1,30,,35316,31,4,,1,66,,35317,31,4,,1,30,,35306,31,4,,1,70,,35308,31,4,,1,30,,35307,31,4,,1,70,,35309,31,4,,1
1900,'19-Holiday1-10000001',827,,35788,1,0,25 26 27,1,100,,35789,1,0,25 26 27,1,102,,35790,1,0,25 26 27,1,100,,35791,1,0,25 26 27,1,100,,35792,1,0,25 26 27,1,100,,35793,1,0,25 26 27,1,100,,35794,1,0,25 26 27,1,100,,35795,1,0,25 26 27,1,100,,35796,1,0,25 26 27,1,100,,35797,1,0,28 7,1,98,,35798,1,0,28 7,1,100,,35799,1,0,28 7,1,100,,35800,1,0,28 7,1,100,,35801,1,0,28 7,1,100,,35802,1,0,28 7,1,100,,35803,1,0,28 7,1
1900,'19-Saturday-10000010',629,,35839,1,0,25 26 27,1,30,,35805,1,0,28 7,1,70,,35806,1,0,25 26 27,1,30,,35807,1,0,28 7,1,70,,35808,1,0,25 26 27,1,30,,35804,1,0,28 7,1,70,,35809,1,0,25 26 27,1,30,,35810,1,0,28 7,1,70,,35811,1,0,25 26 27,1,30,,35812,1,0,28 7,1,70,,35813,1,0,25 26 27,1,30,,35814,1,0,28 7,1,70,,35815,1,0,25 26 27,1,30,,35816,1,0,28 7,1,70,,35817,1,0,25 26 27,1,30,,35818,1,0,28 7,1,70,,35819,1,0,25 26 27,1,30,,35820,1,0,28 7,1,70,,35821,1,0,25 26 27,1,30,,35822,1,0,28 7,1,70,,35823,1,0,25 26 27,1,30,,35824,1,0,28 7,1,70,,35825,1,0,28 7,1,30,,35826,1,0,25 26 27,1,70,,35827,1,0,28 7,1,30,,35828,1,0,25 26 27,1,70,,35829,1,0,28 7,1,30,,35830,1,0,25 26 27,1,70,,35831,1,0,28 7,1,30,,35832,1,0,25 26 27,1,70,,35833,1,0,28 7,1,30,,35834,1,0,25 26 27,1,70,,35835,1,0,28 7,1,30,,35836,1,0,25 26 27,1,70,,35837,1,0,28 7,1,30,,35838,1,0,25 26 27,1
1900,'19-Sunday-10000001',757,,35841,1,0,28 7,1,70,,35842,1,0,25 26 27,1,30,,35843,1,0,28 7,1,70,,35844,1,0,25 26 27,1,30,,35845,1,0,28 7,1,72,,35846,1,0,25 26 27,1,30,,35847,1,0,28 7,1,70,,35848,1,0,25 26 27,1,30,,35840,1,0,28 7,1,70,,35849,1,0,25 26 27,1,30,,35850,1,0,28 7,1,70,,35851,1,0,25 26 27,1,30,,35852,1,0,28 7,1,70,,35853,1,0,25 26 27,1,30,,35854,1,0,28 7,1,70,,35855,1,0,25 26 27,1,30,,35856,1,0,28 7,1,70,,35857,1,0,25 26 27,1,30,,35858,1,0,28 7,1,70,,35859,1,0,28 7,1,30,,35860,1,0,25 26 27,1,68,,35861,1,0,28 7,1,30,,35862,1,0,25 26 27,1,70,,35863,1,0,28 7,1,30,,35864,1,0,25 26 27,1,70,,35865,1,0,28 7,1,30,,35866,1,0,25 26 27,1,70,,35867,1,0,28 7,1,30,,35868,1,0,25 26 27,1,70,,35869,1,0,28 7,1,30,,35870,1,0,25 26 27,1,70,,35871,1,0,28 7,1
1900,'19-Weekday-21111100',541,,35872,1,0,28 7,1,14,,35874,1,0,25 26 27,1,70,,35873,1,0,28 7,1,30,,35902,1,0,25 26 27,1,77,,35907,1,0,28 7,1,70,,35901,1,0,25 26 27,1,30,,35906,1,0,28 7,1,70,,35900,1,0,25 26 27,1,30,,35905,1,0,28 7,1,68,,35903,1,0,25 26 27,1,30,,35875,1,0,28 7,1,70,,35876,1,0,25 26 27,1,30,,35877,1,0,28 7,1,70,,35878,1,0,25 26 27,1,30,,35879,1,0,28 7,1,70,,35880,1,0,25 26 27,1,30,,35881,1,0,28 7,1,70,,35882,1,0,25 26 27,1,30,,35883,1,0,28 7,1,15,,35909,1,0,37,1,56,,35885,1,0,28 7,1,14,,35910,1,0,37,1,16,,35884,1,0,25 26 27,1,14,,35911,1,0,37,1,56,,35904,1,0,28 7,1,14,,35912,1,0,37,1,16,,35898,1,0,25 26 27,1,14,,35913,1,0,37,1,56,,35899,1,0,28 7,1,30,,35908,1,0,25 26 27,1,70,,35886,1,0,28 7,1,27,,35887,1,0,25 26 27,1,30,,35888,1,0,28 7,1,70,,35889,1,0,25 26 27,1,30,,35890,1,0,28 7,1,70,,35891,1,0,25 26 27,1,30,,35892,1,0,28 7,1,70,,35893,1,0,25 26 27,1,30,,35894,1,0,28 7,1,66,,35895,1,0,25 26 27,1,30,,35896,1,0,28 7,1,70,,35897,1,0,28 7,1
3100,'31-Saturday-10000010',654,2,37617,15,,,1,70,2,37618,15,,,1,30,2,37619,15,,,1,70,2,37620,15,,,1,30,2,37621,15,,,1,69,2,37622,15,,,1,34,2,37623,15,,,1,70,2,37624,15,,,1,30,2,37625,15,,,1,70,2,37626,15,,,1,30,2,37627,15,,,1,70,2,37628,15,,,1,30,2,37616,15,,,1,70,2,37629,15,,,1,30,2,37630,15,,,1,70,2,37631,15,,,1,30,2,37632,15,,,1,70,2,37633,15,,,1,30,2,37634,15,,,1,70,2,37635,15,,,1,30,2,37636,15,,,1,70,2,37637,15,,,1,30,2,37638,15,,,1,69,2,37639,15,,,1,28,2,37640,15,,,1
3100,'31-Sunday-10000001',823,2,37641,15,,,1,30,2,37642,15,,,1,70,2,37643,15,,,1,30,2,37644,15,,,1,70,2,37645,15,,,1,32,2,37646,15,,,1,70,2,37647,15,,,1,30,2,37648,15,,,1,70,2,37649,15,,,1,30,2,37650,15,,,1,70,2,37651,15,,,1,30,2,37652,15,,,1,70,2,37653,15,,,1,30,2,37654,15,,,1,70,2,37655,15,,,1,30,2,37656,15,,,1,70,2,37657,15,,,1,30,2,37658,15,,,1,70,2,37659,15,,,1,30,2,37660,15,,,1,70,2,37661,15,,,1,30,2,37662,15,,,1
3100,'31-Weekday-11111100',626,2,37664,15,,,1,30,2,37663,15,,,1,72,2,37696,15,,,1,75,2,37665,15,,,1,30,2,37666,15,,,1,70,2,37667,15,,,1,30,2,37668,15,,,1,69,2,37669,15,,,1,27,2,37670,15,,,1,30,2,37671,15,,,1,70,2,37672,15,,,1,30,2,37673,15,,,1,70,2,37674,15,,,1,30,2,37675,15,,,1,70,2,37676,15,,,1,30,2,37677,15,,,1,70,2,37678,15,,,1,73,2,37679,15,,,1,33,2,37680,15,,,1,70,2,37681,15,,,1,30,2,37682,15,,,1,70,2,37683,15,,,1,30,2,37684,15,,,1,69,2,37685,15,,,1,27,2,37686,15,,,1,26,2,37687,15,,,1,70,2,37697,15,,,1,30,2,37688,15,,,1,70,2,37689,15,,,1,30,2,37690,15,,,1,70,2,37691,15,,,1,30,2,37692,15,,,1,68,2,37693,15,,,1,25,2,37694,15,,,1,70,2,37695,15,,,1
9100,'91-Saturday-10000010',2434,,40692,31,4,,1,70,,40693,31,4,,1,30,,40694,31,4,,1,70,,40695,31,4,,1,30,,40696,31,4,,1
9100,'91-Weekday-10001100',2434,,40697,31,4,,1,70,,40698,31,4,,1,30,,40699,31,4,,1,70,,40700,31,4,,1,30,,40701,31,4,,1
9101,'91-Saturday-10000010',2440,,40702,1,0,21 22 23,1,70,,40703,1,0,21 22 23,1,30,,40704,1,0,21 22 23,1
9101,'91-Weekday-10001100',2440,,40705,1,0,21 22 23,1,70,,40706,1,0,21 22 23,1,30,,40707,1,0,21 22 23,1
20100,'201-Holiday1-10000001',732,2,40709,29,,,1,70,2,40710,29,,,1,30,2,40711,29,,,1,70,2,40712,29,,,1,30,2,40713,29,,,1,70,2,40714,29,,,1,31,2,40715,29,,,1,71,2,40716,29,,,1,30,2,40708,29,,,1,70,2,40717,29,,,1,30,2,40718,29,,,1,70,2,40719,29,,,1,30,2,40720,29,,,1,70,2,40721,29,,,1,30,2,40722,29,,,1,70,2,40723,29,,,1,30,2,40724,29,,,1,70,2,40725,29,,,1,30,2,40726,29,,,1,70,2,40727,29,,,1,30,2,40728,29,,,1,70,2,40729,29,,,1,29,2,40730,29,,,1,69,2,40731,29,,,1,30,2,40732,29,,,1,70,2,40733,29,,,1,30,2,40734,29,,,1,70,2,40735,29,,,1,30,2,40736,29,,,1,70,2,40737,29,,,1,30,2,40738,29,,,1,70,2,40739,29,,,1,30,2,40740,29,,,1,70,2,40741,29,,,1,30,2,40742,29,,,1
20100,'201-Saturday-10000010',708,2,40778,22,,,1,25,2,40743,29,,,1,70,2,40744,29,,,1,30,2,40745,29,,,1,70,2,40746,29,,,1,32,2,40747,29,,,1,71,2,40748,29,,,1,30,2,40749,29,,,1,70,2,40750,29,,,1,30,2,40751,29,,,1,70,2,40752,29,,,1,30,2,40753,29,,,1,70,2,40754,29,,,1,30,2,40755,29,,,1,70,2,40756,29,,,1,30,2,40757,29,,,1,70,2,40758,29,,,1,30,2,40759,29,,,1,70,2,40760,29,,,1,30,2,40761,29,,,1,70,2,40762,29,,,1,30,2,40763,29,,,1,70,2,40764,29,,,1,28,2,40765,29,,,1,69,2,40766,29,,,1,30,2,40767,29,,,1,70,2,40768,29,,,1,30,2,40769,29,,,1,70,2,40770,29,,,1,30,2,40771,29,,,1,70,2,40772,29,,,1,30,2,40773,29,,,1,70,2,40774,29,,,1,30,2,40775,29,,,1,70,2,40776,29,,,1,30,2,40777,29,,,1
20100,'201-Sunday-10000001',731,2,40780,29,,,1,70,42,40781,29,,,1,30,2,40782,29,,,1,70,42,40783,29,,,1,30,2,40784,29,,,1,70,42,40785,29,,,1,31,2,40786,29,,,1,72,2,40787,29,,,1,30,2,40779,29,,,1,70,2,40788,29,,,1,30,2,40789,29,,,1,70,2,40790,29,,,1,30,2,40791,29,,,1,70,2,40792,29,,,1,30,2,40793,29,,,1,70,2,40794,29,,,1,30,2,40795,29,,,1,70,2,40796,29,,,1,30,2,40797,29,,,1,70,2,40798,29,,,1,30,2,40799,29,,,1,70,2,40800,29,,,1,28,2,40801,29,,,1,69,42,40802,29,,,1,30,2,40803,29,,,1,70,42,40804,29,,,1,30,2,40805,29,,,1,70,42,40806,29,,,1,30,2,40807,29,,,1,70,42,40808,29,,,1,30,2,40809,29,,,1,70,42,40810,29,,,1,30,2,40811,29,,,1,70,42,40812,29,,,1,30,2,40813,29,,,1
20100,'201-Weekday-11111100',548,2,40848,22,,,1,60,2,40889,22,,,1,16,2,40849,29,,,1,15,2,40850,29,,,1,15,2,40847,29,,,1,56,2,40851,29,,,1,19,2,40846,29,,,1,17,2,40852,29,,,1,55,42,40845,29,,,1,10,2,40877,29,,,1,10,2,40853,29,,,1,10,2,40841,29,,,1,10,2,40878,29,,,1,10,2,40854,29,,,1,50,42,40842,29,,,1,10,2,40879,29,,,1,10,2,40855,29,,,1,10,2,40839,29,,,1,10,2,40880,29,,,1,9,2,40856,29,,,1,9,2,40838,29,,,1,48,2,40881,29,,,1,11,2,40857,29,,,1,10,2,40814,29,,,1,10,2,40893,29,,,1,10,2,40858,29,,,1,10,2,40815,29,,,1,50,2,40894,29,,,1,10,2,40859,29,,,1,10,2,40816,29,,,1,10,2,40895,29,,,1,10,2,40860,29,,,1,10,2,40817,29,,,1,50,2,40896,29,,,1,10,2,40861,29,,,1,10,2,40818,29,,,1,10,2,40897,29,,,1,10,2,40862,29,,,1,10,2,40819,29,,,1,50,2,40898,29,,,1,10,2,40863,29,,,1,10,2,40820,29,,,1,10,2,40899,29,,,1,10,2,40864,29,,,1,10,2,40821,29,,,1,50,2,40900,29,,,1,10,2,40865,29,,,1,10,2,40822,29,,,1,10,2,40901,29,,,1,11,2,40866,29,,,1,51,42,40823,29,,,1,12,2,40902,29,,,1,11,2,40867,29,,,1,11,2,40908,29,,,1,10,2,40840,29,,,1,10,2,40882,29,,,1,50,2,40876,29,,,1,10,2,40868,29,,,1,10,2,40883,29,,,1,10,2,40844,29,,,1,10,2,40824,29,,,1,10,2,40884,29,,,1,50,2,40869,29,,,1,10,2,40870,29,,,1,10,2,40885,29,,,1,10,2,40825,29,,,1,10,2,40871,29,,,1,10,2,40886,29,,,1,50,2,40843,29,,,1,8,2,40872,29,,,1,9,2,40887,29,,,1,8,2,40826,29,,,1,9,2,40873,29,,,1,10,2,40888,29,,,1,9,2,40827,29,,,1,50,2,40874,29,,,1,15,2,40907,29,,,1,15,2,40875,29,,,1,15,2,40890,29,,,1,55,2,40828,29,,,1,15,2,40891,29,,,1,15,2,40829,29,,,1,15,2,40892,29,,,1,55,2,40830,29,,,1,15,2,40903,29,,,1,15,2,40831,29,,,1,15,2,40904,29,,,1,54,2,40832,29,,,1,13,2,40905,29,4,,1,14,2,40833,29,,,1,13,2,40906,29,,,1,70,2,40834,29,,,1,30,2,40835,29,,,1,75,2,40836,29,,,1,30,2,40837,29,,,1
