700,'7-Saturday-10000010',548,,22803,7,,,1,70,,22805,20,,,1,30,,22804,20,,,1,70,,22806,20,,,1,15,,22807,20,,,1,15,,22808,20,,,1,55,,22809,20,,,1,15,,22810,20,,,1,15,,22811,20,,,1,15,,22812,20,,,1,57,,22813,20,,,1,18,,22814,20,,,1,15,,22815,20,,,1,15,,22816,20,,,1,55,,22817,20,,,1,15,,22818,20,,,1,15,,22819,20,,,1,15,,22820,20,,,1,55,,22821,20,,,1,15,,22822,20,,,1,15,,22823,20,,,1,15,,22824,20,,,1,55,,22825,20,,,1,15,,22826,20,,,1,15,,22827,20,,,1,15,,22828,20,,,1,55,,22829,20,,,1,15,,22830,20,,,1,15,,22831,20,,,1,15,,22832,20,,,1,55,,22833,20,,,1,15,,22834,20,,,1,15,,22835,20,,,1,15,,22836,20,,,1,55,,22837,20,,,1,15,,22838,20,,,1,15,,22839,20,,,1,15,,22840,20,,,1,55,,22841,20,,,1,15,,22842,20,,,1,15,,22843,20,,,1,15,,22844,20,,,1,55,,22845,20,,,1,15,,22846,20,,,1,15,,22847,20,,,1,15,,22848,20,,,1,52,,22849,20,,,1,13,,22850,20,,,1,15,,22851,20,,,1,15,,22852,20,,,1,55,,22853,20,,,1,15,,22854,20,,,1,15,,22855,20,,,1,15,,22856,20,,,1,55,,22857,20,,,1,15,,22858,20,,,1,15,,22859,20,,,1,15,,22860,20,,,1,55,,22861,20,,,1,15,,22862,20,,,1,15,,22863,20,,,1,15,,22864,20,,,1,55,,22865,20,,,1,15,,22866,20,,,1,15,,22867,20,,,1,15,,22868,20,,,1,55,,22869,20,,,1,15,,22870,20,,,1,15,,22871,20,,,1,15,,22872,20,,,1,70,,22873,20,,,1
700,'7-Sunday-10000001',819,,22874,20,,,1,30,,22875,20,,,1,70,,22876,20,,,1,15,,22877,20,,,1,15,,22878,20,,,1,57,,22879,20,,,1,16,,22880,20,,,1,15,,22881,20,,,1,15,,22882,20,,,1,55,,22883,20,,,1,15,,22884,20,,,1,15,,22885,20,,,1,15,,22886,20,,,1,55,,22887,20,,,1,15,,22888,20,,,1,15,,22889,20,,,1,15,,22890,20,,,1,55,,22891,20,,,1,15,,22892,20,,,1,15,,22893,20,,,1,15,,22894,20,,,1,55,,22895,20,,,1,15,,22896,20,,,1,15,,22897,20,,,1,15,,22898,20,,,1,55,,22899,20,,,1,15,,22900,20,,,1,15,,22901,20,,,1,15,,22902,20,,,1,55,,22903,20,,,1,15,,22904,20,,,1,15,,22905,20,,,1,15,,22906,20,,,1,55,,22907,20,,,1,15,,22908,20,,,1,15,,22909,20,,,1,15,,22910,20,,,1,53,,22911,20,,,1,13,,22912,20,,,1,15,,22913,20,,,1,15,,22914,20,,,1,55,,22915,20,,,1,15,,22916,20,,,1,15,,22917,20,,,1,15,,22918,20,,,1,55,,22919,20,,,1,15,,22920,20,,,1,15,,22921,20,,,1,15,,22922,20,,,1,55,,22923,20,,,1,15,,22924,20,,,1,15,,22925,20,,,1,15,,22926,20,,,1,55,,22932,20,,,1,15,,22928,20,,,1,15,,22933,20,,,1,15,,22930,20,,,1,55,,22934,20,,,1,15,,22931,20,,,1,15,,22935,20,,,1,15,,22929,20,,,1,70,,22927,20,,,1
700,'7-Weekday-11111100',534,,23009,7,,,1,15,,23010,20,,,1,55,,22936,20,,,1,15,,22937,20,,,1,15,,22938,20,,,1,15,,22939,20,,,1,57,,22940,20,,,1,17,,22941,20,,,1,15,,22942,20,,,1,15,,22943,20,,,1,55,,22944,20,,,1,15,,22945,20,,,1,15,,22946,20,,,1,15,,22947,20,,,1,55,,22948,20,,,1,15,,22949,20,,,1,15,,22950,20,,,1,15,,22951,20,,,1,55,,22952,20,,,1,15,,22953,20,,,1,15,,22954,20,,,1,15,,22955,20,,,1,55,,22956,20,,,1,15,,22957,20,,,1,15,,22958,20,,,1,15,,22959,20,,,1,55,,22960,20,,,1,15,,22961,20,,,1,15,,22962,20,,,1,15,,22963,20,,,1,55,,22964,20,,,1,15,,22965,20,,,1,15,,22966,20,,,1,15,,22967,20,,,1,55,,22968,20,,,1,15,,22969,20,,,1,16,,22970,20,,,1,16,,22971,20,,,1,55,,22972,20,,,1,15,,22973,20,,,1,15,,22974,20,,,1,15,,22975,20,,,1,55,,22976,20,,,1,15,,22977,20,,,1,15,,22978,20,,,1,15,,22979,20,,,1,55,,22980,20,,,1,15,,22981,20,,,1,15,,22982,20,,,1,15,,22983,20,,,1,54,,22984,20,,,1,13,,22985,20,,,1,15,,22986,20,,,1,15,,22987,20,,,1,55,,22988,20,,,1,15,,22989,20,,,1,15,,22990,20,,,1,15,,22991,20,,,1,55,,22992,20,,,1,15,,22993,20,,,1,15,,22994,20,,,1,15,,22995,20,,,1,55,,22996,20,,,1,15,,22997,20,,,1,15,,22998,20,,,1,15,,22999,20,,,1,53,,23000,20,,,1,13,,23001,20,,,1,15,,23002,20,,,1,15,,23003,20,,,1,55,,23004,20,,,1,15,,23005,20,,,1,15,,23006,20,,,1,15,,23007,20,,,1,70,,23008,20,,,1
800,'8-Saturday-10000010',649,,23286,18,,,1,70,,23287,18,,,1,30,,23288,18,,,1,70,,23289,18,,,1,30,,23290,18,,,1,72,,23291,18,,,1,30,,23292,18,,,1,70,,23293,18,,,1,30,,23294,18,,,1,70,,23295,18,,,1,30,,23296,18,,,1,70,,23297,18,,,1,30,,23298,18,,,1,70,,23299,18,,,1,30,,23300,18,,,1,70,,23301,18,,,1,30,,23302,18,,,1,70,,23303,18,,,1,30,,23304,18,,,1,70,,23305,18,,,1,30,,23306,18,,,1,70,,23307,18,,,1,30,,23308,18,,,1,68,,23309,18,,,1,30,,23310,18,,,1,70,,23311,18,,,1,30,,23312,18,,,1,70,,23313,18,,,1,30,,23314,18,,,1,70,,23315,18,,,1,30,,23316,18,,,1,70,,23317,18,,,1,30,,23318,18,,,1,70,,23319,18,,,1,30,,23320,18,,,1,70,,23321,18,,,1
800,'8-Sunday-10000001',719,,23356,18,,,1,30,,23355,18,,,1,70,,23322,18,,,1,30,,23323,18,,,1,70,,23324,18,,,1,30,,23325,18,,,1,71,,23326,18,,,1,30,,23327,18,,,1,70,,23328,18,,,1,30,,23329,18,,,1,70,,23330,18,,,1,30,,23331,18,,,1,70,,23332,18,,,1,30,,23333,18,,,1,70,,23334,18,,,1,30,,23335,18,,,1,70,,23336,18,,,1,30,,23337,18,,,1,70,,23338,18,,,1,30,,23339,18,,,1,70,,23340,18,,,1,30,,23341,18,,,1,69,,23342,18,,,1,30,,23343,18,,,1,70,,23344,18,,,1,30,,23345,18,,,1,70,,23346,18,,,1,30,,23347,18,,,1,70,,23348,18,,,1,30,,23349,18,,,1,70,,23350,18,,,1,30,,23351,18,,,1,70,,23352,18,,,1,30,,23353,18,,,1,70,,23354,18,,,1
800,'8-Weekday-11111100',550,,23407,7,,,1,70,,23357,18,,,1,30,,23358,18,,,1,62,,23406,18,,,1,15,,23359,18,,,1,15,,23360,18,,,1,15,,23361,18,,,1,55,,23362,18,,,1,15,,23363,18,,,1,15,,23364,18,,,1,15,,23365,18,,,1,55,,23366,18,,,1,15,,23367,18,,,1,14,,23368,18,,,1,15,,23369,18,,,1,55,,23417,18,,,1,15,,23370,18,,,1,15,,23409,18,,,1,15,,23371,18,,,1,55,,23410,18,,,1,15,,23372,18,,,1,15,,23411,18,,,1,15,,23373,18,,,1,55,,23412,18,,,1,15,,23374,18,,,1,15,,23413,18,,,1,15,,23375,18,,,1,55,,23414,18,,,1,15,,23376,18,,,1,15,,23415,18,,,1,15,,23377,18,,,1,55,,23416,18,,,1,15,,23378,18,,,1,16,,23408,18,,,1,16,,23379,18,,,1,55,,23380,18,,,1,15,,23381,18,,,1,15,,23382,18,,,1,15,,23383,18,,,1,55,,23384,18,,,1,15,,23385,18,,,1,15,,23386,18,,,1,15,,23387,18,,,1,55,,23388,18,,,1,15,,23389,18,,,1,15,,23390,18,,,1,15,,23391,18,,,1,54,,23392,18,,,1,19,,23393,18,,,1,20,,23394,18,,,1,55,,23420,18,,,1,15,,23395,18,,,1,15,,23421,18,,,1,15,,23396,18,,,1,55,,23422,18,,,1,15,,23397,18,,,1,15,,23423,18,,,1,15,,23398,18,,,1,55,,23419,18,,,1,15,,23399,18,,,1,15,,23424,18,,,1,15,,23400,18,,,1,54,,23425,18,,,1,14,,23401,18,,,1,30,,23402,18,,,1,70,,23403,18,,,1,30,,23404,18,,,1,70,,23405,18,,,1,30,,23418,18,,,1
2001,'20-Saturday-10000010',640,,25476,21,,,1,70,,25477,21,,,1,30,,25478,21,,,1,70,,25479,21,,,1,30,,25480,21,,,1,72,,25481,21,,,1,30,,25482,21,,,1,70,,25483,21,,,1,30,,25484,21,,,1,70,,25485,21,,,1,30,,25486,21,,,1,70,,25487,21,,,1,30,,25488,21,,,1,70,,25489,21,,,1,30,,25490,21,,,1,70,,25491,21,,,1,30,,25492,21,,,1,70,,25493,21,,,1,30,,25494,21,,,1,70,,25495,21,,,1,30,,25496,21,,,1,70,,25497,21,,,1,30,,25498,21,,,1,68,,25499,21,,,1,30,,25500,21,,,1,70,,25501,21,,,1,30,,25502,21,,,1,70,,25503,21,,,1,30,,25504,21,,,1,70,,25505,21,,,1,30,,25506,21,,,1,70,,25507,21,,,1,30,,25508,21,,,1,70,,25509,21,,,1,30,,25510,21,,,1,70,,25511,21,,,1
2001,'20-Sunday-10000001',800,,25512,21,,,1,30,,25513,21,,,1,70,,25514,21,,,1,30,,25515,21,,,1,70,,25516,21,,,1,31,,25517,21,,,1,70,,25518,21,,,1,30,,25519,21,,,1,70,,25520,21,,,1,30,,25521,21,,,1,70,,25522,21,,,1,30,,25523,21,,,1,70,,25524,21,,,1,30,,25525,21,,,1,70,,25526,21,,,1,30,,25527,21,,,1,70,,25528,21,,,1,30,,25529,21,,,1,70,,25530,21,,,1,30,,25531,21,,,1,70,,25532,21,,,1,29,,25533,21,,,1,70,,25534,21,,,1,30,,25535,21,,,1,70,,25536,21,,,1,30,,25537,21,,,1,70,,25538,21,,,1,30,,25539,21,,,1,70,,25540,21,,,1,30,,25541,21,,,1,70,,25542,21,,,1,30,,25543,21,,,1
2001,'20-Weekday-11111100',607,,25544,21,,,1,30,,25545,21,,,1,71,,25546,21,,,1,14,,25547,21,,,1,30,,25548,21,,,1,70,,25549,21,,,1,30,,25550,21,,,1,70,,25551,21,,,1,31,,25552,21,,,1,70,,25553,21,,,1,30,,25579,21,,,1,70,,25554,21,,,1,30,,25555,21,,,1,70,,25556,21,,,1,30,,25557,21,,,1,70,,25558,21,,,1,30,,25559,21,,,1,70,,25560,21,,,1,31,,25561,21,,,1,60,,25562,21,,,1,30,,25563,21,,,1,70,,25564,21,,,1,30,,25565,21,,,1,70,,25566,21,,,1,30,,25567,21,,,1,69,,25568,21,,,1,39,,25581,21,,,1,70,,25569,21,,,1,30,,25580,21,,,1,70,,25570,21,,,1,30,,25571,21,,,1,70,,25572,21,,,1,30,,25573,21,,,1,68,,25574,21,,,1,20,,25575,21,,,1,70,,25576,21,,,1,30,,25577,21,,,1,70,,25578,21,,,1
20400,'204-Saturday-10000010',637,,30894,16,,,1,70,,30895,16,,,1,30,,30896,16,,,1,70,,30897,16,,,1,30,,30898,16,,,1,70,,30899,16,,,1,30,,30900,16,,,1,70,,30901,16,,,1,30,,30902,16,,,1,70,,30903,16,,,1,30,,30904,16,,,1,70,,30905,16,,,1,30,,30906,16,,,1,70,,30907,16,,,1,30,,30908,16,,,1,70,,30909,16,,,1,30,,30910,16,,,1,70,,30911,16,,,1,30,,30912,16,,,1,70,,30913,16,,,1,30,,30914,16,,,1,70,,30915,16,,,1,30,,30916,16,,,1,70,,30917,16,,,1,30,,30918,16,,,1,70,,30919,16,,,1,30,,30920,16,,,1,70,,30921,16,,,1,30,,30922,16,,,1,70,,30923,16,,,1,30,,30924,16,,,1,70,,30925,16,,,1,30,,30926,16,,,1,70,,30927,16,,,1,30,,30928,16,,,1,70,,30929,16,,,1
20400,'204-Sunday-10000001',737,,30931,16,,,1,70,,30932,16,,,1,30,,30933,16,,,1,70,,30934,16,,,1,30,,30935,16,,,1,70,,30936,16,,,1,30,,30937,16,,,1,70,,30938,16,,,1,30,,30939,16,,,1,70,,30930,16,,,1,30,,30940,16,,,1,70,,30941,16,,,1,30,,30942,16,,,1,70,,30943,16,,,1,30,,30944,16,,,1,70,,30945,16,,,1,30,,30946,16,,,1,70,,30947,16,,,1,30,,30948,16,,,1,70,,30949,16,,,1,30,,30950,16,,,1,70,,30951,16,,,1,30,,30952,16,,,1,70,,30953,16,,,1,30,,30954,16,,,1,70,,30955,16,,,1,30,,30956,16,,,1,70,,30957,16,,,1,30,,30958,16,,,1,70,,30959,16,,,1,30,,30960,16,,,1,70,,30961,16,,,1,30,,30962,16,,,1,70,,30963,16,,,1
20400,'204-Weekday-11111100',607,,31022,16,,,1,30,,30964,16,,,1,71,,30965,16,,,1,18,,30966,16,,,1,15,,30967,16,,,1,15,,30968,16,,,1,55,,30969,16,,,1,15,,30970,16,,,1,15,,30971,16,,,1,15,,30972,16,,,1,55,,30973,16,,,1,15,,30974,16,,,1,14,,30975,16,,,1,14,,30976,16,,,1,55,,30977,16,,,1,15,,30978,16,,,1,15,,30979,16,,,1,15,,30980,16,,,1,55,,30981,16,,,1,15,,30982,16,,,1,15,,30983,16,,,1,15,,30984,16,,,1,55,,30985,16,,,1,15,,30986,16,,,1,15,,30987,16,,,1,15,,30988,16,,,1,55,,30989,16,,,1,15,,30990,16,,,1,15,,30991,16,,,1,15,,30992,16,,,1,55,,30993,16,,,1,15,,30994,16,,,1,16,,30995,16,,,1,16,,30996,16,,,1,55,,30997,16,,,1,15,,30998,16,,,1,15,,30999,16,,,1,15,,31000,16,,,1,55,,31001,16,,,1,15,,31002,16,,,1,15,,31003,16,,,1,15,,31004,16,,,1,55,,31005,16,,,1,15,,31006,16,,,1,15,,31007,16,,,1,15,,31008,16,,,1,54,,31009,16,,,1,14,,31023,16,,,1,15,,31010,16,,,1,70,,31011,16,,,1,30,,31012,16,,,1,70,,31013,16,,,1,30,,31014,16,,,1,70,,31015,16,,,1,30,,31016,16,,,1,70,,31017,16,,,1,28,,31018,16,,,1,70,,31019,16,,,1,30,,31020,16,,,1,70,,31021,16,,,1
