1201,'12-Holiday1-10000001',740,,35058,6,,,1,70,,35056,6,,,1,30,,35024,6,,,1,70,,35025,6,,,1,30,,35026,6,,,1,72,,35027,6,,,1,31,,35028,6,,,1,70,,35029,6,,,1,30,,35030,6,,,1,70,,35031,6,,,1,30,,35032,6,,,1,70,,35033,6,,,1,30,,35034,6,,,1,70,,35035,6,,,1,30,,35036,6,,,1,70,,35037,6,,,1,30,,35038,6,,,1,70,,35039,6,,,1,30,,35040,6,,,1,70,,35041,6,,,1,30,,35042,6,,,1,68,,35043,6,,,1,29,,35044,6,,,1,70,,35045,6,,,1,30,,35046,6,,,1,70,,35047,6,,,1,30,,35048,6,,,1,70,,35049,6,,,1,30,,35050,6,,,1,70,,35051,6,,,1,30,,35052,6,,,1,70,,35053,6,,,1,30,,35054,6,,,1,70,,35055,6,,,1
1201,'12-Saturday-10000010',640,,35059,6,,,1,70,,35060,6,,,1,30,,35061,6,,,1,70,,35062,6,,,1,30,,35063,6,,,1,72,,35064,6,,,1,34,,35065,6,,,1,70,,35066,6,,,1,30,,35067,6,,,1,70,,35068,6,,,1,30,,35069,6,,,1,70,,35070,6,,,1,30,,35071,6,,,1,70,,35072,6,,,1,30,,35073,6,,,1,70,,35074,6,,,1,30,,35075,6,,,1,70,,35076,6,,,1,30,,35077,6,,,1,70,,35078,6,,,1,30,,35079,6,,,1,70,,35080,6,,,1,30,,35081,6,,,1,67,,35082,6,,,1,27,,35083,6,,,1,70,,35084,6,,,1,30,,35085,6,,,1,70,,35086,6,,,1,30,,35087,6,,,1,70,,35088,6,,,1,30,,35089,6,,,1,70,,35090,6,,,1,30,,35091,6,,,1,70,,35092,6,,,1,30,,35093,6,,,1,70,,35094,6,,,1
1201,'12-Sunday-10000001',740,,35130,6,,,1,70,,35128,6,,,1,30,,35096,6,,,1,70,,35097,6,,,1,30,,35098,6,,,1,72,,35099,6,,,1,31,,35100,6,,,1,70,,35101,6,,,1,30,,35102,6,,,1,70,,35103,6,,,1,30,,35104,6,,,1,70,,35105,6,,,1,30,,35106,6,,,1,70,,35107,6,,,1,30,,35108,6,,,1,70,,35109,6,,,1,30,,35110,6,,,1,70,,35111,6,,,1,30,,35112,6,,,1,70,,35113,6,,,1,30,,35114,6,,,1,68,,35115,6,,,1,29,,35116,6,,,1,70,,35117,6,,,1,30,,35118,6,,,1,70,,35119,6,,,1,30,,35120,6,,,1,70,,35121,6,,,1,30,,35122,6,,,1,70,,35123,6,,,1,30,,35124,6,,,1,70,,35125,6,,,1,30,,35126,6,,,1,70,,35127,6,,,1
1201,'12-Weekday-11111100',549,,35131,6,,,1,62,,35132,6,,,1,30,,35134,6,,,1,72,,35136,6,,,1,24,,35176,6,,,1,15,,35138,6,,,1,55,,35139,6,,,1,15,,35140,6,,,1,15,,35141,6,,,1,15,,35142,6,,,1,55,,35143,6,,,1,15,,35144,6,,,1,16,,35145,6,,,1,15,,35146,6,,,1,55,,35184,6,,,1,15,,35148,6,,,1,15,,35185,6,,,1,15,,35183,6,,,1,55,,35186,6,,,1,15,,35149,6,,,1,15,,35187,6,,,1,15,,35151,6,,,1,55,,35188,6,,,1,15,,35153,6,,,1,15,,35189,6,,,1,15,,35155,6,,,1,55,,35190,6,,,1,15,,35156,6,,,1,15,,35191,6,,,1,15,,35158,6,,,1,55,,35192,6,,,1,15,,35160,6,,,1,15,,35182,6,,,1,17,,35162,6,,,1,56,,35164,6,,,1,16,,35177,6,,,1,15,,35166,6,,,1,15,,35178,6,,,1,55,,35167,6,,,1,15,,35168,6,,,1,15,,35169,6,,,1,15,,35170,6,,,1,55,,35171,6,,,1,15,,35172,6,,,1,15,,35173,6,,,1,15,,35174,6,,,1,54,,35175,6,,,1,13,,35133,6,,,1,13,,35137,6,,,1,19,,35181,6,,,1,60,,35180,6,,,1,15,,35193,6,,,1,15,,35163,6,,,1,55,,35194,6,,,1,15,,35152,6,,,1,15,,35195,6,,,1,15,,35159,6,,,1,55,,35196,6,,,1,15,,35165,6,,,1,15,,35197,6,,,1,15,,35161,6,,,1,67,,35157,6,,,1,27,,35154,6,,,1,70,,35150,6,,,1,30,,35147,6,,,1,70,,35135,6,,,1
2901,'29-Saturday-10000010',740,,37392,26,,,1,70,,37393,26,,,1,30,,37394,26,,,1,72,,37395,26,,,1,30,,37396,26,,,1,70,,37397,26,,,1,30,,37398,26,,,1,70,,37399,26,,,1,30,,37400,26,,,1,70,,37401,26,,,1,30,,37402,26,,,1,70,,37403,26,,,1,30,,37404,26,,,1,70,,37405,26,,,1,30,,37406,26,,,1,70,,37407,26,,,1,30,,37408,26,,,1,70,,37409,26,,,1,30,,37410,26,,,1,70,,37411,26,,,1,30,,37412,26,,,1,69,,37413,26,,,1,30,,37414,26,,,1,70,,37415,26,,,1,30,,37416,26,,,1,70,,37417,26,,,1,30,,37418,26,,,1,70,,37419,26,,,1,30,,37420,26,,,1,70,,37421,26,,,1,30,,37422,26,,,1,70,,37423,26,,,1,30,,37424,26,,,1,100,,37425,26,,,1
2901,'29-Sunday-20000001',840,,37426,26,,,1,70,,37427,26,,,1,30,,37428,26,,,1,71,,37429,26,,,1,30,,37430,26,,,1,70,,37431,26,,,1,30,,37432,26,,,1,70,,37433,26,,,1,30,,37434,26,,,1,70,,37435,26,,,1,30,,37436,26,,,1,70,,37437,26,,,1,30,,37438,26,,,1,70,,37439,26,,,1,30,,37440,26,,,1,70,,37441,26,,,1,30,,37442,26,,,1,70,,37443,26,,,1,30,,37444,26,,,1,69,,37445,26,,,1,25,,37446,26,,,1,70,,37447,26,,,1,30,,37448,26,,,1,70,,37449,26,,,1,30,,37450,26,,,1,70,,37451,26,,,1,30,,37452,26,,,1,70,,37453,26,,,1,30,,37454,26,,,1,70,,37455,26,,,1,30,,37456,26,,,1,100,,37457,26,,,1
2901,'29-Weekday-11111100',604,,37494,15,,,1,24,,37460,26,,,1,30,,37461,26,,,1,77,,37462,26,,,1,70,,37463,26,,,1,30,,37464,26,,,1,70,,37465,26,,,1,30,,37466,26,,,1,69,,37467,26,,,1,30,,37468,26,,,1,70,,37469,26,,,1,30,,37470,26,,,1,70,,37471,26,,,1,30,,37472,26,,,1,70,,37473,26,,,1,30,,37474,26,,,1,70,,37475,26,,,1,31,,37459,26,,,1,73,,37458,26,,,1,30,,37476,26,,,1,70,,37477,26,,,1,30,,37478,26,,,1,70,,37479,26,,,1,30,,37480,26,,,1,69,,37481,26,,,1,28,,37482,26,,,1,70,,37483,26,,,1,30,,37484,26,,,1,70,,37485,26,,,1,30,,37486,26,,,1,70,,37487,26,,,1,30,,37488,26,,,1,69,,37489,26,,,1,25,,37490,26,,,1,30,,37491,26,,,1,70,,37492,26,,,1,30,,37493,26,,,1
20201,'202-Holiday1-10000001',756,,41286,18,,,1,70,,41287,18,,,1,30,,41288,18,,,1,70,,41285,18,,,1,30,,41289,18,,,1,71,,41290,18,,,1,30,,41291,18,,,1,70,,41292,18,,,1,30,,41293,18,,,1,70,,41294,18,,,1,30,,41295,18,,,1,70,,41296,18,,,1,30,,41297,18,,,1,70,,41298,18,,,1,30,,41299,18,,,1,70,,41300,18,,,1,30,,41301,18,,,1,70,,41302,18,,,1,30,,41303,18,,,1,70,,41304,18,,,1,30,,41305,18,,,1,69,,41306,18,,,1,30,,41307,18,,,1,70,,41308,18,,,1,30,,41309,18,,,1,70,,41310,18,,,1,30,,41311,18,,,1,70,,41312,18,,,1,30,,41313,18,,,1,70,,41314,18,,,1,30,,41315,18,,,1,70,,41316,18,,,1,30,,41317,18,,,1,70,,41318,18,,,1
20201,'202-Saturday-10000010',726,,41319,18,,,1,30,,41320,18,,,1,70,,41321,18,,,1,30,,41322,18,,,1,71,,41323,18,,,1,30,,41324,18,,,1,70,,41325,18,,,1,30,,41326,18,,,1,70,,41327,18,,,1,30,,41328,18,,,1,70,,41329,18,,,1,30,,41330,18,,,1,70,,41331,18,,,1,30,,41332,18,,,1,70,,41333,18,,,1,30,,41334,18,,,1,70,,41335,18,,,1,30,,41336,18,,,1,70,,41337,18,,,1,30,,41338,18,,,1,70,,41339,18,,,1,30,,41340,18,,,1,68,,41341,18,,,1,30,,41342,18,,,1,70,,41343,18,,,1,30,,41344,18,,,1,70,,41345,18,,,1,30,,41346,18,,,1,70,,41347,18,,,1,30,,41348,18,,,1,70,,41349,18,,,1,30,,41350,18,,,1,70,,41351,18,,,1,30,,41352,18,,,1,70,,41353,18,,,1
20201,'202-Sunday-10000001',755,,41355,18,,,1,70,,41356,18,,,1,30,,41357,18,,,1,70,,41354,18,,,1,30,,41358,18,,,1,72,,41359,18,,,1,30,,41360,18,,,1,70,,41361,18,,,1,30,,41362,18,,,1,70,,41363,18,,,1,30,,41364,18,,,1,70,,41365,18,,,1,30,,41366,18,,,1,70,,41367,18,,,1,30,,41368,18,,,1,70,,41369,18,,,1,30,,41370,18,,,1,70,,41371,18,,,1,30,,41372,18,,,1,70,,41373,18,,,1,30,,41374,18,,,1,68,,41375,18,,,1,30,,41376,18,,,1,70,,41377,18,,,1,30,,41378,18,,,1,70,,41379,18,,,1,30,,41380,18,,,1,70,,41381,18,,,1,30,,41382,18,,,1,70,,41383,18,,,1,30,,41384,18,,,1,70,,41385,18,,,1,30,,41386,18,,,1,70,,41387,18,,,1
20201,'202-Weekday-21111100',625,,41389,18,,,1,30,,41390,18,,,1,74,,41391,18,,,1,10,,41446,18,,,1,10,,41424,18,,,1,10,,41392,18,,,1,50,,41447,18,,,1,10,,41425,18,,,1,10,,41393,18,,,1,10,,41448,18,,,1,10,,41426,18,,,1,10,,41388,18,,,1,50,,41449,18,,,1,10,,41427,18,,,1,10,,41394,18,,,1,11,,41450,18,,,1,9,,41428,18,,,1,10,,41395,18,,,1,50,,41429,18,,,1,15,,41396,18,,,1,15,,41430,18,,,1,15,,41397,18,,,1,55,,41431,18,,,1,15,,41398,18,,,1,15,,41432,18,,,1,15,,41399,18,,,1,55,,41433,18,,,1,15,,41400,18,,,1,15,,41434,18,,,1,15,,41401,18,,,1,55,,41435,18,,,1,15,,41402,18,,,1,15,,41436,18,,,1,15,,41403,18,,,1,55,,41437,18,,,1,15,,41404,18,,,1,15,,41438,18,,,1,62,,41405,18,,,1,10,,41451,18,,,1,10,,41439,18,,,1,10,,41406,18,,,1,10,,41452,18,,,1,10,,41440,18,,,1,50,,41407,18,,,1,10,,41453,18,,,1,10,,41441,18,,,1,10,,41408,18,,,1,10,,41454,18,,,1,10,,41442,18,,,1,50,,41409,18,,,1,10,,41455,18,,,1,10,,41443,18,,,1,10,,41410,18,,,1,10,,41456,18,,,1,10,,41444,18,,,1,50,,41411,18,,,1,9,,41457,18,,,1,9,,41445,18,,,1,9,,41412,18,,,1,30,,41423,18,,,1,70,,41413,18,,,1,30,,41414,18,,,1,70,,41415,18,,,1,30,,41416,18,,,1,70,,41417,18,,,1,30,,41418,18,,,1,69,,41419,18,,,1,30,,41420,18,,,1,70,,41421,18,,,1,30,,41422,18,,,1
