5300,'53-Holiday1-10000001',852,,38743,32,4,,1,100,,38744,32,4,,1,103,,38745,32,4,,1,100,,38746,32,4,,1,100,,38747,32,4,,1,100,,38748,32,4,,1,100,,38749,32,4,,1,100,,38750,32,4,,1,100,,38751,32,4,,1,100,,38752,32,4,,1,97,,38753,32,4,,1,100,,38754,32,4,,1,100,,38755,32,4,,1,100,,38756,32,4,,1,100,,38757,32,4,,1,100,,38758,32,4,,1
5300,'53-Saturday-10000010',725,,38759,32,4,,1,30,,38760,32,4,,1,70,,38761,32,4,,1,30,,38762,32,4,,1,72,,38763,32,4,,1,30,,38764,32,4,,1,70,,38765,32,4,,1,30,,38766,32,4,,1,70,,38767,32,4,,1,30,,38768,32,4,,1,70,,38769,32,4,,1,30,,38770,32,4,,1,70,,38771,32,4,,1,30,,38772,32,4,,1,70,,38773,32,4,,1,30,,38774,32,4,,1,70,,38775,32,4,,1,30,,38776,32,4,,1,70,,38777,32,4,,1,30,,38778,32,4,,1,70,,38779,32,4,,1,30,,38780,32,4,,1,68,,38781,32,4,,1,30,,38782,32,4,,1,100,,38783,32,4,,1,100,,38784,32,4,,1,100,,38785,32,4,,1,100,,38786,32,4,,1,100,,38787,32,4,,1
5300,'53-Sunday-10000001',822,,38788,32,4,,1,100,,38789,32,4,,1,103,,38790,32,4,,1,30,,38791,32,4,,1,70,,38792,32,4,,1,30,,38793,32,4,,1,70,,38794,32,4,,1,30,,38795,32,4,,1,70,,38796,32,4,,1,30,,38797,32,4,,1,70,,38798,32,4,,1,30,,38799,32,4,,1,70,,38800,32,4,,1,30,,38801,32,4,,1,70,,38802,32,4,,1,30,,38803,32,4,,1,70,,38804,32,4,,1,30,,38805,32,4,,1,97,,38806,32,4,,1,100,,38807,32,4,,1,100,,38808,32,4,,1,100,,38809,32,4,,1,100,,38810,32,4,,1,100,,38811,32,4,,1
5300,'53-Weekday-11111100',630,,38839,37,4,,1,70,,38840,37,4,,1,30,,38841,37,4,,1,70,,38842,37,4,,1,30,,38843,37,4,,1,27,,38828,32,4,,1,70,,38829,32,4,,1,29,,38830,32,4,,1,70,,38821,32,4,,1,30,,38822,32,4,,1,70,,38823,32,4,,1,30,,38824,32,4,,1,70,,38825,32,4,,1,30,,38826,32,4,,1,70,,38827,32,4,,1,30,,38846,32,4,,1,82,,38831,37,4,,1,74,,38847,37,4,,1,30,,38834,37,4,,1,70,,38838,37,4,,1,30,,38837,37,4,,1,70,,38836,37,4,,1,30,,38835,37,4,,1,68,,38844,37,4,,1,19,,38845,37,4,,1,25,,38820,32,4,,1,70,,38814,32,4,,1,30,,38815,32,4,,1,70,,38816,32,4,,1,30,,38817,32,4,,1,70,,38813,32,4,,1,30,,38812,32,4,,1,72,,38833,37,4,,1,30,,38832,37,4,,1,64,,38818,32,4,,1,35,,38819,32,4,,1
5301,'53-Holiday1-10000001',845,,38848,1,,,1,100,,38849,1,,,1,100,,38850,1,,,1,100,,38851,1,,,1,100,,38852,1,,,1,100,,38853,1,,,1,100,,38854,1,,,1,100,,38855,1,,,1,100,,38856,1,,,1,100,,38857,1,,,1,100,,38858,1,,,1,100,,38859,1,,,1,100,,38860,1,,,1,100,,38861,1,,,1,100,,38862,1,,,1
5301,'53-Saturday-10000010',645,,38891,1,,,1,70,,38864,1,,,1,30,,38865,1,,,1,70,,38866,1,,,1,30,,38867,1,,,1,70,,38868,1,,,1,30,,38869,1,,,1,70,,38870,1,,,1,30,,38871,1,,,1,70,,38872,1,,,1,30,,38873,1,,,1,70,,38874,1,,,1,30,,38875,1,,,1,70,,38876,1,,,1,30,,38877,1,,,1,70,,38878,1,,,1,30,,38879,1,,,1,70,,38880,1,,,1,30,,38881,1,,,1,70,,38882,1,,,1,30,,38883,1,,,1,70,,38884,1,,,1,30,,38885,1,,,1,70,,38886,1,,,1,30,,38887,1,,,1,100,,38888,1,,,1,100,,38889,1,,,1,100,,38890,1,,,1,100,,38863,1,,,1,155,,38892,1,,,1
5301,'53-Sunday-10000001',815,,38893,1,,,1,100,,38894,1,,,1,100,,38895,1,,,1,30,,38896,1,,,1,70,,38897,1,,,1,30,,38898,1,,,1,70,,38899,1,,,1,30,,38900,1,,,1,70,,38901,1,,,1,30,,38902,1,,,1,70,,38903,1,,,1,30,,38904,1,,,1,70,,38905,1,,,1,30,,38906,1,,,1,70,,38907,1,,,1,30,,38908,1,,,1,70,,38909,1,,,1,30,,38910,1,,,1,100,,38911,1,,,1,100,,38912,1,,,1,100,,38913,1,,,1,100,,38914,1,,,1,100,,38915,1,,,1
5301,'53-Weekday-11111100',530,,38937,1,,,1,70,,38938,1,,,1,30,,38939,1,,,1,70,,38940,1,,,1,30,,38941,1,,,1,70,,38942,1,,,1,30,,38916,1,,,1,70,,38917,1,,,1,30,,38918,1,,,1,70,,38919,1,,,1,30,,38920,1,,,1,70,,38921,1,,,1,30,,38922,1,,,1,70,,38923,1,,,1,30,,38924,1,,,1,70,,38925,1,,,1,30,,38952,1,,,1,70,,38947,1,,,1,25,,38946,1,,,1,25,,38945,1,,,1,70,,38944,1,,,1,30,,38943,1,,,1,70,,38950,1,,,1,30,,38951,1,,,1,70,,38926,1,,,1,30,,38927,1,,,1,80,,38928,1,,,1,70,,38929,1,,,1,30,,38930,1,,,1,70,,38931,1,,,1,30,,38932,1,,,1,70,,38933,1,,,1,30,,38949,1,,,1,70,,38948,1,,,1,30,,38934,1,,,1,70,,38935,1,,,1,30,,38936,1,,,1
5600,'56-Holiday1-11111111',800,,39161,1,,,1,45,,39162,1,,,1,85,,39163,1,,,1,85,,39164,1,,,1,85,,39165,1,,,1,45,,39166,1,,,1,85,,39167,1,,,1,85,,39168,1,,,1,85,,39169,1,,,1,45,,39170,1,,,1,85,,39171,1,,,1,85,,39172,1,,,1,85,,39173,1,,,1,45,,39174,1,,,1,85,,39175,1,,,1,85,,39176,1,,,1,85,,39177,1,,,1,45,,39178,1,,,1,85,,39179,1,,,1,85,,39180,1,,,1,85,,39181,1,,,1
5600,'56-Saturday-10000010',645,,39182,1,,,1,85,,39183,1,,,1,70,,39184,1,,,1,30,,39185,1,,,1,70,,39186,1,,,1,30,,39187,1,,,1,70,,39188,1,,,1,30,,39189,1,,,1,70,,39190,1,,,1,30,,39191,1,,,1,70,,39192,1,,,1,30,,39193,1,,,1,70,,39194,1,,,1,30,,39195,1,,,1,70,,39196,1,,,1,30,,39197,1,,,1,70,,39198,1,,,1,30,,39199,1,,,1,70,,39200,1,,,1,30,,39201,1,,,1,70,,39202,1,,,1,30,,39203,1,,,1,70,,39204,1,,,1,45,,39205,1,,,1,85,,39206,1,,,1,85,,39207,1,,,1,85,,39208,1,,,1,45,,39209,1,,,1,85,,39210,1,,,1,85,,39211,1,,,1
5600,'56-Sunday-10000001',830,,39212,1,,,1,70,,39213,1,,,1,30,,39214,1,,,1,70,,39215,1,,,1,30,,39216,1,,,1,70,,39217,1,,,1,30,,39218,1,,,1,70,,39219,1,,,1,30,,39220,1,,,1,70,,39221,1,,,1,30,,39222,1,,,1,70,,39223,1,,,1,30,,39224,1,,,1,70,,39225,1,,,1,30,,39226,1,,,1,70,,39227,1,,,1,30,,39228,1,,,1,70,,39229,1,,,1,30,,39230,1,,,1,70,,39231,1,,,1,45,,39232,1,,,1,85,,39233,1,,,1,85,,39234,1,,,1,85,,39235,1,,,1,45,,39236,1,,,1,85,,39237,1,,,1,85,,39238,1,,,1
5600,'56-Weekday-11111100',530,,39272,1,,,1,70,,39273,1,,,1,30,,39274,1,,,1,70,,39275,1,,,1,30,,39239,1,,,1,70,,39240,1,,,1,30,,39241,1,,,1,70,,39242,1,,,1,30,,39271,1,,,1,70,,39270,1,,,1,30,,39269,1,,,1,70,,39268,1,,,1,30,,39267,1,,,1,70,,39266,1,,,1,30,,39265,1,,,1,70,,39264,1,,,1,30,,39263,1,,,1,70,,39262,1,,,1,30,,39261,1,,,1,70,,39260,1,,,1,30,,39259,1,,,1,70,,39258,1,,,1,30,,39257,1,,,1,70,,39256,1,,,1,30,,39255,1,,,1,70,,39254,1,,,1,30,,39253,1,,,1,70,,39252,1,,,1,30,,39251,1,,,1,70,,39250,1,,,1,30,,39249,1,,,1,70,,39248,1,,,1,30,,39247,1,,,1,70,,39246,1,,,1,30,,39245,1,,,1,70,,39244,1,,,1,30,,39243,1,,,1
5601,'56-Holiday1-11111111',833,,39276,21,4,,1,85,,39277,21,4,,1,86,,39278,21,4,,1,47,,39279,21,4,,1,85,,39280,21,4,,1,85,,39281,21,4,,1,85,,39282,21,4,,1,45,,39283,21,4,,1,85,,39284,21,4,,1,85,,39285,21,4,,1,85,,39286,21,4,,1,45,,39287,21,4,,1,85,,39288,21,4,,1,84,,39289,21,4,,1,83,,39290,21,4,,1,45,,39291,21,4,,1,85,,39292,21,4,,1,85,,39293,21,4,,1,85,,39294,21,4,,1,45,,39295,21,4,,1,85,,39296,21,4,,1
5601,'56-Saturday-10000010',719,,39297,21,4,,1,85,,39298,21,4,,1,30,,39299,21,4,,1,71,,39300,21,4,,1,34,,39301,21,4,,1,70,,39302,21,4,,1,30,,39303,21,4,,1,70,,39304,21,4,,1,30,,39305,21,4,,1,70,,39306,21,4,,1,30,,39307,21,4,,1,70,,39308,21,4,,1,30,,39309,21,4,,1,70,,39310,21,4,,1,30,,39311,21,4,,1,70,,39312,21,4,,1,30,,39313,21,4,,1,70,,39314,21,4,,1,30,,39315,21,4,,1,70,,39316,21,4,,1,30,,39317,21,4,,1,69,,39318,21,4,,1,27,,39319,21,4,,1,85,,39320,21,4,,1,85,,39321,21,4,,1,45,,39322,21,4,,1,85,,39323,21,4,,1,85,,39324,21,4,,1,85,,39325,21,4,,1,45,,39326,21,4,,1
5601,'56-Sunday-10000001',903,,39327,21,4,,1,30,,39328,21,4,,1,71,,39329,21,4,,1,32,,39330,21,4,,1,70,,39331,21,4,,1,30,,39332,21,4,,1,70,,39333,21,4,,1,30,,39334,21,4,,1,70,,39335,21,4,,1,30,,39336,21,4,,1,70,,39337,21,4,,1,30,,39338,21,4,,1,70,,39339,21,4,,1,30,,39340,21,4,,1,70,,39341,21,4,,1,30,,39342,21,4,,1,70,,39343,21,4,,1,30,,39344,21,4,,1,69,,39345,21,4,,1,28,,39346,21,4,,1,85,,39347,21,4,,1,85,,39348,21,4,,1,45,,39349,21,4,,1,85,,39350,21,4,,1,85,,39351,21,4,,1,85,,39352,21,4,,1,45,,39353,21,4,,1
5601,'56-Weekday-11111100',605,,39354,21,4,,1,30,,39355,21,4,,1,70,,39356,21,4,,1,32,,39357,21,4,,1,70,,39358,21,4,,1,30,,39359,21,4,,1,70,,39360,21,4,,1,30,,39361,21,4,,1,72,,39362,21,4,,1,30,,39363,21,4,,1,70,,39364,21,4,,1,30,,39365,21,4,,1,70,,39366,21,4,,1,30,,39367,21,4,,1,70,,39368,21,4,,1,30,,39369,21,4,,1,70,,39370,21,4,,1,37,,39371,21,4,,1,68,,39372,21,4,,1,30,,39373,21,4,,1,70,,39374,21,4,,1,30,,39375,21,4,,1,70,,39376,21,4,,1,30,,39377,21,4,,1,68,,39378,21,4,,1,25,,39379,21,4,,1,70,,39380,21,4,,1,30,,39381,21,4,,1,70,,39382,21,4,,1,30,,39383,21,4,,1,70,,39384,21,4,,1,30,,39385,21,4,,1,69,,39386,21,4,,1,28,,39387,21,4,,1,70,,39388,21,4,,1,30,,39389,21,4,,1,70,,39390,21,4,,1
5800,'58-Holiday1-11111111',835,,39497,23,4,,1,100,,39496,23,4,,1,99,,39495,23,4,,1,100,,39494,23,4,,1,100,,39493,23,4,,1,100,,39492,23,4,,1,100,,39491,23,4,,1,100,,39490,23,4,,1,100,,39489,23,4,,1,100,,39488,23,4,,1,100,,39487,23,4,,1,100,,39486,23,4,,1,100,,39485,23,4,,1,100,,39484,23,4,,1,100,,39483,23,4,,1,100,,39482,23,4,,1
5800,'58-Saturday-10000010',735,,39504,23,4,,1,70,,39503,23,4,,1,30,,39502,23,4,,1,70,,39501,23,4,,1,30,,39500,23,4,,1,70,,39499,23,4,,1,30,,39498,23,4,,1,70,,39519,23,4,,1,30,,39518,23,4,,1,70,,39517,23,4,,1,30,,39516,23,4,,1,70,,39515,23,4,,1,30,,39514,23,4,,1,70,,39513,23,4,,1,30,,39512,23,4,,1,70,,39511,23,4,,1,30,,39510,23,4,,1,70,,39509,23,4,,1,30,,39508,23,4,,1,70,,39507,23,4,,1,30,,39506,23,4,,1,70,,39505,23,4,,1,30,,39525,23,4,,1,100,,39524,23,4,,1,100,,39523,23,4,,1,100,,39522,23,4,,1,100,,39521,23,4,,1,100,,39520,23,4,,1
5800,'58-Sunday-10000001',905,,39526,23,4,,1,99,,39528,23,4,,1,100,,39527,23,4,,1,30,,39543,23,4,,1,70,,39542,23,4,,1,30,,39541,23,4,,1,70,,39540,23,4,,1,30,,39539,23,4,,1,70,,39538,23,4,,1,30,,39537,23,4,,1,70,,39536,23,4,,1,30,,39535,23,4,,1,70,,39534,23,4,,1,30,,39533,23,4,,1,70,,39532,23,4,,1,30,,39531,23,4,,1,70,,39530,23,4,,1,30,,39529,23,4,,1,100,,39548,23,4,,1,100,,39547,23,4,,1,100,,39546,23,4,,1,100,,39545,23,4,,1,100,,39544,23,4,,1
5800,'58-Weekday-11111100',554,,39549,23,4,,1,70,,39550,23,4,,1,25,,39551,23,4,,1,70,,39552,23,4,,1,31,,39553,23,4,,1,70,,39554,23,4,,1,30,,39555,23,4,,1,70,,39556,23,4,,1,30,,39557,23,4,,1,70,,39558,23,4,,1,30,,39559,23,4,,1,70,,39560,23,4,,1,30,,39561,23,4,,1,70,,39562,23,4,,1,30,,39563,23,4,,1,70,,39564,23,4,,1,30,,39565,23,4,,1,70,,39585,23,4,,1,87,,39566,23,4,,1,30,,39567,23,4,,1,70,,39568,23,4,,1,30,,39569,23,4,,1,70,,39570,23,4,,1,30,,39571,23,4,,1,69,,39572,23,4,,1,13,,39573,23,4,,1,30,,39574,23,4,,1,70,,39575,23,4,,1,30,,39576,23,4,,1,70,,39577,23,4,,1,30,,39578,23,4,,1,70,,39579,23,4,,1,30,,39580,23,4,,1,68,,39581,23,4,,1,15,,39582,23,4,,1,70,,39583,23,4,,1,30,,39584,23,4,,1
5801,'58-Holiday1-11111111',800,,39588,1,,,1,100,,39587,1,,,1,100,,39586,1,,,1,100,,39589,1,,,1,100,,39590,1,,,1,100,,39591,1,,,1,100,,39592,1,,,1,100,,39593,1,,,1,100,,39594,1,,,1,100,,39595,1,,,1,100,,39596,1,,,1,100,,39601,1,,,1,100,,39600,1,,,1,100,,39599,1,,,1,100,,39598,1,,,1,100,,39597,1,,,1
5801,'58-Saturday-10000010',630,,39609,1,,,1,70,,39608,1,,,1,30,,39607,1,,,1,70,,39606,1,,,1,30,,39605,1,,,1,70,,39604,1,,,1,30,,39603,1,,,1,70,,39602,1,,,1,30,,39625,1,,,1,70,,39624,1,,,1,30,,39623,1,,,1,70,,39622,1,,,1,30,,39621,1,,,1,70,,39620,1,,,1,30,,39619,1,,,1,70,,39618,1,,,1,30,,39617,1,,,1,70,,39616,1,,,1,30,,39615,1,,,1,70,,39614,1,,,1,30,,39613,1,,,1,70,,39612,1,,,1,30,,39611,1,,,1,70,,39610,1,,,1,100,,39627,1,,,1,100,,39629,1,,,1,100,,39630,1,,,1,100,,39628,1,,,1,100,,39626,1,,,1
5801,'58-Sunday-10000001',830,,39633,1,,,1,100,,39632,1,,,1,100,,39631,1,,,1,70,,39634,1,,,1,30,,39648,1,,,1,70,,39647,1,,,1,30,,39646,1,,,1,70,,39645,1,,,1,30,,39644,1,,,1,70,,39643,1,,,1,30,,39642,1,,,1,70,,39641,1,,,1,30,,39640,1,,,1,70,,39639,1,,,1,30,,39638,1,,,1,70,,39637,1,,,1,30,,39636,1,,,1,70,,39635,1,,,1,100,,39653,1,,,1,100,,39652,1,,,1,100,,39651,1,,,1,100,,39650,1,,,1,100,,39649,1,,,1
5801,'58-Weekday-11111100',535,,39657,1,,,1,70,,39656,1,,,1,30,,39655,1,,,1,70,,39654,1,,,1,30,,39670,1,,,1,70,,39669,1,,,1,30,,39668,1,,,1,70,,39667,1,,,1,30,,39666,1,,,1,70,,39665,1,,,1,30,,39664,1,,,1,70,,39663,1,,,1,30,,39662,1,,,1,70,,39661,1,,,1,30,,39660,1,,,1,70,,39659,1,,,1,30,,39658,1,,,1,70,,39676,1,,,1,35,,39675,1,,,1,70,,39688,1,,,1,30,,39674,1,,,1,70,,39673,1,,,1,30,,39672,1,,,1,70,,39687,1,,,1,30,,39689,1,,,1,70,,39671,1,,,1,20,,39686,1,,,1,70,,39685,1,,,1,30,,39684,1,,,1,70,,39683,1,,,1,30,,39682,1,,,1,70,,39681,1,,,1,30,,39680,1,,,1,25,,39679,1,,,1,70,,39678,1,,,1,30,,39677,1,,,1
6700,'67-Weekday-11111100',605,,40553,1,,,1,30,,40554,1,,,1,70,,40555,1,,,1,30,,40556,1,,,1,70,,40561,1,,,1,30,,40559,1,,,1,565,,40564,1,,,1,30,,40560,1,,,1,70,,40565,1,,,1,30,,40549,1,,,1,70,,40563,1,,,1,30,,40550,1,,,1,70,,40551,1,,,1,30,,40552,1,,,1,475,,40558,1,,,1,30,,40562,1,,,1,70,,40557,1,,,1
6701,'67-Weekday-11111100',650,,40579,40,4,,1,69,,40570,40,4,,1,30,,40569,40,4,,1,70,,40567,40,4,,1,30,,40582,40,4,,1,70,,40568,40,4,,1,534,,40575,40,4,,1,70,,40574,40,4,,1,30,,40573,40,4,,1,70,,40572,40,4,,1,30,,40571,40,4,,1,70,,40580,40,4,,1,30,,40576,40,4,,1,70,,40583,40,4,,1,428,,40578,40,4,,1,70,,40581,40,4,,1,30,,40577,40,4,,1
