1000,'10-Holiday1-10000001',817,,34564,2,,,1,100,,34565,2,,,1,100,,34566,2,,,1,100,,34567,2,,,1,100,,34568,2,,,1,100,,34569,2,,,1,100,,34570,2,,,1,100,,34571,2,,,1,100,,34572,2,,,1,100,,34573,2,,,1,100,,34574,2,,,1,100,,34575,2,,,1,100,,34576,2,,,1,100,,34577,2,,,1,100,,34578,2,,,1,100,,34579,2,,,1
1000,'10-Saturday-10000010',632,,34580,2,,,1,70,,34581,2,,,1,30,,34582,2,,,1,70,,34583,2,,,1,30,,34584,2,,,1,70,,34585,2,,,1,30,,34586,2,,,1,70,,34587,2,,,1,30,,34588,2,,,1,70,,34589,2,,,1,30,,34590,2,,,1,70,,34591,2,,,1,30,,34592,2,,,1,70,,34593,2,,,1,30,,34594,2,,,1,70,,34595,2,,,1,30,,34596,2,,,1,70,,34597,2,,,1,30,,34598,2,,,1,70,,34599,2,,,1,30,,34600,2,,,1,70,,34601,2,,,1,30,,34602,2,,,1,70,,34603,2,,,1,30,,34604,2,,,1,70,,34605,2,,,1,30,,34606,2,,,1,70,,34607,2,,,1,30,,34608,2,,,1,70,,34609,2,,,1,30,,34610,2,,,1,70,,34611,2,,,1,30,,34612,2,,,1,70,,34613,2,,,1,30,,34614,2,,,1
1000,'10-Sunday-10000001',752,,34646,2,,,1,70,,34615,2,,,1,30,,34616,2,,,1,70,,34617,2,,,1,30,,34618,2,,,1,70,,34619,2,,,1,30,,34620,2,,,1,70,,34621,2,,,1,30,,34622,2,,,1,70,,34623,2,,,1,30,,34624,2,,,1,70,,34625,2,,,1,30,,34626,2,,,1,70,,34627,2,,,1,30,,34628,2,,,1,70,,34629,2,,,1,30,,34630,2,,,1,70,,34631,2,,,1,30,,34632,2,,,1,70,,34633,2,,,1,30,,34634,2,,,1,70,,34635,2,,,1,30,,34636,2,,,1,70,,34637,2,,,1,30,,34638,2,,,1,70,,34639,2,,,1,30,,34640,2,,,1,70,,34641,2,,,1,30,,34642,2,,,1,70,,34643,2,,,1,30,,34644,2,,,1,70,,34645,2,,,1
1000,'10-Weekday-11111100',532,,34647,2,,,1,70,,34648,2,,,1,30,,34649,2,,,1,70,,34650,2,,,1,15,,34706,2,0,36 7,1,15,,34651,2,,,1,15,,34682,2,0,36 7,1,55,,34652,2,,,1,15,,34683,2,0,36 7,1,15,,34653,2,,,1,15,,34684,2,0,36 7,1,55,,34654,2,,,1,15,,34685,2,0,36 7,1,15,,34655,2,,,1,15,,34686,2,0,36 7,1,55,,34656,2,,,1,15,,34687,2,0,36 7,1,15,,34657,2,,,1,15,,34688,2,0,36 7,1,55,,34658,2,,,1,15,,34689,2,0,36 7,1,15,,34659,2,,,1,15,,34690,2,0,36 7,1,55,,34660,2,,,1,15,,34691,2,0,36 7,1,15,,34661,2,,,1,15,,34692,2,0,36 7,1,55,,34662,2,,,1,15,,34693,2,0,36 7,1,15,,34663,2,,,1,15,,34694,2,0,36 7,1,55,,34664,2,,,1,15,,34674,2,0,36 7,1,15,,34665,2,,,1,15,,34675,2,0,36 7,1,55,,34666,2,,,1,15,,34676,2,0,36 7,1,15,,34667,2,,,1,15,,34677,2,0,36 7,1,55,,34668,2,,,1,15,,34678,2,0,36 7,1,15,,34669,2,,,1,15,,34679,2,0,36 7,1,55,,34670,2,,,1,15,,34680,2,0,36 7,1,15,,34671,2,,,1,15,,34681,2,0,36 7,1,55,,34672,2,,,1,14,,34705,2,0,36 7,1,16,,34673,2,,,1,70,,34702,2,,,1,30,,34703,2,,,1,70,,34704,2,,,1,30,,34701,2,,,1,70,,34700,2,,,1,30,,34699,2,,,1,70,,34698,2,,,1,30,,34697,2,,,1,70,,34696,2,,,1,35,,34695,2,,,1
1600,'16-Holiday1-10000001',831,,35481,2,,,1,100,,35482,2,,,1,101,,35483,2,,,1,100,,35484,2,,,1,100,,35485,2,,,1,100,,35486,2,,,1,100,,35487,2,,,1,100,,35488,2,,,1,100,,35489,2,,,1,100,,35490,2,,,1,100,,35491,2,,,1,100,,35492,2,,,1,100,,35493,2,,,1,100,,35494,2,,,1,100,,35495,2,,,1,100,,35496,2,,,1
1600,'16-Saturday-10000010',701,,35531,2,,,1,30,,35498,2,,,1,70,,35499,2,,,1,30,,35500,2,,,1,71,,35501,2,,,1,30,,35502,2,,,1,70,,35503,2,,,1,30,,35504,2,,,1,70,,35505,2,,,1,30,,35506,2,,,1,70,,35507,2,,,1,30,,35508,2,,,1,70,,35509,2,,,1,30,,35510,2,,,1,70,,35511,2,,,1,30,,35512,2,,,1,70,,35513,2,,,1,30,,35514,2,,,1,70,,35515,2,,,1,30,,35516,2,,,1,70,,35517,2,,,1,30,,35518,2,,,1,70,,35519,2,,,1,30,,35520,2,,,1,70,,35521,2,,,1,30,,35522,2,,,1,70,,35523,2,,,1,30,,35524,2,,,1,70,,35525,2,,,1,30,,35526,2,,,1,70,,35527,2,,,1,30,,35528,2,,,1,70,,35529,2,,,1,30,,35530,2,,,1
1600,'16-Sunday-10000001',801,,35534,2,,,1,30,,35535,2,,,1,70,,35536,2,,,1,30,,35537,2,,,1,71,,35538,2,,,1,30,,35539,2,,,1,70,,35540,2,,,1,30,,35541,2,,,1,70,,35542,2,,,1,30,,35543,2,,,1,70,,35544,2,,,1,30,,35545,2,,,1,70,,35546,2,,,1,30,,35547,2,,,1,70,,35548,2,,,1,30,,35549,2,,,1,70,,35550,2,,,1,30,,35551,2,,,1,70,,35552,2,,,1,30,,35553,2,,,1,70,,35554,2,,,1,30,,35555,2,,,1,70,,35556,2,,,1,30,,35557,2,,,1,70,,35558,2,,,1,30,,35559,2,,,1,70,,35560,2,,,1,30,,35561,2,,,1,70,,35562,2,,,1,30,,35563,2,,,1,70,,35564,2,,,1,30,,35565,2,,,1
1600,'16-Weekday-11111100',557,,35604,2,,,1,70,,35603,2,,,1,15,,35606,2,,,1,15,,35567,2,,,1,55,,35607,2,,,1,15,,35568,2,,,1,15,,35608,2,,,1,15,,35569,2,,,1,55,,35609,2,,,1,15,,35570,2,,,1,15,,35634,2,,,1,15,,35571,2,,,1,55,,35629,2,,,1,15,,35572,2,,,1,15,,35630,2,,,1,15,,35573,2,,,1,55,,35631,2,,,1,15,,35574,2,,,1,15,,35632,2,,,1,15,,35575,2,,,1,55,,35633,2,,,1,15,,35576,2,,,1,15,,35625,2,,,1,15,,35577,2,,,1,55,,35628,2,,,1,15,,35578,2,,,1,15,,35627,2,,,1,15,,35579,2,,,1,55,,35626,2,,,1,15,,35580,2,,,1,15,,35624,2,,,1,15,,35581,2,,,1,55,,35623,2,,,1,15,,35582,2,,,1,15,,35610,2,,,1,15,,35583,2,,,1,55,,35611,2,,,1,15,,35584,2,,,1,15,,35612,2,,,1,15,,35585,2,,,1,55,,35613,2,,,1,15,,35586,2,,,1,15,,35614,2,,,1,15,,35587,2,,,1,55,,35615,2,,,1,15,,35588,2,,,1,15,,35616,2,,,1,15,,35589,2,,,1,55,,35590,2,,,1,15,,35617,2,,,1,15,,35591,2,,,1,15,,35618,2,,,1,55,,35592,2,,,1,15,,35619,2,,,1,15,,35593,2,,,1,15,,35620,2,,,1,55,,35594,2,,,1,15,,35621,2,,,1,15,,35595,2,,,1,15,,35622,2,,,1,55,,35596,2,,,1,15,,35635,2,,,1,15,,35597,2,,,1,60,,35598,2,,,1,30,,35599,2,,,1,70,,35600,2,,,1
3601,'36-Saturday-10000010',716,,38091,2,,,1,30,,38103,2,,,1,70,,38092,2,,,1,30,,38104,2,,,1,70,,38093,2,,,1,30,,38105,2,,,1,70,,38094,2,,,1,30,,38106,2,,,1,70,,38095,2,,,1,30,,38107,2,,,1,70,,38096,2,,,1,30,,38108,2,,,1,70,,38097,2,,,1,30,,38109,2,,,1,70,,38098,2,,,1,30,,38110,2,,,1,70,,38099,2,,,1,30,,38111,2,,,1,70,,38100,2,,,1,30,,38112,2,,,1,70,,38101,2,,,1,30,,38113,2,,,1,70,,38102,2,,,1,30,,38114,2,,,1,70,,38115,2,,,1
3601,'36-Sunday-10000001',816,,38116,2,,,1,30,,38117,2,,,1,70,,38118,2,,,1,30,,38119,2,,,1,70,,38120,2,,,1,35,,38121,2,,,1,70,,38122,2,,,1,30,,38123,2,,,1,70,,38124,2,,,1,30,,38125,2,,,1,70,,38126,2,,,1,30,,38127,2,,,1,70,,38128,2,,,1,30,,38129,2,,,1,70,,38130,2,,,1,30,,38131,2,,,1,70,,38132,2,,,1,30,,38133,2,,,1,70,,38134,2,,,1,25,,38135,2,,,1,70,,38136,2,,,1,30,,38137,2,,,1
3601,'36-Weekday-11111100',701,,38162,2,,,1,30,,38138,2,,,1,70,,38139,2,,,1,30,,38140,2,,,1,70,,38141,2,,,1,30,,38142,2,,,1,70,,38143,2,,,1,30,,38144,2,,,1,70,,38145,2,,,1,30,,38146,2,,,1,70,,38147,2,,,1,30,,38148,2,,,1,70,,38149,2,,,1,30,,38150,2,,,1,70,,38151,2,,,1,30,,38152,2,,,1,70,,38153,2,,,1,30,,38154,2,,,1,70,,38155,2,,,1,30,,38156,2,,,1,70,,38157,2,,,1,30,,38158,2,,,1,70,,38159,2,,,1,30,,38160,2,,,1,70,,38161,2,,,1,30,,38163,2,,,1,70,,38164,2,,,1,30,,38165,2,,,1,70,,38166,2,,,1,30,,38167,2,,,1,70,,38168,2,,,1,30,,38169,2,,,1
5700,'57-Saturday-10000010',701,,39403,2,,,1,100,,39391,2,,,1,100,,39392,2,,,1,100,,39393,2,,,1,100,,39394,2,,,1,100,,39395,2,,,1,100,,39396,2,,,1,100,,39397,2,,,1,100,,39398,2,,,1,100,,39399,2,,,1,100,,39400,2,,,1,100,,39401,2,,,1,100,,39402,2,,,1
5700,'57-Weekday-11111100',632,,39405,2,,,1,70,,39431,2,,,1,30,,39406,2,,,1,70,,39407,2,,,1,30,,39408,2,,,1,70,,39409,2,,,1,30,,39410,2,,,1,70,,39411,2,,,1,30,,39412,2,,,1,70,,39413,2,,,1,30,,39414,2,,,1,70,,39415,2,,,1,30,,39416,2,,,1,70,,39417,2,,,1,30,,39418,2,,,1,70,,39419,2,,,1,35,,39421,2,,,1,70,,39422,2,,,1,30,,39423,2,,,1,70,,39424,2,,,1,30,,39425,2,,,1,70,,39426,2,,,1,30,,39427,2,,,1,70,,39420,2,,,1,25,,39432,2,,,1,70,,39428,2,,,1,30,,39433,2,,,1,70,,39429,2,,,1,30,,39434,2,,,1,70,,39430,2,,,1,30,,39436,2,,,1,70,,39435,2,,,1,30,,39437,2,,,1
6100,'61-Holiday1-21111111',752,,39816,2,,,1,100,,39802,2,,,1,100,,39803,2,,,1,100,,39804,2,,,1,100,,39805,2,,,1,100,,39806,2,,,1,100,,39807,2,,,1,100,,39808,2,,,1,100,,39809,2,,,1,100,,39810,2,,,1,100,,39811,2,,,1,100,,39812,2,,,1,100,,39813,2,,,1,100,,39814,2,,,1,100,,39815,2,,,1
6100,'61-Saturday-10000010',721,,39841,2,,,1,30,,39842,2,,,1,70,,39843,2,,,1,30,,39844,2,,,1,70,,39845,2,,,1,30,,39846,2,,,1,70,,39848,2,,,1,30,,39847,2,,,1,70,,39827,2,,,1,30,,39828,2,,,1,70,,39829,2,,,1,30,,39830,2,,,1,70,,39831,2,,,1,30,,39832,2,,,1,70,,39833,2,,,1,30,,39834,2,,,1,70,,39835,2,,,1,30,,39836,2,,,1,70,,39837,2,,,1,30,,39838,2,,,1,70,,39839,2,,,1,30,,39840,2,,,1,71,,39818,2,,,1,30,,39819,2,,,1,70,,39820,2,,,1,30,,39821,2,,,1,70,,39822,2,,,1,30,,39823,2,,,1,70,,39824,2,,,1,30,,39849,2,,,1,70,,39825,2,,,1,30,,39826,2,,,1,70,,39850,2,,,1
6100,'61-Sunday-10000001',822,,39856,2,,,1,30,,39855,2,,,1,70,,39854,2,,,1,30,,39853,2,,,1,70,,39852,2,,,1,30,,39851,2,,,1,70,,39865,2,,,1,30,,39864,2,,,1,70,,39863,2,,,1,30,,39862,2,,,1,70,,39861,2,,,1,30,,39860,2,,,1,70,,39859,2,,,1,30,,39858,2,,,1,70,,39857,2,,,1,30,,39879,2,,,1,70,,39877,2,,,1,30,,39878,2,,,1,70,,39876,2,,,1,30,,39875,2,,,1,65,,39874,2,,,1,30,,39873,2,,,1,70,,39872,2,,,1,30,,39870,2,,,1,70,,39869,2,,,1,30,,39868,2,,,1,70,,39867,2,,,1,30,,39866,2,,,1,70,,39871,2,,,1
6100,'61-Weekday-21111100',622,,39892,2,,,1,30,,39893,2,,,1,70,,39898,2,,,1,15,,39907,2,,,1,15,,39899,2,,,1,55,,39908,2,,,1,15,,39897,2,,,1,15,,39909,2,,,1,15,,39894,2,,,1,55,,39910,2,,,1,15,,39896,2,,,1,15,,39911,2,,,1,15,,39895,2,,,1,55,,39912,2,,,1,15,,39900,2,,,1,15,,39913,2,,,1,15,,39880,2,,,1,55,,39914,2,,,1,15,,39901,2,,,1,15,,39915,2,,,1,15,,39902,2,,,1,55,,39916,2,,,1,15,,39881,2,,,1,15,,39917,2,,,1,15,,39882,2,,,1,55,,39918,2,,,1,15,,39883,2,,,1,15,,39919,2,,,1,15,,39935,2,,,1,55,,39920,2,,,1,15,,39884,2,,,1,15,,39921,2,,,1,15,,39885,2,,,1,55,,39922,2,,,1,15,,39886,2,,,1,15,,39923,2,,,1,15,,39887,2,,,1,55,,39924,2,,,1,15,,39888,2,,,1,15,,39925,2,,,1,15,,39889,2,,,1,55,,39926,2,,,1,15,,39890,2,,,1,15,,39927,2,,,1,15,,39891,2,,,1,55,,39928,2,,,1,30,,39929,2,,,1,70,,39930,2,,,1,30,,39934,2,,,1,70,,39931,2,,,1,30,,39932,2,,,1,70,,39933,2,,,1,30,,39936,2,,,1,70,,39937,2,,,1,30,,39905,2,,,1,70,,39904,2,,,1,30,,39903,2,,,1
7600,'76-Weekday-11111100',647,,40584,2,,,1,70,,40585,2,,,1,30,,40586,2,,,1,70,,40587,2,,,1,30,,40588,2,,,1,70,,40589,2,,,1,30,,40590,2,,,1,470,,40591,2,,,1,30,,40592,2,,,1,70,,40593,2,,,1,30,,40594,2,,,1,70,,40595,2,,,1,30,,40596,2,,,1,70,,40597,2,,,1,30,,40598,2,,,1,70,,40599,2,,,1,30,,40600,2,,,1
