1000,'10-Saturday-10000010',630,,23859,1,,,1,70,,23860,1,,,1,30,,23861,1,,,1,70,,23862,1,,,1,30,,23863,1,,,1,70,,23864,1,,,1,30,,23865,1,,,1,70,,23866,1,,,1,30,,23867,1,,,1,70,,23868,1,,,1,30,,23869,1,,,1,70,,23870,1,,,1,30,,23871,1,,,1,70,,23872,1,,,1,30,,23873,1,,,1,70,,23874,1,,,1,30,,23875,1,,,1,70,,23876,1,,,1,30,,23877,1,,,1,70,,23878,1,,,1,30,,23879,1,,,1,70,,23880,1,,,1,30,,23881,1,,,1,70,,23882,1,,,1,30,,23883,1,,,1,70,,23884,1,,,1,30,,23885,1,,,1,70,,23886,1,,,1,30,,23887,1,,,1,70,,23888,1,,,1,30,,23889,1,,,1,70,,23890,1,,,1,30,,23891,1,,,1,70,,23892,1,,,1,30,,23893,1,,,1
1000,'10-Sunday-10000001',750,,23925,1,,,1,70,,23894,1,,,1,30,,23895,1,,,1,70,,23896,1,,,1,30,,23897,1,,,1,70,,23898,1,,,1,30,,23899,1,,,1,70,,23900,1,,,1,30,,23901,1,,,1,70,,23902,1,,,1,30,,23903,1,,,1,70,,23904,1,,,1,30,,23905,1,,,1,70,,23906,1,,,1,30,,23907,1,,,1,70,,23908,1,,,1,30,,23909,1,,,1,70,,23910,1,,,1,30,,23911,1,,,1,70,,23912,1,,,1,30,,23913,1,,,1,70,,23914,1,,,1,30,,23915,1,,,1,70,,23916,1,,,1,30,,23917,1,,,1,70,,23918,1,,,1,30,,23919,1,,,1,70,,23920,1,,,1,30,,23921,1,,,1,70,,23922,1,,,1,30,,23923,1,,,1,70,,23924,1,,,1
1000,'10-Weekday-11111100',530,,23926,1,,,1,70,,23927,1,,,1,30,,23928,1,,,1,70,,23929,1,,,1,15,,23985,1,0,36 7,1,15,,23930,1,,,1,15,,23961,1,0,36 7,1,55,,23931,1,,,1,15,,23962,1,0,36 7,1,15,,23932,1,,,1,15,,23963,1,0,36 7,1,55,,23933,1,,,1,15,,23964,1,0,36 7,1,15,,23934,1,,,1,15,,23965,1,0,36 7,1,55,,23935,1,,,1,15,,23966,1,0,36 7,1,15,,23936,1,,,1,15,,23967,1,0,36 7,1,55,,23937,1,,,1,15,,23968,1,0,36 7,1,15,,23938,1,,,1,15,,23969,1,0,36 7,1,55,,23939,1,,,1,15,,23970,1,0,36 7,1,15,,23940,1,,,1,15,,23971,1,0,36 7,1,55,,23941,1,,,1,15,,23972,1,0,36 7,1,15,,23942,1,,,1,15,,23973,1,0,36 7,1,55,,23943,1,,,1,15,,23953,1,0,36 7,1,15,,23944,1,,,1,15,,23954,1,0,36 7,1,55,,23945,1,,,1,15,,23955,1,0,36 7,1,15,,23946,1,,,1,15,,23956,1,0,36 7,1,55,,23947,1,,,1,15,,23957,1,0,36 7,1,15,,23948,1,,,1,15,,23958,1,0,36 7,1,55,,23949,1,,,1,15,,23959,1,0,36 7,1,15,,23950,1,,,1,15,,23960,1,0,36 7,1,55,,23951,1,,,1,15,,23984,1,0,36 7,1,15,,23952,1,,,1,70,,23981,1,,,1,30,,23982,1,,,1,70,,23983,1,,,1,30,,23980,1,,,1,70,,23979,1,,,1,30,,23978,1,,,1,70,,23977,1,,,1,30,,23976,1,,,1,70,,23975,1,,,1,35,,23974,1,,,1
1001,'10-Saturday-10000010',752,,24005,25,4,,1,70,,24006,25,4,,1,30,,24007,25,4,,1,70,,24008,25,4,,1,30,,24009,25,4,,1,70,,24010,25,4,,1,30,,24011,25,4,,1,70,,24012,25,4,,1,30,,24013,25,4,,1,70,,24014,25,4,,1,30,,24015,25,4,,1,70,,24016,25,4,,1,30,,24017,25,4,,1,70,,24018,25,4,,1,30,,24019,25,4,,1,70,,24020,25,4,,1,30,,24021,25,4,,1,70,,24022,25,4,,1,30,,24023,25,4,,1,70,,24024,25,4,,1,30,,24025,25,4,,1,70,,24026,25,4,,1,30,,24027,25,4,,1,70,,24028,25,4,,1,30,,24029,25,4,,1,70,,24030,25,4,,1,30,,24031,25,4,,1,70,,24003,25,4,,1,30,,24032,25,4,,1,70,,24004,25,4,,1,30,,24002,25,4,,1,70,,24033,25,4,,1,30,,24001,25,4,,1,70,,24034,25,4,,1
1001,'10-Sunday-10000001',846,,24061,25,4,,1,70,,24047,25,4,,1,30,,24049,25,4,,1,71,,24037,25,4,,1,30,,24051,25,4,,1,70,,24038,25,4,,1,30,,24048,25,4,,1,70,,24039,25,4,,1,30,,24050,25,4,,1,70,,24040,25,4,,1,30,,24052,25,4,,1,70,,24053,25,4,,1,30,,24054,25,4,,1,70,,24055,25,4,,1,30,,24046,25,4,,1,70,,24057,25,4,,1,30,,24045,25,4,,1,70,,24059,25,4,,1,30,,24044,25,4,,1,70,,24056,25,4,,1,30,,24043,25,4,,1,70,,24036,25,4,,1,30,,24042,25,4,,1,70,,24058,25,4,,1,30,,24035,25,4,,1,70,,24065,25,4,,1,30,,24064,25,4,,1,69,,24063,25,4,,1,30,,24062,25,4,,1,70,,24041,25,4,,1,30,,24060,25,4,,1
1001,'10-Weekday-11111100',623,,24082,25,4,,1,30,,24067,25,4,,1,56,,24125,20,4,,1,16,,24078,25,4,,1,15,,24091,20,4,,1,15,,24092,25,4,,1,55,,24093,20,4,,1,15,,24094,25,4,,1,15,,24095,20,4,,1,15,,24096,25,4,,1,55,,24097,20,4,,1,15,,24098,25,4,,1,13,,24099,20,4,,1,15,,24088,25,4,,1,54,,24102,20,4,,1,16,,24089,25,4,,1,14,,24103,20,4,,1,16,,24090,25,4,,1,54,,24104,20,4,,1,16,,24087,25,4,,1,14,,24105,20,4,,1,16,,24070,25,4,,1,54,,24106,20,4,,1,16,,24083,25,4,,1,14,,24107,20,4,,1,16,,24084,25,4,,1,54,,24108,20,4,,1,16,,24069,25,4,,1,14,,24109,20,4,,1,16,,24085,25,4,,1,54,,24110,20,4,,1,16,,24068,25,4,,1,14,,24111,20,4,,1,19,,24086,25,4,,1,54,,24101,20,4,,1,16,,24081,25,4,,1,14,,24080,20,4,,1,16,,24079,25,4,,1,54,,24066,20,4,,1,16,,24077,25,4,,1,14,,24076,20,4,,1,16,,24075,25,4,,1,54,,24074,20,4,,1,16,,24073,25,4,,1,14,,24072,20,4,,1,16,,24071,25,4,,1,54,,24112,20,4,,1,14,,24100,25,4,,1,30,,24114,25,4,,1,70,,24115,25,4,,1,30,,24116,25,4,,1,70,,24117,25,4,,1,30,,24118,25,4,,1,70,,24119,25,4,,1,30,,24120,25,4,,1,68,,24121,25,4,,1,30,,24122,25,4,,1,70,,24123,25,4,,1,30,,24124,25,4,,1,70,,24113,25,4,,1
1600,'16-Saturday-10000010',700,,24806,1,,,1,30,,24773,1,,,1,70,,24774,1,,,1,30,,24775,1,,,1,70,,24776,1,,,1,30,,24777,1,,,1,70,,24778,1,,,1,30,,24779,1,,,1,70,,24780,1,,,1,30,,24781,1,,,1,70,,24782,1,,,1,30,,24783,1,,,1,70,,24784,1,,,1,30,,24785,1,,,1,70,,24786,1,,,1,30,,24787,1,,,1,70,,24788,1,,,1,30,,24789,1,,,1,70,,24790,1,,,1,30,,24791,1,,,1,70,,24792,1,,,1,30,,24793,1,,,1,70,,24794,1,,,1,30,,24795,1,,,1,70,,24796,1,,,1,30,,24797,1,,,1,70,,24798,1,,,1,30,,24799,1,,,1,70,,24800,1,,,1,30,,24801,1,,,1,70,,24802,1,,,1,30,,24803,1,,,1,70,,24804,1,,,1,30,,24805,1,,,1
1600,'16-Sunday-10000001',800,,24809,1,,,1,30,,24810,1,,,1,70,,24811,1,,,1,30,,24812,1,,,1,70,,24813,1,,,1,30,,24814,1,,,1,70,,24815,1,,,1,30,,24816,1,,,1,70,,24817,1,,,1,30,,24818,1,,,1,70,,24819,1,,,1,30,,24820,1,,,1,70,,24821,1,,,1,30,,24822,1,,,1,70,,24823,1,,,1,30,,24824,1,,,1,70,,24825,1,,,1,30,,24826,1,,,1,70,,24827,1,,,1,30,,24828,1,,,1,70,,24829,1,,,1,30,,24830,1,,,1,70,,24831,1,,,1,30,,24832,1,,,1,70,,24833,1,,,1,30,,24834,1,,,1,70,,24835,1,,,1,30,,24836,1,,,1,70,,24837,1,,,1,30,,24838,1,,,1,70,,24839,1,,,1,30,,24840,1,,,1
1600,'16-Weekday-11111100',555,,24879,1,,,1,70,,24878,1,,,1,15,,24881,1,,,1,15,,24842,1,,,1,55,,24882,1,,,1,15,,24843,1,,,1,15,,24883,1,,,1,15,,24844,1,,,1,55,,24884,1,,,1,15,,24845,1,,,1,15,,24909,1,,,1,15,,24846,1,,,1,55,,24904,1,,,1,15,,24847,1,,,1,15,,24905,1,,,1,15,,24848,1,,,1,55,,24906,1,,,1,15,,24849,1,,,1,15,,24907,1,,,1,15,,24850,1,,,1,55,,24908,1,,,1,15,,24851,1,,,1,15,,24900,1,,,1,15,,24852,1,,,1,55,,24903,1,,,1,15,,24853,1,,,1,15,,24902,1,,,1,15,,24854,1,,,1,55,,24901,1,,,1,15,,24855,1,,,1,15,,24899,1,,,1,15,,24856,1,,,1,55,,24898,1,,,1,15,,24857,1,,,1,15,,24885,1,,,1,15,,24858,1,,,1,55,,24886,1,,,1,15,,24859,1,,,1,15,,24887,1,,,1,15,,24860,1,,,1,55,,24888,1,,,1,15,,24861,1,,,1,15,,24889,1,,,1,15,,24862,1,,,1,55,,24890,1,,,1,15,,24863,1,,,1,15,,24891,1,,,1,15,,24864,1,,,1,55,,24865,1,,,1,15,,24892,1,,,1,15,,24866,1,,,1,15,,24893,1,,,1,55,,24867,1,,,1,15,,24894,1,,,1,15,,24868,1,,,1,15,,24895,1,,,1,55,,24869,1,,,1,15,,24896,1,,,1,15,,24870,1,,,1,15,,24897,1,,,1,55,,24871,1,,,1,15,,24910,1,,,1,15,,24872,1,,,1,60,,24873,1,,,1,30,,24874,1,,,1,70,,24875,1,,,1
1601,'16-Saturday-10000010',710,,24927,29,4,,1,30,,24928,56,4,,1,70,,24929,56,4,,1,30,,24930,56,4,,1,71,,24931,56,4,,1,31,,24932,56,4,,1,74,,24933,56,4,,1,33,,24934,56,4,,1,70,,24935,56,4,,1,30,,24936,56,4,,1,70,,24937,56,4,,1,30,,24938,56,4,,1,70,,24939,56,4,,1,30,,24940,56,4,,1,70,,24941,56,4,,1,30,,24942,56,4,,1,70,,24943,56,4,,1,30,,24944,56,4,,1,70,,24945,56,4,,1,30,,24946,56,4,,1,70,,24947,56,4,,1,30,,24948,56,4,,1,69,,24949,56,4,,1,28,,24950,56,4,,1,68,,24951,56,4,,1,28,,24952,56,4,,1,70,,24953,56,4,,1,30,,24954,56,4,,1,70,,24955,56,4,,1,30,,24956,56,4,,1,70,,24957,56,4,,1,30,,24958,56,4,,1,70,,24959,56,4,,1,30,,24960,56,4,,1,70,,24962,56,4,,1
1601,'16-Sunday-10000001',835,,24963,56,4,,1,70,,24964,56,4,,1,30,,24965,56,4,,1,70,,24966,56,4,,1,31,,24967,56,4,,1,74,,24968,56,4,,1,30,,24969,56,4,,1,70,,24970,56,4,,1,30,,24971,56,4,,1,70,,24972,56,4,,1,30,,24973,56,4,,1,70,,24974,56,4,,1,30,,24975,56,4,,1,70,,24976,56,4,,1,30,,24977,56,4,,1,70,,24978,56,4,,1,30,,24979,56,4,,1,70,,24980,56,4,,1,30,,24981,56,4,,1,70,,24982,56,4,,1,31,,24983,56,4,,1,67,,24984,56,4,,1,31,,24985,56,4,,1,70,,24986,56,4,,1,30,,24987,56,4,,1,70,,24988,56,4,,1,30,,24989,56,4,,1,70,,24990,56,4,,1,30,,24991,56,4,,1,70,,24992,56,4,,1,30,,24993,56,4,,1,70,,24994,56,4,,1
1601,'16-Weekday-11111100',636,,24996,56,4,,1,72,,24997,56,4,,1,11,,25033,56,4,,1,19,,24998,56,4,,1,20,,25037,56,4,,1,55,,24999,56,4,,1,17,,25034,56,4,,1,16,,25000,56,4,,1,55,,25035,56,4,,1,15,,25001,56,4,,1,15,,25036,56,4,,1,15,,25002,56,4,,1,56,,25046,56,4,,1,15,,25003,56,4,,1,16,,25052,56,4,,1,16,,25004,56,4,,1,55,,25053,56,4,,1,14,,25005,56,4,,1,16,,25054,56,4,,1,15,,25006,56,4,,1,55,,25055,56,4,,1,15,,25007,56,4,,1,15,,25056,56,4,,1,15,,25008,56,4,,1,55,,25057,56,4,,1,15,,25009,56,4,,1,15,,25058,56,4,,1,15,,25010,56,4,,1,55,,25059,56,4,,1,15,,25011,56,4,,1,16,,25060,56,4,,1,15,,25012,56,4,,1,55,,25061,56,4,,1,17,,25013,56,4,,1,15,,25043,56,4,,1,15,,25014,56,4,,1,57,,25038,56,4,,1,15,,25015,56,4,,1,16,,25039,56,4,,1,15,,25016,56,4,,1,55,,25040,56,4,,1,15,,25017,56,4,,1,15,,25041,56,4,,1,15,,25018,56,4,,1,54,,25042,56,4,,1,15,,25019,56,4,,1,13,,25032,56,4,,1,13,,25020,56,4,,1,54,,25044,56,4,,1,13,,25021,56,4,,1,13,,25047,56,4,,1,15,,25022,56,4,,1,14,,25023,56,4,,1,55,,25048,56,4,,1,15,,25024,56,4,,1,15,,25051,56,4,,1,15,,25025,56,4,,1,55,,25049,56,4,,1,15,,25026,56,4,,1,15,,25050,56,4,,1,15,,25027,56,4,,1,53,,25062,56,4,,1,14,,25028,56,4,,1,31,,25029,56,4,,1,67,,25030,56,4,,1,13,,25031,56,4,,1
20100,'201-Saturday-10000010',645,,30002,1,,,1,70,,30003,1,,,1,30,,30004,1,,,1,70,,30005,1,,,1,30,,30006,1,,,1,70,,30007,1,,,1,30,,30008,1,,,1,70,,30009,1,,,1,30,,30010,1,,,1,70,,30011,1,,,1,30,,30012,1,,,1,70,,30013,1,,,1,30,,30014,1,,,1,70,,30015,1,,,1,30,,30016,1,,,1,70,,30017,1,,,1,30,,30018,1,,,1,70,,30019,1,,,1,30,,30020,1,,,1,70,,30021,1,,,1,30,,30022,1,,,1,70,,30023,1,,,1,30,,30024,1,,,1,70,,30025,1,,,1,30,,30026,1,,,1,70,,30027,1,,,1,30,,30028,1,,,1,70,,30029,1,,,1,30,,30030,1,,,1,70,,30031,1,,,1,30,,30032,1,,,1,70,,30033,1,,,1,30,,30034,1,,,1,70,,30035,1,,,1,30,,30036,1,,,1
20100,'201-Sunday-10000001',645,,30039,1,,,1,70,,30040,1,,,1,30,,30041,1,,,1,70,,30042,1,,,1,30,,30043,1,,,1,70,,30044,1,,,1,30,,30045,1,,,1,70,,30046,1,,,1,30,,30038,1,,,1,70,,30047,1,,,1,30,,30048,1,,,1,70,,30049,1,,,1,30,,30050,1,,,1,70,,30051,1,,,1,30,,30052,1,,,1,70,,30053,1,,,1,30,,30054,1,,,1,70,,30055,1,,,1,30,,30056,1,,,1,70,,30057,1,,,1,30,,30058,1,,,1,70,,30059,1,,,1,30,,30060,1,,,1,70,,30061,1,,,1,30,,30062,1,,,1,70,,30063,1,,,1,30,,30064,1,,,1,70,,30065,1,,,1,30,,30066,1,,,1,70,,30067,1,,,1,30,,30068,1,,,1,70,,30069,1,,,1,30,,30070,1,,,1,70,,30071,1,,,1,30,,30072,1,,,1
20100,'201-Weekday-11111100',535,,30108,1,,,1,15,,30109,1,,,1,55,,30106,1,,,1,15,,30110,1,,,1,15,,30105,1,,,1,15,,30111,1,,,1,55,,30104,1,,,1,10,,30136,1,,,1,10,,30112,1,,,1,10,,30100,1,,,1,10,,30137,1,,,1,10,,30113,1,,,1,50,,30101,1,,,1,10,,30138,1,,,1,10,,30114,1,,,1,10,,30098,1,,,1,10,,30139,1,,,1,10,,30115,1,,,1,50,,30097,1,,,1,10,,30140,1,,,1,10,,30116,1,,,1,10,,30073,1,,,1,10,,30152,1,,,1,10,,30117,1,,,1,50,,30074,1,,,1,10,,30153,1,,,1,10,,30118,1,,,1,10,,30075,1,,,1,10,,30154,1,,,1,10,,30119,1,,,1,50,,30076,1,,,1,10,,30155,1,,,1,10,,30120,1,,,1,10,,30077,1,,,1,10,,30156,1,,,1,10,,30121,1,,,1,50,,30078,1,,,1,10,,30157,1,,,1,10,,30122,1,,,1,10,,30079,1,,,1,10,,30158,1,,,1,10,,30123,1,,,1,50,,30080,1,,,1,10,,30159,1,,,1,10,,30124,1,,,1,10,,30081,1,,,1,10,,30160,1,,,1,10,,30125,1,,,1,50,,30082,1,,,1,10,,30161,1,,,1,10,,30126,1,,,1,10,,30167,1,,,1,10,,30099,1,,,1,10,,30141,1,,,1,50,,30135,1,,,1,10,,30127,1,,,1,10,,30142,1,,,1,10,,30103,1,,,1,10,,30083,1,,,1,10,,30143,1,,,1,50,,30128,1,,,1,10,,30129,1,,,1,10,,30144,1,,,1,10,,30084,1,,,1,10,,30130,1,,,1,10,,30145,1,,,1,50,,30102,1,,,1,10,,30131,1,,,1,10,,30146,1,,,1,10,,30085,1,,,1,10,,30132,1,,,1,10,,30147,1,,,1,50,,30086,1,,,1,10,,30133,1,,,1,15,,30166,1,,,1,15,,30134,1,,,1,55,,30149,1,,,1,15,,30087,1,,,1,15,,30150,1,,,1,15,,30088,1,,,1,55,,30151,1,,,1,15,,30089,1,,,1,15,,30162,1,,,1,15,,30090,1,,,1,55,,30163,1,,,1,15,,30091,1,,,1,15,,30164,1,0,15 16,1,15,,30092,1,,,1,55,,30165,1,,,1,30,,30093,1,,,1,70,,30094,1,,,1,35,,30095,1,,,1,70,,30096,1,,,1
20101,'201-Saturday-10000010',730,,30238,35,4,,1,70,,30203,35,4,,1,30,,30204,35,4,,1,70,,30205,35,4,,1,32,,30206,35,4,,1,72,,30207,35,4,,1,30,,30208,35,4,,1,70,,30209,35,4,,1,30,,30210,35,4,,1,70,,30211,35,4,,1,30,,30212,35,4,,1,70,,30213,35,4,,1,30,,30214,35,4,,1,70,,30215,35,4,,1,30,,30216,35,4,,1,70,,30217,35,4,,1,30,,30218,35,4,,1,70,,30219,35,4,,1,30,,30220,35,4,,1,70,,30221,35,4,,1,30,,30222,35,4,,1,69,,30223,35,4,,1,29,,30224,35,4,,1,68,,30225,35,4,,1,30,,30226,35,4,,1,70,,30227,35,4,,1,30,,30228,35,4,,1,70,,30229,35,4,,1,30,,30230,35,4,,1,70,,30231,35,4,,1,30,,30232,35,4,,1,70,,30233,35,4,,1,30,,30234,35,4,,1,70,,30235,35,4,,1,30,,30236,35,4,,1
20101,'201-Sunday-10000001',800,,30240,35,4,,1,30,,30241,35,4,,1,70,,30242,35,4,,1,30,,30243,35,4,,1,70,,30244,35,4,,1,32,,30245,35,4,,1,71,,30246,35,4,,1,30,,30247,35,4,,1,70,,30248,35,4,,1,30,,30249,35,4,,1,70,,30239,35,4,,1,30,,30250,35,4,,1,70,,30251,35,4,,1,30,,30252,35,4,,1,70,,30253,35,4,,1,30,,30254,35,4,,1,70,,30255,35,4,,1,30,,30256,35,4,,1,70,,30257,35,4,,1,30,,30258,35,4,,1,70,,30259,35,4,,1,28,,30260,35,4,,1,69,,30261,35,4,,1,30,,30262,35,4,,1,70,,30263,35,4,,1,30,,30264,35,4,,1,70,,30265,35,4,,1,30,,30266,35,4,,1,70,,30267,35,4,,1,30,,30268,35,4,,1,70,,30269,35,4,,1,30,,30270,35,4,,1,70,,30271,35,4,,1,30,,30272,35,4,,1,70,,30273,35,4,,1
20101,'201-Weekday-11111100',615,,30348,35,4,,1,30,,30349,35,4,,1,55,,30307,35,4,,1,15,,30310,35,4,,1,18,,30308,35,4,,1,7,,30347,19,4,,1,11,,30311,35,4,,1,7,,30346,19,4,,1,50,,30305,35,4,,1,10,,30312,35,4,,1,10,,30334,35,4,,1,10,,30304,35,4,,1,10,,30313,35,4,,1,10,,30335,35,4,,1,50,,30274,35,4,,1,10,,30314,35,4,,1,10,,30336,35,4,,1,10,,30309,35,4,,1,9,,30315,35,4,,1,10,,30337,35,4,,1,49,,30306,35,4,,1,10,,30316,35,4,,1,10,,30338,35,4,,1,12,,30275,35,4,,1,10,,30317,35,4,,1,10,,30351,35,4,,1,50,,30276,35,4,,1,10,,30318,35,4,,1,10,,30352,35,4,,1,10,,30277,35,4,,1,10,,30319,35,4,,1,10,,30353,35,4,,1,50,,30278,35,4,,1,10,,30320,35,4,,1,10,,30354,35,4,,1,10,,30279,35,4,,1,10,,30321,35,4,,1,10,,30355,35,4,,1,50,,30280,35,4,,1,10,,30322,35,4,,1,10,,30356,35,4,,1,10,,30281,35,4,,1,10,,30323,35,4,,1,10,,30357,35,4,,1,50,,30282,35,4,,1,10,,30324,35,4,,1,10,,30358,35,4,,1,10,,30283,35,4,,1,12,,30325,35,4,,1,50,,30359,35,4,,1,14,,30284,35,4,,1,11,,30360,35,4,,1,10,,30326,35,4,,1,10,,30285,35,4,,1,10,,30327,35,4,,1,50,,30339,35,4,,1,10,,30286,35,4,,1,10,,30328,35,4,,1,10,,30340,35,4,,1,10,,30287,35,4,,1,10,,30329,35,4,,1,50,,30341,35,4,,1,10,,30292,35,4,,1,10,,30330,35,4,,1,10,,30343,35,4,,1,10,,30288,35,4,,1,10,,30331,35,4,,1,50,,30342,35,4,,1,9,,30289,35,4,,1,9,,30332,35,4,,1,8,,30344,35,4,,1,8,,30290,35,4,,1,10,,30333,35,4,,1,9,,30345,35,4,,1,49,,30291,35,4,,1,15,,30293,35,4,,1,15,,30361,35,4,,1,15,,30294,35,4,,1,55,,30362,35,4,,1,15,,30295,35,4,,1,15,,30363,35,4,,1,15,,30296,35,4,,1,55,,30364,35,4,,1,15,,30297,35,4,,1,15,,30365,35,4,,1,15,,30298,35,4,,1,55,,30366,35,4,,1,14,,30299,35,4,,1,13,,30367,35,4,,1,13,,30300,35,4,,1,83,,30301,35,4,,1,70,,30302,35,4,,1,35,,30303,35,4,,1,70,,30350,35,4,,1
