1200,'12-Holiday1-10000001',737,,34879,21,,,1,71,,34880,41,,,1,30,,34847,41,,,1,70,,34848,41,,,1,30,,34849,41,,,1,71,,34850,41,,,1,30,,34851,41,,,1,70,,34852,41,,,1,30,,34853,41,,,1,70,,34854,41,,,1,30,,34855,41,,,1,70,,34856,41,,,1,30,,34857,41,,,1,70,,34858,41,,,1,30,,34859,41,,,1,70,,34860,41,,,1,30,,34861,41,,,1,70,,34862,41,,,1,30,,34863,41,,,1,70,,34864,41,,,1,30,,34865,41,,,1,69,,34866,41,,,1,30,,34867,41,,,1,70,,34868,41,,,1,30,,34869,41,,,1,70,,34870,41,,,1,30,,34871,41,,,1,70,,34872,41,,,1,30,,34873,41,,,1,70,,34874,41,,,1,30,,34875,41,,,1,70,,34876,41,,,1,30,,34877,41,,,1,70,,34878,41,,,1
1200,'12-Saturday-10000010',639,,34916,21,,,1,69,,34917,41,,,1,30,,34881,41,,,1,70,,34882,41,,,1,30,,34883,41,,,1,71,,34884,41,,,1,30,,34885,41,,,1,70,,34886,41,,,1,30,,34887,41,,,1,70,,34888,41,,,1,30,,34889,41,,,1,70,,34890,41,,,1,30,,34891,41,,,1,70,,34892,41,,,1,30,,34893,41,,,1,70,,34894,41,,,1,30,,34895,41,,,1,70,,34896,41,,,1,30,,34897,41,,,1,70,,34898,41,,,1,30,,34899,41,,,1,70,,34900,41,,,1,30,,34901,41,,,1,70,,34902,41,,,1,30,,34903,41,,,1,70,,34904,41,,,1,30,,34905,41,,,1,70,,34906,41,,,1,30,,34907,41,,,1,70,,34908,41,,,1,30,,34909,41,,,1,69,,34910,41,,,1,30,,34911,41,,,1,70,,34912,41,,,1,30,,34913,41,,,1,70,,34914,41,,,1,30,,34915,41,,,1
1200,'12-Sunday-10000001',708,,34952,21,,,1,29,,34950,21,,,1,71,,34951,41,,,1,30,,34918,41,,,1,70,,34919,41,,,1,30,,34920,41,,,1,71,,34921,41,,,1,30,,34922,41,,,1,70,,34923,41,,,1,30,,34924,41,,,1,70,,34925,41,,,1,30,,34926,41,,,1,70,,34927,41,,,1,30,,34928,41,,,1,70,,34929,41,,,1,30,,34930,41,,,1,70,,34931,41,,,1,30,,34932,41,,,1,70,,34933,41,,,1,30,,34934,41,,,1,70,,34935,41,,,1,30,,34936,41,,,1,69,,34937,41,,,1,30,,34938,41,,,1,70,,34939,41,,,1,30,,34940,41,,,1,70,,34941,41,,,1,30,,34942,41,,,1,70,,34943,41,,,1,30,,34944,41,,,1,70,,34945,41,,,1,30,,34946,41,,,1,70,,34947,41,,,1,30,,34948,41,,,1,70,,34949,41,,,1
1200,'12-Weekday-11111100',549,,35005,21,,,1,60,,35001,21,,,1,28,,34953,41,,,1,17,,35002,21,,,1,55,,34954,41,,,1,18,,35000,21,,,1,15,,34955,41,,,1,15,,34956,41,,,1,55,,34957,41,,,1,15,,34958,41,,,1,15,,34959,41,,,1,15,,34960,41,,,1,55,,34961,41,,,1,15,,34962,41,,,1,14,,34963,41,,,1,14,,35004,41,,,1,54,,34964,41,,,1,15,,35009,41,,,1,15,,34965,41,,,1,15,,35008,41,,,1,55,,34966,41,,,1,15,,35015,41,,,1,15,,34967,41,,,1,15,,35014,41,,,1,55,,34968,41,,,1,15,,35013,41,,,1,15,,34969,41,,,1,15,,35012,41,,,1,55,,34970,41,,,1,15,,35011,41,,,1,15,,34971,41,,,1,15,,35010,41,,,1,55,,34972,41,,,1,15,,35007,41,,,1,15,,34973,41,,,1,16,,35006,41,,,1,57,,35003,41,,,1,15,,34974,41,,,1,15,,34975,41,,,1,15,,34976,41,,,1,55,,34977,41,,,1,15,,34978,41,,,1,15,,34979,41,,,1,15,,34980,41,,,1,55,,34981,41,,,1,15,,34982,41,,,1,15,,34983,41,,,1,15,,34984,41,,,1,55,,34985,41,,,1,14,,34999,41,,,1,14,,34986,41,,,1,15,,35016,41,,,1,55,,34987,41,,,1,15,,35017,41,,,1,15,,34988,41,,,1,15,,35018,41,,,1,55,,34989,41,,,1,15,,35019,41,,,1,15,,34990,41,,,1,15,,35020,41,,,1,55,,34991,41,,,1,15,,35021,41,,,1,15,,34992,41,,,1,15,,35022,41,,,1,53,,34993,41,,,1,12,,35023,41,,,1,14,,34994,41,,,1,70,,34995,41,,,1,30,,34996,41,,,1,70,,34997,41,,,1,30,,34998,41,,,1
2900,'29-Saturday-10000010',710,,37289,21,,,1,30,,37290,21,,,1,70,,37291,21,,,1,30,,37292,21,,,1,71,,37293,21,,,1,30,,37294,21,,,1,70,,37295,21,,,1,30,,37296,21,,,1,70,,37297,21,,,1,30,,37298,21,,,1,70,,37299,21,,,1,30,,37300,21,,,1,70,,37301,21,,,1,30,,37302,21,,,1,70,,37303,21,,,1,30,,37304,21,,,1,70,,37305,21,,,1,30,,37306,21,,,1,70,,37307,21,,,1,30,,37308,21,,,1,70,,37309,21,,,1,30,,37310,21,,,1,70,,37311,21,,,1,30,,37312,21,,,1,70,,37313,21,,,1,30,,37314,21,,,1,70,,37315,21,,,1,30,,37316,21,,,1,70,,37317,21,,,1,30,,37318,21,,,1,70,,37319,21,,,1,30,,37320,21,,,1,70,,37321,21,,,1,30,,37322,21,,,1,100,,37323,21,,,1
2900,'29-Sunday-20000001',910,,37324,21,,,1,30,,37325,21,,,1,71,,37326,21,,,1,30,,37327,21,,,1,70,,37328,21,,,1,30,,37329,21,,,1,70,,37330,21,,,1,30,,37331,21,,,1,70,,37332,21,,,1,30,,37333,21,,,1,70,,37334,21,,,1,30,,37335,21,,,1,70,,37336,21,,,1,30,,37337,21,,,1,70,,37338,21,,,1,30,,37339,21,,,1,70,,37340,21,,,1,30,,37341,21,,,1,69,,37342,21,,,1,30,,37343,21,,,1,70,,37344,21,,,1,30,,37345,21,,,1,70,,37346,21,,,1,30,,37347,21,,,1,70,,37348,21,,,1,30,,37349,21,,,1,70,,37350,21,,,1,30,,37351,21,,,1,70,,37352,21,,,1,30,,37353,21,,,1,100,,37354,21,,,1
2900,'29-Weekday-11111100',600,,37391,21,,,1,40,,37388,21,,,1,67,,37390,21,,,1,42,,37389,21,,,1,70,,37364,21,,,1,30,,37365,21,,,1,70,,37366,21,,,1,29,,37367,21,,,1,70,,37368,21,,,1,30,,37369,21,,,1,70,,37370,21,,,1,30,,37371,21,,,1,70,,37372,21,,,1,30,,37373,21,,,1,70,,37374,21,,,1,30,,37375,21,,,1,70,,37376,21,,,1,31,,37377,21,,,1,70,,37378,21,,,1,30,,37379,21,,,1,70,,37380,21,,,1,30,,37381,21,,,1,70,,37382,21,,,1,30,,37383,21,,,1,67,,37384,21,,,1,30,,37385,21,,,1,70,,37386,21,,,1,30,,37387,21,,,1,70,,37363,21,,,1,30,,37362,21,,,1,70,,37361,21,,,1,30,,37355,21,,,1,68,,37360,21,,,1,25,,37358,21,,,1,65,,37359,21,,,1,30,,37357,21,,,1,70,,37356,21,,,1
20200,'202-Holiday1-10000001',729,,41111,9,,,1,30,,41112,9,,,1,70,,41113,9,,,1,30,,41114,9,,,1,70,,41115,9,,,1,30,,41116,9,,,1,71,,41117,9,,,1,70,,41118,9,,,1,30,,41119,9,,,1,70,,41120,9,,,1,30,,41110,9,,,1,70,,41121,9,,,1,30,,41122,9,,,1,70,,41123,9,,,1,30,,41124,9,,,1,70,,41125,9,,,1,30,,41126,9,,,1,70,,41127,9,,,1,30,,41128,9,,,1,70,,41129,9,,,1,30,,41130,9,,,1,70,,41131,9,,,1,29,,41132,9,,,1,30,,41133,9,,,1,70,,41134,9,,,1,30,,41135,9,,,1,70,,41136,9,,,1,30,,41137,9,,,1,70,,41138,9,,,1,30,,41139,9,,,1,70,,41140,9,,,1,30,,41141,9,,,1,70,,41142,9,,,1,30,,41143,9,,,1
20200,'202-Saturday-10000010',628,,41179,9,,,1,30,,41144,9,,,1,70,,41145,9,,,1,30,,41146,9,,,1,70,,41147,9,,,1,30,,41148,9,,,1,71,,41149,9,,,1,30,,41150,9,,,1,70,,41151,9,,,1,30,,41152,9,,,1,70,,41153,9,,,1,30,,41154,9,,,1,70,,41155,9,,,1,30,,41156,9,,,1,70,,41157,9,,,1,30,,41158,9,,,1,70,,41159,9,,,1,30,,41160,9,,,1,70,,41161,9,,,1,30,,41162,9,,,1,70,,41163,9,,,1,30,,41164,9,,,1,70,,41165,9,,,1,30,,41166,9,,,1,69,,41167,9,,,1,30,,41168,9,,,1,70,,41169,9,,,1,30,,41170,9,,,1,70,,41171,9,,,1,30,,41172,9,,,1,70,,41173,9,,,1,30,,41174,9,,,1,70,,41175,9,,,1,30,,41176,9,,,1,70,,41177,9,,,1,30,,41178,9,,,1
20200,'202-Sunday-10000001',728,,41181,9,,,1,30,,41182,9,,,1,70,,41183,9,,,1,30,,41184,9,,,1,70,,41185,9,,,1,30,,41186,9,,,1,71,,41187,9,,,1,30,,41188,9,,,1,70,,41189,9,,,1,30,,41190,9,,,1,70,,41180,9,,,1,30,,41191,9,,,1,70,,41192,9,,,1,30,,41193,9,,,1,70,,41194,9,,,1,30,,41195,9,,,1,70,,41196,9,,,1,30,,41197,9,,,1,70,,41198,9,,,1,30,,41199,9,,,1,70,,41200,9,,,1,30,,41201,9,,,1,70,,41202,9,,,1,30,,41203,9,,,1,70,,41204,9,,,1,30,,41205,9,,,1,70,,41206,9,,,1,30,,41207,9,,,1,70,,41208,9,,,1,30,,41209,9,,,1,70,,41210,9,,,1,30,,41211,9,,,1,70,,41212,9,,,1,30,,41213,9,,,1
20200,'202-Weekday-21111100',602,,41248,9,,,1,30,,41249,9,,,1,71,,41250,9,,,1,22,,41215,9,,,1,10,,41251,9,,,1,10,,41273,9,,,1,10,,41216,9,,,1,50,,41252,9,,,1,10,,41274,9,,,1,10,,41214,9,,,1,10,,41253,9,,,1,10,,41275,9,,,1,10,,41217,9,,,1,50,,41254,9,,,1,10,,41276,9,,,1,10,,41218,9,,,1,9,,41255,9,,,1,10,,41277,9,,,1,10,,41219,9,,,1,65,,41256,9,,,1,15,,41220,9,,,1,15,,41257,9,,,1,55,,41221,9,,,1,15,,41258,9,,,1,15,,41222,9,,,1,15,,41259,9,,,1,55,,41223,9,,,1,15,,41260,9,,,1,15,,41224,9,,,1,15,,41261,9,,,1,55,,41225,9,,,1,15,,41262,9,,,1,15,,41226,9,,,1,15,,41263,9,,,1,55,,41227,9,,,1,15,,41264,9,,,1,16,,41228,9,,,1,15,,41265,9,,,1,50,,41229,9,,,1,10,,41266,9,,,1,10,,41278,9,,,1,10,,41230,9,,,1,10,,41267,9,,,1,10,,41279,9,,,1,50,,41231,9,,,1,10,,41268,9,,,1,10,,41280,9,,,1,10,,41232,9,,,1,10,,41269,9,,,1,10,,41281,9,,,1,50,,41233,9,,,1,10,,41270,9,,,1,10,,41282,9,,,1,10,,41234,9,,,1,10,,41271,9,,,1,10,,41283,9,,,1,50,,41235,9,,,1,9,,41272,9,,,1,10,,41284,9,,,1,10,,41236,9,,,1,30,,41237,9,,,1,70,,41238,9,,,1,30,,41239,9,,,1,70,,41240,9,,,1,30,,41241,9,,,1,70,,41242,9,,,1,30,,41243,9,,,1,68,,41244,9,,,1,30,,41245,9,,,1,70,,41246,9,,,1,30,,41247,9,,,1
