1900,'19-Holiday1-10000001',845,,35788,23,4,,1,100,,35789,23,4,,1,105,,35790,23,4,,1,100,,35791,23,4,,1,100,,35792,23,4,,1,100,,35793,23,4,,1,100,,35794,23,4,,1,100,,35795,23,4,,1,100,,35796,23,4,,1
1900,'19-Saturday-10000010',648,,35839,23,4,,1,100,,35806,23,4,,1,100,,35808,23,4,,1,102,,35809,23,4,,1,100,,35811,23,4,,1,100,,35813,23,4,,1,100,,35815,23,4,,1,100,,35817,23,4,,1,100,,35819,23,4,,1,100,,35821,23,4,,1,100,,35823,23,4,,1,170,,35826,23,4,,1,98,,35828,23,4,,1,100,,35830,23,4,,1,100,,35832,23,4,,1,100,,35834,23,4,,1,100,,35836,23,4,,1,100,,35838,23,4,,1
1900,'19-Sunday-10000001',845,,35842,23,4,,1,100,,35844,23,4,,1,105,,35846,23,4,,1,100,,35848,23,4,,1,100,,35849,23,4,,1,100,,35851,23,4,,1,100,,35853,23,4,,1,100,,35855,23,4,,1,100,,35857,23,4,,1,167,,35860,23,4,,1,98,,35862,23,4,,1,100,,35864,23,4,,1,100,,35866,23,4,,1,100,,35868,23,4,,1,100,,35870,23,4,,1
1900,'19-Weekday-21111100',614,,35874,23,4,,1,102,,35902,23,4,,1,108,,35901,23,4,,1,100,,35900,23,4,,1,97,,35903,23,4,,1,100,,35876,23,4,,1,100,,35878,23,4,,1,100,,35880,23,4,,1,100,,35882,23,4,,1,134,,35884,23,4,,1,100,,35898,23,4,,1,100,,35908,23,4,,1,95,,35887,23,4,,1,100,,35889,23,4,,1,100,,35891,23,4,,1,100,,35893,23,4,,1,93,,35895,23,4,,1
1901,'19-Holiday1-10000001',845,,35915,1,,,1,100,,35916,1,,,1,105,,35917,1,,,1,100,,35914,1,,,1,100,,35918,1,,,1,100,,35919,1,,,1,100,,35920,1,,,1,100,,35921,1,,,1,100,,35922,1,,,1
1901,'19-Saturday-10000010',648,,35931,1,,,1,100,,35933,1,,,1,100,,35934,1,,,1,102,,35936,1,,,1,100,,35938,1,,,1,100,,35940,1,,,1,100,,35942,1,,,1,100,,35944,1,,,1,100,,35946,1,,,1,100,,35948,1,,,1,100,,35950,1,,,1,170,,35953,1,,,1,98,,35955,1,,,1,100,,35957,1,,,1,100,,35959,1,,,1,100,,35961,1,,,1,100,,35963,1,,,1
1901,'19-Sunday-10000001',845,,35967,1,,,1,100,,35969,1,,,1,105,,35971,1,,,1,100,,35965,1,,,1,100,,35974,1,,,1,100,,35976,1,,,1,100,,35978,1,,,1,100,,35980,1,,,1,100,,35982,1,,,1,167,,35985,1,,,1,98,,35987,1,,,1,100,,35989,1,,,1,100,,35991,1,,,1,100,,35993,1,,,1,100,,35995,1,,,1
1901,'19-Weekday-21111100',614,,35997,1,,,1,102,,35998,1,,,1,108,,36033,1,,,1,100,,36031,1,,,1,97,,35999,1,,,1,100,,36001,1,,,1,100,,36003,1,,,1,100,,36005,1,,,1,100,,36007,1,,,1,134,,36009,1,,,1,100,,36010,1,,,1,100,,36011,1,,,1,95,,36017,1,,,1,100,,36019,1,,,1,100,,36021,1,,,1,100,,36028,1,,,1,93,,36026,1,,,1
2101,'21-Saturday-10000010',703,,36423,22,,,1,30,,36424,22,,,1,70,,36399,22,,,1,30,,36400,22,,,1,70,,36401,22,,,1,30,,36402,22,,,1,70,,36403,22,,,1,30,,36404,22,,,1,70,,36405,22,,,1,30,,36406,22,,,1,70,,36407,22,,,1,30,,36408,22,,,1,70,,36409,22,,,1,30,,36410,22,,,1,70,,36411,22,,,1,30,,36412,22,,,1,70,,36413,22,,,1,30,,36414,22,,,1,70,,36415,22,,,1,30,,36416,22,,,1,70,,36417,22,,,1,30,,36418,22,,,1,70,,36419,22,,,1,30,,36420,22,,,1,70,,36421,22,,,1,30,,36422,22,,,1
2101,'21-Sunday-10000001',737,,36425,22,,,1,70,,36426,22,,,1,30,,36427,22,,,1,70,,36428,22,,,1,30,,36429,22,,,1,71,,36430,22,,,1,34,,36431,22,,,1,71,,36432,22,,,1,30,,36433,22,,,1,70,,36434,22,,,1,30,,36435,22,,,1,70,,36436,22,,,1,30,,36437,22,,,1,70,,36438,22,,,1,30,,36439,22,,,1,70,,36440,22,,,1,30,,36441,22,,,1,70,,36442,22,,,1,30,,36443,22,,,1,70,,36444,22,,,1,30,,36445,22,,,1,68,,36446,22,,,1,27,,36447,22,,,1,69,,36448,22,,,1
2101,'21-Weekday-11111100',611,,36453,22,,,1,92,,36461,22,,,1,35,,36454,22,,,1,71,,36451,22,,,1,30,,36452,22,,,1,70,,36462,22,,,1,29,,36455,22,,,1,67,,36470,22,,,1,31,,36465,22,,,1,70,,36471,22,,,1,30,,36469,22,,,1,70,,36472,22,,,1,30,,36468,22,,,1,70,,36473,22,,,1,30,,36467,22,,,1,70,,36474,22,,,1,31,,36456,22,,,1,72,,36475,22,,,1,30,,36457,22,,,1,70,,36463,22,,,1,30,,36458,22,,,1,70,,36464,22,,,1,30,,36466,22,,,1,69,,36459,22,,,1,29,,36449,22,,,1,67,,36460,22,,,1,30,,36450,22,,,1,70,,36478,22,,,1,30,,36479,22,,,1,70,,36480,22,,,1,30,,36477,22,,,1,70,,36476,22,,,1
