101,'1-Holiday1-10000001',847,,32554,51,,,1,100,,32555,51,,,1,71,,32556,51,,,1,33,,32557,51,,,1,70,,32558,51,,,1,30,,32559,51,,,1,70,,32560,51,,,1,30,,32561,51,,,1,70,,32562,51,,,1,30,,32563,51,,,1,70,,32564,51,,,1,30,,32565,51,,,1,70,,32566,51,,,1,30,,32567,51,,,1,70,,32568,51,,,1,30,,32569,51,,,1,70,,32570,51,,,1,30,,32571,51,,,1,68,,32572,51,,,1,28,,32573,51,,,1,100,,32574,51,,,1,100,,32575,51,,,1,100,,32576,51,,,1,100,,32577,51,,,1,100,,32578,51,,,1,100,,32579,51,,,1
101,'1-Saturday-10000010',647,,32580,51,,,1,70,,32581,51,,,1,30,,32582,51,,,1,70,,32583,51,,,1,30,,32584,51,,,1,71,,32585,51,,,1,33,,32586,51,,,1,70,,32587,51,,,1,30,,32588,51,,,1,70,,32589,51,,,1,30,,32590,51,,,1,70,,32591,51,,,1,30,,32592,51,,,1,70,,32593,51,,,1,30,,32594,51,,,1,70,,32595,51,,,1,30,,32596,51,,,1,70,,32597,51,,,1,30,,32598,51,,,1,70,,32599,51,,,1,30,,32600,51,,,1,70,,32601,51,,,1,30,,32602,51,,,1,68,,32603,51,,,1,28,,32604,51,,,1,70,,32605,51,,,1,30,,32606,51,,,1,70,,32607,51,,,1,30,,32608,51,,,1,70,,32609,51,,,1,30,,32610,51,,,1,70,,32611,51,,,1,30,,32612,51,,,1,70,,32613,51,,,1,30,,32614,51,,,1,100,,32615,51,,,1
101,'1-Sunday-10000001',847,,32616,51,,,1,100,,32617,51,,,1,71,,32618,51,,,1,33,,32619,51,,,1,70,,32620,51,,,1,30,,32621,51,,,1,70,,32622,51,,,1,30,,32623,51,,,1,70,,32624,51,,,1,30,,32625,51,,,1,70,,32626,51,,,1,30,,32627,51,,,1,70,,32628,51,,,1,30,,32629,51,,,1,70,,32630,51,,,1,30,,32631,51,,,1,70,,32632,51,,,1,30,,32633,51,,,1,68,,32634,51,,,1,28,,32635,51,,,1,100,,32636,51,,,1,100,,32637,51,,,1,100,,32638,51,,,1,100,,32639,51,,,1,100,,32640,51,,,1,100,,32641,51,,,1
101,'1-Weekday-11111100',632,,32678,51,,,1,15,,32676,51,,,1,56,,32680,41,,,1,17,,32677,51,,,1,17,,32679,41,,,1,16,,32642,51,,,1,70,,32643,51,,,1,30,,32644,51,,,1,70,,32645,51,,,1,29,,32646,51,,,1,70,,32647,51,,,1,30,,32656,51,,,1,70,,32657,51,,,1,30,,32658,51,,,1,70,,32659,51,,,1,30,,32660,51,,,1,70,,32661,51,,,1,30,,32662,51,,,1,70,,32663,51,,,1,31,,32664,51,,,1,71,,32648,51,,,1,30,,32649,51,,,1,70,,32650,51,,,1,30,,32651,51,,,1,70,,32652,51,,,1,30,,32653,51,,,1,69,,32654,51,,,1,29,,32655,51,,,1,70,,32665,51,,,1,30,,32666,51,,,1,70,,32667,51,,,1,30,,32668,51,,,1,70,,32669,51,,,1,30,,32670,51,,,1,66,,32671,51,,,1,28,,32672,51,,,1,70,,32673,51,,,1,30,,32674,51,,,1,100,,32675,51,,,1
2001,'20-Holiday1-10000001',822,,36179,41,,,1,30,,36180,41,,,1,70,,36181,41,,,1,30,,36182,41,,,1,71,,36183,41,,,1,31,,36184,41,,,1,70,,36185,41,,,1,30,,36186,41,,,1,70,,36187,41,,,1,30,,36188,41,,,1,70,,36189,41,,,1,30,,36190,41,,,1,70,,36191,41,,,1,30,,36192,41,,,1,70,,36193,41,,,1,30,,36194,41,,,1,70,,36195,41,,,1,30,,36196,41,,,1,70,,36197,41,,,1,30,,36198,41,,,1,69,,36199,41,,,1,29,,36200,41,,,1,70,,36201,41,,,1,30,,36202,41,,,1,70,,36203,41,,,1,30,,36204,41,,,1,70,,36205,41,,,1,30,,36206,41,,,1,70,,36207,41,,,1,30,,36208,41,,,1,70,,36209,41,,,1,30,,36210,41,,,1
2001,'20-Saturday-10000010',658,,36211,41,,,1,70,,36212,41,,,1,30,,36213,41,,,1,70,,36214,41,,,1,30,,36215,41,,,1,73,,36216,41,,,1,70,,36217,41,,,1,30,,36218,41,,,1,70,,36219,41,,,1,30,,36220,41,,,1,70,,36221,41,,,1,30,,36222,41,,,1,70,,36223,41,,,1,30,,36224,41,,,1,70,,36225,41,,,1,30,,36226,41,,,1,70,,36227,41,,,1,30,,36228,41,,,1,70,,36229,41,,,1,30,,36230,41,,,1,70,,36231,41,,,1,30,,36232,41,,,1,70,,36233,41,,,1,27,,36234,41,,,1,30,,36235,41,,,1,70,,36236,41,,,1,30,,36237,41,,,1,70,,36238,41,,,1,30,,36239,41,,,1,70,,36240,41,,,1,30,,36241,41,,,1,70,,36242,41,,,1,30,,36243,41,,,1,70,,36244,41,,,1,30,,36245,41,,,1,70,,36246,41,,,1
2001,'20-Sunday-20000001',816,,36247,41,,,1,30,,36248,41,,,1,80,,36249,41,,,1,30,,36250,41,,,1,73,,36251,41,,,1,30,,36252,41,,,1,70,,36253,41,,,1,30,,36254,41,,,1,70,,36255,41,,,1,30,,36256,41,,,1,70,,36257,41,,,1,30,,36258,41,,,1,70,,36259,41,,,1,30,,36260,41,,,1,70,,36261,41,,,1,30,,36262,41,,,1,70,,36263,41,,,1,30,,36264,41,,,1,70,,36265,41,,,1,30,,36266,41,,,1,68,,36267,41,,,1,30,,36268,41,,,1,70,,36269,41,,,1,20,,36270,41,,,1,70,,36271,41,,,1,30,,36272,41,,,1,70,,36273,41,,,1,30,,36274,41,,,1,70,,36275,41,,,1,30,,36276,41,,,1,70,,36277,41,,,1,30,,36278,41,,,1
2001,'20-Weekday-11111100',624,,36279,41,,,1,30,,36280,41,,,1,75,,36281,41,,,1,14,,36282,41,,,1,70,,36283,41,,,1,30,,36284,41,,,1,70,,36285,41,,,1,29,,36286,41,,,1,71,,36287,41,,,1,30,,36288,41,,,1,70,,36314,41,,,1,30,,36289,41,,,1,70,,36290,41,,,1,30,,36291,41,,,1,70,,36292,41,,,1,30,,36293,41,,,1,70,,36294,41,,,1,31,,36295,41,,,1,72,,36296,41,,,1,20,,36297,41,,,1,70,,36298,41,,,1,30,,36299,41,,,1,70,,36300,41,,,1,30,,36301,41,,,1,69,,36302,41,,,1,28,,36303,41,,,1,79,,36316,41,,,1,30,,36304,41,,,1,70,,36315,41,,,1,30,,36305,41,,,1,70,,36306,41,,,1,30,,36307,41,,,1,69,,36308,41,,,1,26,,36309,41,,,1,20,,36310,41,,,1,70,,36311,41,,,1,30,,36312,41,,,1,70,,36313,41,,,1
20401,'204-Holiday1-10000001',803,,41791,27,,,1,30,,41792,27,,,1,70,,41793,27,,,1,30,,41794,27,,,1,70,,41795,27,,,1,30,,41790,27,,,1,70,,41796,27,,,1,30,,41797,27,,,1,70,,41798,27,,,1,30,,41799,27,,,1,70,,41800,27,,,1,30,,41801,27,,,1,70,,41802,27,,,1,30,,41803,27,,,1,70,,41804,27,,,1,30,,41805,27,,,1,70,,41806,27,,,1,30,,41807,27,,,1,70,,41808,27,,,1,30,,41809,27,,,1,70,,41810,27,,,1,30,,41811,27,,,1,70,,41812,27,,,1,30,,41813,27,,,1,70,,41814,27,,,1,30,,41815,27,,,1,70,,41816,27,,,1,30,,41817,27,,,1,70,,41818,27,,,1,30,,41819,27,,,1,70,,41820,27,,,1,30,,41821,27,,,1,70,,41822,27,,,1
20401,'204-Saturday-10000010',700,,41857,27,,,1,30,,41823,27,,,1,70,,41824,27,,,1,30,,41825,27,,,1,70,,41826,27,,,1,31,,41827,27,,,1,73,,41828,27,,,1,30,,41856,27,,,1,70,,41829,27,,,1,30,,41830,27,,,1,70,,41831,27,,,1,30,,41832,27,,,1,70,,41833,27,,,1,30,,41834,27,,,1,70,,41835,27,,,1,30,,41836,27,,,1,70,,41837,27,,,1,30,,41838,27,,,1,70,,41839,27,,,1,30,,41840,27,,,1,70,,41841,27,,,1,30,,41842,27,,,1,70,,41843,27,,,1,28,,41844,27,,,1,68,,41845,27,,,1,30,,41846,27,,,1,70,,41847,27,,,1,30,,41848,27,,,1,70,,41849,27,,,1,30,,41850,27,,,1,70,,41851,27,,,1,30,,41852,27,,,1,70,,41853,27,,,1,30,,41854,27,,,1,70,,41855,27,,,1
20401,'204-Sunday-10000001',759,,41859,27,,,1,70,,41860,27,,,1,30,,41861,27,,,1,70,,41862,27,,,1,30,,41863,27,,,1,71,,41858,27,,,1,73,,41864,27,,,1,30,,41865,27,,,1,70,,41866,27,,,1,30,,41867,27,,,1,70,,41868,27,,,1,30,,41869,27,,,1,70,,41870,27,,,1,30,,41871,27,,,1,70,,41872,27,,,1,30,,41873,27,,,1,70,,41874,27,,,1,30,,41875,27,,,1,70,,41876,27,,,1,30,,41877,27,,,1,69,,41878,27,,,1,30,,41879,27,,,1,27,,41880,27,,,1,70,,41881,27,,,1,30,,41882,27,,,1,70,,41883,27,,,1,30,,41884,27,,,1,70,,41885,27,,,1,30,,41886,27,,,1,70,,41887,27,,,1,30,,41888,27,,,1,70,,41889,27,,,1,30,,41890,27,,,1
20401,'204-Weekday-11111100',627,,41948,27,,,1,31,,41942,27,,,1,73,,41891,27,,,1,16,,41949,27,,,1,55,,41943,27,,,1,15,,41892,27,,,1,15,,41944,27,,,1,15,,41893,27,,,1,55,,41894,27,,,1,15,,41895,27,,,1,15,,41896,27,,,1,14,,41897,27,,,1,55,,41898,27,,,1,15,,41899,27,,,1,19,,41900,27,,,1,15,,41901,27,,,1,55,,41902,27,,,1,15,,41903,27,,,1,15,,41904,27,,,1,15,,41905,27,,,1,55,,41906,27,,,1,15,,41907,27,,,1,15,,41908,27,,,1,15,,41909,27,,,1,55,,41910,27,,,1,15,,41911,27,,,1,15,,41912,27,,,1,15,,41913,27,,,1,55,,41914,27,,,1,15,,41915,27,,,1,15,,41916,27,,,1,17,,41917,27,,,1,56,,41918,27,,,1,16,,41919,27,,,1,10,,41947,27,,,1,13,,41920,27,,,1,60,,41921,27,,,1,15,,41922,27,,,1,15,,41923,27,,,1,15,,41924,27,,,1,55,,41925,27,,,1,15,,41926,27,,,1,15,,41927,27,,,1,15,,41928,27,,,1,55,,41946,27,,,1,13,,41929,27,,,1,13,,41930,27,,,1,14,,41931,27,,,1,67,,41945,27,,,1,10,,41932,27,,,1,80,,41933,27,,,1,30,,41934,27,,,1,70,,41935,27,,,1,30,,41936,27,,,1,70,,41937,27,,,1,27,,41938,27,,,1,28,,41939,27,,,1,70,,41940,27,,,1,30,,41941,27,,,1
