1200,'12-Holiday1-10000001',738,,34879,22,,,1,71,,34880,42,,,1,30,,34847,42,,,1,70,,34848,42,,,1,30,,34849,42,,,1,72,,34850,42,,,1,30,,34851,42,,,1,70,,34852,42,,,1,30,,34853,42,,,1,70,,34854,42,,,1,30,,34855,42,,,1,70,,34856,42,,,1,30,,34857,42,,,1,70,,34858,42,,,1,30,,34859,42,,,1,70,,34860,42,,,1,30,,34861,42,,,1,70,,34862,42,,,1,30,,34863,42,,,1,70,,34864,42,,,1,30,,34865,42,,,1,68,,34866,42,,,1,30,,34867,42,,,1,70,,34868,42,,,1,30,,34869,42,,,1,70,,34870,42,,,1,30,,34871,42,,,1,70,,34872,42,,,1,30,,34873,42,,,1,70,,34874,42,,,1,30,,34875,42,,,1,70,,34876,42,,,1,30,,34877,42,,,1,70,,34878,42,,,1
1200,'12-Saturday-10000010',640,,34916,22,,,1,69,,34917,42,,,1,30,,34881,42,,,1,70,,34882,42,,,1,30,,34883,42,,,1,72,,34884,42,,,1,30,,34885,42,,,1,70,,34886,42,,,1,30,,34887,42,,,1,70,,34888,42,,,1,30,,34889,42,,,1,70,,34890,42,,,1,30,,34891,42,,,1,70,,34892,42,,,1,30,,34893,42,,,1,70,,34894,42,,,1,30,,34895,42,,,1,70,,34896,42,,,1,30,,34897,42,,,1,70,,34898,42,,,1,30,,34899,42,,,1,70,,34900,42,,,1,30,,34901,42,,,1,70,,34902,42,,,1,30,,34903,42,,,1,70,,34904,42,,,1,30,,34905,42,,,1,70,,34906,42,,,1,30,,34907,42,,,1,70,,34908,42,,,1,30,,34909,42,,,1,68,,34910,42,,,1,30,,34911,42,,,1,70,,34912,42,,,1,30,,34913,42,,,1,70,,34914,42,,,1,30,,34915,42,,,1
1200,'12-Sunday-10000001',709,,34952,22,,,1,29,,34950,22,,,1,71,,34951,42,,,1,30,,34918,42,,,1,70,,34919,42,,,1,30,,34920,42,,,1,72,,34921,42,,,1,30,,34922,42,,,1,70,,34923,42,,,1,30,,34924,42,,,1,70,,34925,42,,,1,30,,34926,42,,,1,70,,34927,42,,,1,30,,34928,42,,,1,70,,34929,42,,,1,30,,34930,42,,,1,70,,34931,42,,,1,30,,34932,42,,,1,70,,34933,42,,,1,30,,34934,42,,,1,70,,34935,42,,,1,30,,34936,42,,,1,68,,34937,42,,,1,30,,34938,42,,,1,70,,34939,42,,,1,30,,34940,42,,,1,70,,34941,42,,,1,30,,34942,42,,,1,70,,34943,42,,,1,30,,34944,42,,,1,70,,34945,42,,,1,30,,34946,42,,,1,70,,34947,42,,,1,30,,34948,42,,,1,70,,34949,42,,,1
1200,'12-Weekday-11111100',550,,35005,22,,,1,60,,35001,22,,,1,28,,34953,42,,,1,17,,35002,22,,,1,56,,34954,42,,,1,18,,35000,22,,,1,15,,34955,42,,,1,15,,34956,42,,,1,55,,34957,42,,,1,15,,34958,42,,,1,15,,34959,42,,,1,15,,34960,42,,,1,55,,34961,42,,,1,15,,34962,42,,,1,14,,34963,42,,,1,14,,35004,42,,,1,54,,34964,42,,,1,15,,35009,42,,,1,15,,34965,42,,,1,15,,35008,42,,,1,55,,34966,42,,,1,15,,35015,42,,,1,15,,34967,42,,,1,15,,35014,42,,,1,55,,34968,42,,,1,15,,35013,42,,,1,15,,34969,42,,,1,15,,35012,42,,,1,55,,34970,42,,,1,15,,35011,42,,,1,15,,34971,42,,,1,15,,35010,42,,,1,55,,34972,42,,,1,15,,35007,42,,,1,15,,34973,42,,,1,16,,35006,42,,,1,57,,35003,42,,,1,15,,34974,42,,,1,15,,34975,42,,,1,15,,34976,42,,,1,55,,34977,42,,,1,15,,34978,42,,,1,15,,34979,42,,,1,15,,34980,42,,,1,55,,34981,42,,,1,15,,34982,42,,,1,15,,34983,42,,,1,15,,34984,42,,,1,55,,34985,42,,,1,14,,34999,42,,,1,14,,34986,42,,,1,15,,35016,42,,,1,55,,34987,42,,,1,15,,35017,42,,,1,15,,34988,42,,,1,15,,35018,42,,,1,55,,34989,42,,,1,15,,35019,42,,,1,15,,34990,42,,,1,15,,35020,42,,,1,55,,34991,42,,,1,15,,35021,42,,,1,15,,34992,42,,,1,15,,35022,42,,,1,53,,34993,42,,,1,12,,35023,42,,,1,14,,34994,42,,,1,70,,34995,42,,,1,30,,34996,42,,,1,70,,34997,42,,,1,30,,34998,42,,,1
1900,'19-Holiday1-10000001',829,,35788,2,0,25 26 27,1,100,,35789,2,0,25 26 27,1,103,,35790,2,0,25 26 27,1,100,,35791,2,0,25 26 27,1,100,,35792,2,0,25 26 27,1,100,,35793,2,0,25 26 27,1,100,,35794,2,0,25 26 27,1,100,,35795,2,0,25 26 27,1,100,,35796,2,0,25 26 27,1,100,,35797,2,0,28 7,1,97,,35798,2,0,28 7,1,100,,35799,2,0,28 7,1,100,,35800,2,0,28 7,1,100,,35801,2,0,28 7,1,100,,35802,2,0,28 7,1,100,,35803,2,0,28 7,1
1900,'19-Saturday-10000010',631,,35839,2,0,25 26 27,1,70,,35805,2,0,28 7,1,30,,35806,2,0,25 26 27,1,70,,35807,2,0,28 7,1,30,,35808,2,0,25 26 27,1,70,,35804,2,0,28 7,1,31,,35809,2,0,25 26 27,1,70,,35810,2,0,28 7,1,30,,35811,2,0,25 26 27,1,70,,35812,2,0,28 7,1,30,,35813,2,0,25 26 27,1,70,,35814,2,0,28 7,1,30,,35815,2,0,25 26 27,1,70,,35816,2,0,28 7,1,30,,35817,2,0,25 26 27,1,70,,35818,2,0,28 7,1,30,,35819,2,0,25 26 27,1,70,,35820,2,0,28 7,1,30,,35821,2,0,25 26 27,1,70,,35822,2,0,28 7,1,30,,35823,2,0,25 26 27,1,70,,35824,2,0,28 7,1,30,,35825,2,0,28 7,1,70,,35826,2,0,25 26 27,1,29,,35827,2,0,28 7,1,70,,35828,2,0,25 26 27,1,30,,35829,2,0,28 7,1,70,,35830,2,0,25 26 27,1,30,,35831,2,0,28 7,1,70,,35832,2,0,25 26 27,1,30,,35833,2,0,28 7,1,70,,35834,2,0,25 26 27,1,30,,35835,2,0,28 7,1,70,,35836,2,0,25 26 27,1,30,,35837,2,0,28 7,1,70,,35838,2,0,25 26 27,1
1900,'19-Sunday-10000001',759,,35841,2,0,28 7,1,70,,35842,2,0,25 26 27,1,30,,35843,2,0,28 7,1,70,,35844,2,0,25 26 27,1,30,,35845,2,0,28 7,1,73,,35846,2,0,25 26 27,1,70,,35847,2,0,28 7,1,30,,35848,2,0,25 26 27,1,70,,35840,2,0,28 7,1,30,,35849,2,0,25 26 27,1,70,,35850,2,0,28 7,1,30,,35851,2,0,25 26 27,1,70,,35852,2,0,28 7,1,30,,35853,2,0,25 26 27,1,70,,35854,2,0,28 7,1,30,,35855,2,0,25 26 27,1,70,,35856,2,0,28 7,1,30,,35857,2,0,25 26 27,1,70,,35858,2,0,28 7,1,30,,35859,2,0,28 7,1,69,,35860,2,0,25 26 27,1,28,,35861,2,0,28 7,1,30,,35862,2,0,25 26 27,1,70,,35863,2,0,28 7,1,30,,35864,2,0,25 26 27,1,70,,35865,2,0,28 7,1,30,,35866,2,0,25 26 27,1,70,,35867,2,0,28 7,1,30,,35868,2,0,25 26 27,1,70,,35869,2,0,28 7,1,30,,35870,2,0,25 26 27,1,70,,35871,2,0,28 7,1
1900,'19-Weekday-21111100',543,,35872,2,0,28 7,1,14,,35874,2,0,25 26 27,1,70,,35873,2,0,28 7,1,30,,35902,2,0,25 26 27,1,78,,35907,2,0,28 7,1,70,,35901,2,0,25 26 27,1,30,,35906,2,0,28 7,1,70,,35900,2,0,25 26 27,1,30,,35905,2,0,28 7,1,68,,35903,2,0,25 26 27,1,30,,35875,2,0,28 7,1,70,,35876,2,0,25 26 27,1,30,,35877,2,0,28 7,1,70,,35878,2,0,25 26 27,1,30,,35879,2,0,28 7,1,70,,35880,2,0,25 26 27,1,30,,35881,2,0,28 7,1,70,,35882,2,0,25 26 27,1,30,,35883,2,0,28 7,1,15,,35909,2,0,37,1,56,,35885,2,0,28 7,1,14,,35910,2,0,37,1,16,,35884,2,0,25 26 27,1,14,,35911,2,0,37,1,56,,35904,2,0,28 7,1,14,,35912,2,0,37,1,16,,35898,2,0,25 26 27,1,14,,35913,2,0,37,1,56,,35899,2,0,28 7,1,30,,35908,2,0,25 26 27,1,70,,35886,2,0,28 7,1,27,,35887,2,0,25 26 27,1,70,,35888,2,0,28 7,1,30,,35889,2,0,25 26 27,1,70,,35890,2,0,28 7,1,30,,35891,2,0,25 26 27,1,70,,35892,2,0,28 7,1,30,,35893,2,0,25 26 27,1,70,,35894,2,0,28 7,1,25,,35895,2,0,25 26 27,1,30,,35896,2,0,28 7,1,70,,35897,2,0,28 7,1
2900,'29-Saturday-10000010',712,,37289,22,,,1,30,,37290,22,,,1,70,,37291,22,,,1,30,,37292,22,,,1,71,,37293,22,,,1,30,,37294,22,,,1,70,,37295,22,,,1,30,,37296,22,,,1,70,,37297,22,,,1,30,,37298,22,,,1,70,,37299,22,,,1,30,,37300,22,,,1,70,,37301,22,,,1,30,,37302,22,,,1,70,,37303,22,,,1,30,,37304,22,,,1,70,,37305,22,,,1,30,,37306,22,,,1,70,,37307,22,,,1,30,,37308,22,,,1,70,,37309,22,,,1,30,,37310,22,,,1,70,,37311,22,,,1,30,,37312,22,,,1,70,,37313,22,,,1,30,,37314,22,,,1,70,,37315,22,,,1,30,,37316,22,,,1,70,,37317,22,,,1,30,,37318,22,,,1,70,,37319,22,,,1,30,,37320,22,,,1,70,,37321,22,,,1,30,,37322,22,,,1,100,,37323,22,,,1
2900,'29-Sunday-20000001',912,,37324,22,,,1,30,,37325,22,,,1,71,,37326,22,,,1,30,,37327,22,,,1,70,,37328,22,,,1,30,,37329,22,,,1,70,,37330,22,,,1,30,,37331,22,,,1,70,,37332,22,,,1,30,,37333,22,,,1,70,,37334,22,,,1,30,,37335,22,,,1,70,,37336,22,,,1,30,,37337,22,,,1,70,,37338,22,,,1,30,,37339,22,,,1,70,,37340,22,,,1,30,,37341,22,,,1,69,,37342,22,,,1,30,,37343,22,,,1,70,,37344,22,,,1,30,,37345,22,,,1,70,,37346,22,,,1,30,,37347,22,,,1,70,,37348,22,,,1,30,,37349,22,,,1,70,,37350,22,,,1,30,,37351,22,,,1,70,,37352,22,,,1,30,,37353,22,,,1,100,,37354,22,,,1
2900,'29-Weekday-11111100',602,,37391,22,,,1,40,,37388,22,,,1,67,,37390,22,,,1,42,,37389,22,,,1,70,,37364,22,,,1,30,,37365,22,,,1,70,,37366,22,,,1,29,,37367,22,,,1,70,,37368,22,,,1,30,,37369,22,,,1,70,,37370,22,,,1,30,,37371,22,,,1,70,,37372,22,,,1,30,,37373,22,,,1,70,,37374,22,,,1,30,,37375,22,,,1,70,,37376,22,,,1,32,,37377,22,,,1,70,,37378,22,,,1,30,,37379,22,,,1,70,,37380,22,,,1,30,,37381,22,,,1,70,,37382,22,,,1,30,,37383,22,,,1,66,,37384,22,,,1,30,,37385,22,,,1,70,,37386,22,,,1,30,,37387,22,,,1,70,,37363,22,,,1,30,,37362,22,,,1,70,,37361,22,,,1,30,,37355,22,,,1,68,,37360,22,,,1,25,,37358,22,,,1,65,,37359,22,,,1,30,,37357,22,,,1,70,,37356,22,,,1
9101,'91-Saturday-10000010',2441,,40702,2,0,21 22 23,1,70,,40703,2,0,21 22 23,1,30,,40704,2,0,21 22 23,1
9101,'91-Weekday-10001100',2441,,40705,2,0,21 22 23,1,70,,40706,2,0,21 22 23,1,30,,40707,2,0,21 22 23,1
20200,'202-Holiday1-10000001',730,,41111,10,,,1,70,,41112,10,,,1,30,,41113,10,,,1,70,,41114,10,,,1,30,,41115,10,,,1,70,,41116,10,,,1,31,,41117,10,,,1,70,,41118,10,,,1,30,,41119,10,,,1,70,,41120,10,,,1,30,,41110,10,,,1,70,,41121,10,,,1,30,,41122,10,,,1,70,,41123,10,,,1,30,,41124,10,,,1,70,,41125,10,,,1,30,,41126,10,,,1,70,,41127,10,,,1,30,,41128,10,,,1,70,,41129,10,,,1,30,,41130,10,,,1,70,,41131,10,,,1,29,,41132,10,,,1,70,,41133,10,,,1,30,,41134,10,,,1,70,,41135,10,,,1,30,,41136,10,,,1,70,,41137,10,,,1,30,,41138,10,,,1,70,,41139,10,,,1,30,,41140,10,,,1,70,,41141,10,,,1,30,,41142,10,,,1,70,,41143,10,,,1
20200,'202-Saturday-10000010',629,,41179,10,,,1,30,,41144,10,,,1,70,,41145,10,,,1,30,,41146,10,,,1,70,,41147,10,,,1,30,,41148,10,,,1,71,,41149,10,,,1,70,,41150,10,,,1,30,,41151,10,,,1,70,,41152,10,,,1,30,,41153,10,,,1,70,,41154,10,,,1,30,,41155,10,,,1,70,,41156,10,,,1,30,,41157,10,,,1,70,,41158,10,,,1,30,,41159,10,,,1,70,,41160,10,,,1,30,,41161,10,,,1,70,,41162,10,,,1,30,,41163,10,,,1,70,,41164,10,,,1,30,,41165,10,,,1,70,,41166,10,,,1,29,,41167,10,,,1,30,,41168,10,,,1,70,,41169,10,,,1,30,,41170,10,,,1,70,,41171,10,,,1,30,,41172,10,,,1,70,,41173,10,,,1,30,,41174,10,,,1,70,,41175,10,,,1,30,,41176,10,,,1,70,,41177,10,,,1,30,,41178,10,,,1
20200,'202-Sunday-10000001',729,,41181,10,,,1,30,,41182,10,,,1,70,,41183,10,,,1,30,,41184,10,,,1,70,,41185,10,,,1,30,,41186,10,,,1,71,,41187,10,,,1,70,,41188,10,,,1,30,,41189,10,,,1,70,,41190,10,,,1,30,,41180,10,,,1,70,,41191,10,,,1,30,,41192,10,,,1,70,,41193,10,,,1,30,,41194,10,,,1,70,,41195,10,,,1,30,,41196,10,,,1,70,,41197,10,,,1,30,,41198,10,,,1,70,,41199,10,,,1,30,,41200,10,,,1,70,,41201,10,,,1,30,,41202,10,,,1,70,,41203,10,,,1,30,,41204,10,,,1,70,,41205,10,,,1,30,,41206,10,,,1,70,,41207,10,,,1,30,,41208,10,,,1,70,,41209,10,,,1,30,,41210,10,,,1,70,,41211,10,,,1,30,,41212,10,,,1,70,,41213,10,,,1
20200,'202-Weekday-21111100',603,,41248,10,,,1,30,,41249,10,,,1,71,,41250,10,,,1,22,,41215,10,,,1,10,,41251,10,,,1,10,,41273,10,,,1,10,,41216,10,,,1,50,,41252,10,,,1,10,,41274,10,,,1,10,,41214,10,,,1,10,,41253,10,,,1,10,,41275,10,,,1,10,,41217,10,,,1,50,,41254,10,,,1,10,,41276,10,,,1,10,,41218,10,,,1,9,,41255,10,,,1,10,,41277,10,,,1,10,,41219,10,,,1,65,,41256,10,,,1,15,,41220,10,,,1,15,,41257,10,,,1,55,,41221,10,,,1,15,,41258,10,,,1,15,,41222,10,,,1,15,,41259,10,,,1,55,,41223,10,,,1,15,,41260,10,,,1,15,,41224,10,,,1,15,,41261,10,,,1,55,,41225,10,,,1,15,,41262,10,,,1,15,,41226,10,,,1,15,,41263,10,,,1,55,,41227,10,,,1,15,,41264,10,,,1,17,,41228,10,,,1,15,,41265,10,,,1,50,,41229,10,,,1,10,,41266,10,,,1,10,,41278,10,,,1,10,,41230,10,,,1,10,,41267,10,,,1,10,,41279,10,,,1,50,,41231,10,,,1,10,,41268,10,,,1,10,,41280,10,,,1,10,,41232,10,,,1,10,,41269,10,,,1,10,,41281,10,,,1,50,,41233,10,,,1,10,,41270,10,,,1,10,,41282,10,,,1,10,,41234,10,,,1,10,,41271,10,,,1,10,,41283,10,,,1,49,,41235,10,,,1,9,,41272,10,,,1,10,,41284,10,,,1,10,,41236,10,,,1,70,,41237,10,,,1,30,,41238,10,,,1,70,,41239,10,,,1,30,,41240,10,,,1,70,,41241,10,,,1,30,,41242,10,,,1,70,,41243,10,,,1,28,,41244,10,,,1,30,,41245,10,,,1,70,,41246,10,,,1,30,,41247,10,,,1
