1000,'10-Weekday-11111100',716,,23985,2,0,36 7,1,30,,23961,2,0,36 7,1,70,,23962,2,0,36 7,1,30,,23963,2,0,36 7,1,70,,23964,2,0,36 7,1,30,,23965,2,0,36 7,1,70,,23966,2,0,36 7,1,30,,23967,2,0,36 7,1,70,,23968,2,0,36 7,1,30,,23969,2,0,36 7,1,70,,23970,2,0,36 7,1,30,,23971,2,0,36 7,1,70,,23972,2,0,36 7,1,30,,23973,2,0,36 7,1,70,,23953,2,0,36 7,1,30,,23954,2,0,36 7,1,70,,23955,2,0,36 7,1,30,,23956,2,0,36 7,1,70,,23957,2,0,36 7,1,30,,23958,2,0,36 7,1,70,,23959,2,0,36 7,1,30,,23960,2,0,36 7,1,70,,23984,2,0,36 7,1
1600,'16-Saturday-10000010',701,,24806,2,,,1,30,,24773,2,,,1,70,,24774,2,,,1,30,,24775,2,,,1,70,,24776,2,,,1,30,,24777,2,,,1,70,,24778,2,,,1,30,,24779,2,,,1,70,,24780,2,,,1,30,,24781,2,,,1,70,,24782,2,,,1,30,,24783,2,,,1,70,,24784,2,,,1,30,,24785,2,,,1,70,,24786,2,,,1,30,,24787,2,,,1,70,,24788,2,,,1,30,,24789,2,,,1,70,,24790,2,,,1,30,,24791,2,,,1,70,,24792,2,,,1,30,,24793,2,,,1,70,,24794,2,,,1,30,,24795,2,,,1,70,,24796,2,,,1,30,,24797,2,,,1,70,,24798,2,,,1,30,,24799,2,,,1,70,,24800,2,,,1,30,,24801,2,,,1,70,,24802,2,,,1,30,,24803,2,,,1,70,,24804,2,,,1,30,,24805,2,,,1
1600,'16-Sunday-10000001',801,,24809,2,,,1,30,,24810,2,,,1,70,,24811,2,,,1,30,,24812,2,,,1,70,,24813,2,,,1,30,,24814,2,,,1,70,,24815,2,,,1,30,,24816,2,,,1,70,,24817,2,,,1,30,,24818,2,,,1,70,,24819,2,,,1,30,,24820,2,,,1,70,,24821,2,,,1,30,,24822,2,,,1,70,,24823,2,,,1,30,,24824,2,,,1,70,,24825,2,,,1,30,,24826,2,,,1,70,,24827,2,,,1,30,,24828,2,,,1,70,,24829,2,,,1,30,,24830,2,,,1,70,,24831,2,,,1,30,,24832,2,,,1,70,,24833,2,,,1,30,,24834,2,,,1,70,,24835,2,,,1,30,,24836,2,,,1,70,,24837,2,,,1,30,,24838,2,,,1,70,,24839,2,,,1,30,,24840,2,,,1
1600,'16-Weekday-11111100',556,,24879,2,,,1,70,,24878,2,,,1,15,,24881,2,,,1,15,,24842,2,,,1,55,,24882,2,,,1,15,,24843,2,,,1,15,,24883,2,,,1,15,,24844,2,,,1,55,,24884,2,,,1,15,,24845,2,,,1,15,,24909,2,,,1,15,,24846,2,,,1,55,,24904,2,,,1,15,,24847,2,,,1,15,,24905,2,,,1,15,,24848,2,,,1,55,,24906,2,,,1,15,,24849,2,,,1,15,,24907,2,,,1,15,,24850,2,,,1,55,,24908,2,,,1,15,,24851,2,,,1,15,,24900,2,,,1,15,,24852,2,,,1,55,,24903,2,,,1,15,,24853,2,,,1,15,,24902,2,,,1,15,,24854,2,,,1,55,,24901,2,,,1,15,,24855,2,,,1,15,,24899,2,,,1,15,,24856,2,,,1,55,,24898,2,,,1,15,,24857,2,,,1,15,,24885,2,,,1,15,,24858,2,,,1,55,,24886,2,,,1,15,,24859,2,,,1,15,,24887,2,,,1,15,,24860,2,,,1,55,,24888,2,,,1,15,,24861,2,,,1,15,,24889,2,,,1,15,,24862,2,,,1,55,,24890,2,,,1,15,,24863,2,,,1,15,,24891,2,,,1,15,,24864,2,,,1,55,,24865,2,,,1,15,,24892,2,,,1,15,,24866,2,,,1,15,,24893,2,,,1,55,,24867,2,,,1,15,,24894,2,,,1,15,,24868,2,,,1,15,,24895,2,,,1,55,,24869,2,,,1,15,,24896,2,,,1,15,,24870,2,,,1,15,,24897,2,,,1,55,,24871,2,,,1,15,,24910,2,,,1,15,,24872,2,,,1,60,,24873,2,,,1,30,,24874,2,,,1,70,,24875,2,,,1
3601,'36-Saturday-10000010',716,,27355,2,,,1,30,,27367,2,,,1,70,,27356,2,,,1,30,,27368,2,,,1,70,,27357,2,,,1,30,,27369,2,,,1,70,,27358,2,,,1,30,,27370,2,,,1,70,,27359,2,,,1,30,,27371,2,,,1,70,,27360,2,,,1,30,,27372,2,,,1,70,,27361,2,,,1,30,,27373,2,,,1,70,,27362,2,,,1,30,,27374,2,,,1,70,,27363,2,,,1,30,,27375,2,,,1,70,,27364,2,,,1,30,,27376,2,,,1,70,,27365,2,,,1,30,,27377,2,,,1,70,,27366,2,,,1,30,,27378,2,,,1,70,,27379,2,,,1
3601,'36-Sunday-10000001',816,,27380,2,,,1,30,,27381,2,,,1,70,,27382,2,,,1,30,,27383,2,,,1,70,,27384,2,,,1,35,,27385,2,,,1,70,,27386,2,,,1,30,,27387,2,,,1,70,,27388,2,,,1,30,,27389,2,,,1,70,,27390,2,,,1,30,,27391,2,,,1,70,,27392,2,,,1,30,,27393,2,,,1,70,,27394,2,,,1,30,,27395,2,,,1,70,,27396,2,,,1,30,,27397,2,,,1,70,,27398,2,,,1,25,,27399,2,,,1,70,,27400,2,,,1,30,,27401,2,,,1
3601,'36-Weekday-11111100',701,,27426,2,,,1,30,,27402,2,,,1,70,,27403,2,,,1,30,,27404,2,,,1,70,,27405,2,,,1,30,,27406,2,,,1,70,,27407,2,,,1,30,,27408,2,,,1,70,,27409,2,,,1,30,,27410,2,,,1,70,,27411,2,,,1,30,,27412,2,,,1,70,,27413,2,,,1,30,,27414,2,,,1,70,,27415,2,,,1,30,,27416,2,,,1,70,,27417,2,,,1,30,,27418,2,,,1,70,,27419,2,,,1,30,,27420,2,,,1,70,,27421,2,,,1,30,,27422,2,,,1,70,,27423,2,,,1,30,,27424,2,,,1,70,,27425,2,,,1,30,,27427,2,,,1,70,,27428,2,,,1,30,,27429,2,,,1,70,,27430,2,,,1,30,,27431,2,,,1,70,,27432,2,,,1,30,,27433,2,,,1
5700,'57-Saturday-10000010',701,,28667,2,,,1,100,,28655,2,,,1,100,,28656,2,,,1,100,,28657,2,,,1,100,,28658,2,,,1,100,,28659,2,,,1,100,,28660,2,,,1,100,,28661,2,,,1,100,,28662,2,,,1,100,,28663,2,,,1,100,,28664,2,,,1,100,,28665,2,,,1,100,,28666,2,,,1
5700,'57-Weekday-11111100',632,,28669,2,,,1,69,,28695,2,,,1,30,,28670,2,,,1,70,,28671,2,,,1,30,,28672,2,,,1,70,,28673,2,,,1,31,,28674,2,,,1,70,,28675,2,,,1,30,,28676,2,,,1,70,,28677,2,,,1,30,,28678,2,,,1,70,,28679,2,,,1,30,,28680,2,,,1,70,,28681,2,,,1,30,,28682,2,,,1,70,,28683,2,,,1,34,,28685,2,,,1,70,,28686,2,,,1,30,,28687,2,,,1,70,,28688,2,,,1,30,,28689,2,,,1,70,,28690,2,,,1,30,,28691,2,,,1,70,,28684,2,,,1,25,,28696,2,,,1,70,,28692,2,,,1,30,,28697,2,,,1,70,,28693,2,,,1,30,,28698,2,,,1,70,,28694,2,,,1,30,,28700,2,,,1,70,,28699,2,,,1,30,,28701,2,,,1
6100,'61-Saturday-10000010',721,,29119,2,,,1,30,,29120,2,,,1,70,,29121,2,,,1,30,,29122,2,,,1,70,,29123,2,,,1,30,,29124,2,,,1,70,,29126,2,,,1,30,,29125,2,,,1,70,,29105,2,,,1,30,,29106,2,,,1,70,,29107,2,,,1,30,,29108,2,,,1,70,,29109,2,,,1,30,,29110,2,,,1,70,,29111,2,,,1,30,,29112,2,,,1,70,,29113,2,,,1,30,,29114,2,,,1,70,,29115,2,,,1,30,,29116,2,,,1,70,,29117,2,,,1,30,,29118,2,,,1,71,,29096,2,,,1,30,,29097,2,,,1,70,,29098,2,,,1,30,,29099,2,,,1,70,,29100,2,,,1,30,,29101,2,,,1,70,,29102,2,,,1,30,,29127,2,,,1,70,,29103,2,,,1,30,,29104,2,,,1,70,,29128,2,,,1
6100,'61-Sunday-10000001',822,,29134,2,,,1,30,,29133,2,,,1,70,,29132,2,,,1,30,,29131,2,,,1,70,,29130,2,,,1,30,,29129,2,,,1,70,,29143,2,,,1,30,,29142,2,,,1,70,,29141,2,,,1,30,,29140,2,,,1,70,,29139,2,,,1,30,,29138,2,,,1,70,,29137,2,,,1,30,,29136,2,,,1,70,,29135,2,,,1,30,,29157,2,,,1,70,,29155,2,,,1,30,,29156,2,,,1,70,,29154,2,,,1,30,,29153,2,,,1,65,,29152,2,,,1,30,,29151,2,,,1,70,,29150,2,,,1,30,,29148,2,,,1,70,,29147,2,,,1,30,,29146,2,,,1,70,,29145,2,,,1,30,,29144,2,,,1,70,,29149,2,,,1
6100,'61-Weekday-11111100',621,,29170,2,,,1,30,,29171,2,,,1,70,,29178,2,,,1,15,,29192,2,,,1,15,,29179,2,,,1,55,,29193,2,,,1,15,,29175,2,,,1,15,,29194,2,,,1,15,,29172,2,,,1,55,,29195,2,,,1,15,,29174,2,,,1,15,,29196,2,,,1,15,,29173,2,,,1,70,,29180,2,,,1,30,,29158,2,,,1,70,,29181,2,,,1,30,,29182,2,,,1,70,,29159,2,,,1,30,,29160,2,,,1,70,,29161,2,,,1,30,,29205,2,,,1,70,,29162,2,,,1,30,,29163,2,,,1,55,,29197,2,,,1,15,,29164,2,,,1,15,,29198,2,,,1,15,,29165,2,,,1,55,,29199,2,,,1,15,,29166,2,,,1,15,,29200,2,,,1,15,,29167,2,,,1,55,,29201,2,,,1,15,,29168,2,,,1,15,,29202,2,,,1,15,,29169,2,,,1,55,,29203,2,,,1,15,,29177,2,,,1,15,,29204,2,,,1,15,,29176,2,,,1,70,,29190,2,,,1,30,,29189,2,,,1,70,,29188,2,,,1,30,,29187,2,,,1,70,,29186,2,,,1,30,,29206,2,,,1,70,,29185,2,,,1,30,,29184,2,,,1,70,,29183,2,,,1
7600,'76-Weekday-11111100',646,,29859,2,,,1,70,,29860,2,,,1,30,,29861,2,,,1,70,,29862,2,,,1,30,,29863,2,,,1,70,,29864,2,,,1,30,,29865,2,,,1,470,,29866,2,,,1,30,,29867,2,,,1,70,,29868,2,,,1,30,,29869,2,,,1,70,,29870,2,,,1,30,,29871,2,,,1,70,,29872,2,,,1,30,,29873,2,,,1,70,,29874,2,,,1,30,,29875,2,,,1
20100,'201-Saturday-10000010',646,,30002,2,,,1,70,,30003,2,,,1,30,,30004,2,,,1,70,,30005,2,,,1,30,,30006,2,,,1,70,,30007,2,,,1,30,,30008,2,,,1,70,,30009,2,,,1,30,,30010,2,,,1,70,,30011,2,,,1,30,,30012,2,,,1,70,,30013,2,,,1,30,,30014,2,,,1,70,,30015,2,,,1,30,,30016,2,,,1,70,,30017,2,,,1,30,,30018,2,,,1,70,,30019,2,,,1,30,,30020,2,,,1,70,,30021,2,,,1,30,,30022,2,,,1,70,,30023,2,,,1,30,,30024,2,,,1,70,,30025,2,,,1,30,,30026,2,,,1,70,,30027,2,,,1,30,,30028,2,,,1,70,,30029,2,,,1,30,,30030,2,,,1,70,,30031,2,,,1,30,,30032,2,,,1,70,,30033,2,,,1,30,,30034,2,,,1,70,,30035,2,,,1,30,,30036,2,,,1
20100,'201-Sunday-10000001',646,,30039,2,,,1,70,,30040,2,,,1,30,,30041,2,,,1,70,,30042,2,,,1,30,,30043,2,,,1,70,,30044,2,,,1,30,,30045,2,,,1,70,,30046,2,,,1,30,,30038,2,,,1,70,,30047,2,,,1,30,,30048,2,,,1,70,,30049,2,,,1,30,,30050,2,,,1,70,,30051,2,,,1,30,,30052,2,,,1,70,,30053,2,,,1,30,,30054,2,,,1,70,,30055,2,,,1,30,,30056,2,,,1,70,,30057,2,,,1,30,,30058,2,,,1,70,,30059,2,,,1,30,,30060,2,,,1,70,,30061,2,,,1,30,,30062,2,,,1,70,,30063,2,,,1,30,,30064,2,,,1,70,,30065,2,,,1,30,,30066,2,,,1,70,,30067,2,,,1,30,,30068,2,,,1,70,,30069,2,,,1,30,,30070,2,,,1,70,,30071,2,,,1,30,,30072,2,,,1
20100,'201-Weekday-11111100',536,,30108,2,,,1,15,,30109,2,,,1,55,,30106,2,,,1,15,,30110,2,,,1,15,,30105,2,,,1,15,,30111,2,,,1,55,,30104,2,,,1,10,,30136,2,,,1,10,,30112,2,,,1,10,,30100,2,,,1,10,,30137,2,,,1,10,,30113,2,,,1,50,,30101,2,,,1,10,,30138,2,,,1,10,,30114,2,,,1,10,,30098,2,,,1,10,,30139,2,,,1,10,,30115,2,,,1,50,,30097,2,,,1,10,,30140,2,,,1,10,,30116,2,,,1,10,,30073,2,,,1,10,,30152,2,,,1,10,,30117,2,,,1,50,,30074,2,,,1,10,,30153,2,,,1,10,,30118,2,,,1,10,,30075,2,,,1,10,,30154,2,,,1,10,,30119,2,,,1,50,,30076,2,,,1,10,,30155,2,,,1,10,,30120,2,,,1,10,,30077,2,,,1,10,,30156,2,,,1,10,,30121,2,,,1,50,,30078,2,,,1,10,,30157,2,,,1,10,,30122,2,,,1,10,,30079,2,,,1,10,,30158,2,,,1,10,,30123,2,,,1,50,,30080,2,,,1,10,,30159,2,,,1,10,,30124,2,,,1,10,,30081,2,,,1,10,,30160,2,,,1,10,,30125,2,,,1,50,,30082,2,,,1,10,,30161,2,,,1,10,,30126,2,,,1,10,,30167,2,,,1,10,,30099,2,,,1,10,,30141,2,,,1,50,,30135,2,,,1,10,,30127,2,,,1,10,,30142,2,,,1,10,,30103,2,,,1,10,,30083,2,,,1,10,,30143,2,,,1,50,,30128,2,,,1,10,,30129,2,,,1,10,,30144,2,,,1,10,,30084,2,,,1,10,,30130,2,,,1,10,,30145,2,,,1,50,,30102,2,,,1,10,,30131,2,,,1,10,,30146,2,,,1,10,,30085,2,,,1,10,,30132,2,,,1,10,,30147,2,,,1,50,,30086,2,,,1,10,,30133,2,,,1,15,,30166,2,,,1,15,,30134,2,,,1,55,,30149,2,,,1,15,,30087,2,,,1,15,,30150,2,,,1,15,,30088,2,,,1,55,,30151,2,,,1,15,,30089,2,,,1,15,,30162,2,,,1,15,,30090,2,,,1,55,,30163,2,,,1,15,,30091,2,,,1,15,,30164,2,0,15 16,1,15,,30092,2,,,1,55,,30165,2,,,1,30,,30093,2,,,1,70,,30094,2,,,1,35,,30095,2,,,1,70,,30096,2,,,1
20301,'203-Weekday-11111100',622,,30826,2,,,1,30,,30827,2,,,1,76,,30828,2,,,1,30,,30829,2,,,1,70,,30830,2,,,1,30,,30831,2,,,1,70,,30832,2,,,1,529,,30851,2,,,1,70,,30852,2,,,1,30,,30853,2,,,1,70,,30854,2,,,1,30,,30855,2,,,1,70,,30856,2,,,1,30,,30857,2,,,1
