800,'8-Holiday1-10000001',803,,34002,34,,,1,30,,33969,34,,,1,70,,33970,34,,,1,30,,33971,34,,,1,70,,33972,34,,,1,31,,33973,34,,,1,70,,33974,34,,,1,30,,33975,34,,,1,70,,33976,34,,,1,30,,33977,34,,,1,70,,33978,34,,,1,30,,33979,34,,,1,70,,33980,34,,,1,30,,33981,34,,,1,70,,33982,34,,,1,30,,33983,34,,,1,70,,33984,34,,,1,30,,33985,34,,,1,70,,33986,34,,,1,30,,33987,34,,,1,70,,33988,34,,,1,29,,33989,34,,,1,70,,33990,34,,,1,30,,33991,34,,,1,70,,33992,34,,,1,30,,33993,34,,,1,70,,33994,34,,,1,30,,33995,34,,,1,70,,33996,34,,,1,30,,33997,34,,,1,70,,33998,34,,,1,30,,33999,34,,,1,70,,34000,34,,,1,30,,34001,34,,,1
800,'8-Saturday-10000010',703,,34003,34,,,1,30,,34004,34,,,1,70,,34005,34,,,1,30,,34006,34,,,1,70,,34007,34,,,1,33,,34008,34,,,1,70,,34009,34,,,1,30,,34010,34,,,1,70,,34011,34,,,1,30,,34012,34,,,1,70,,34013,34,,,1,30,,34014,34,,,1,70,,34015,34,,,1,30,,34016,34,,,1,70,,34017,34,,,1,30,,34018,34,,,1,70,,34019,34,,,1,30,,34020,34,,,1,70,,34021,34,,,1,30,,34022,34,,,1,70,,34023,34,,,1,30,,34024,34,,,1,70,,34025,34,,,1,27,,34026,34,,,1,70,,34027,34,,,1,30,,34028,34,,,1,70,,34029,34,,,1,30,,34030,34,,,1,70,,34031,34,,,1,30,,34032,34,,,1,70,,34033,34,,,1,30,,34034,34,,,1,70,,34035,34,,,1,30,,34036,34,,,1,70,,34037,34,,,1,30,,34038,34,,,1
800,'8-Sunday-10000001',733,,34073,34,,,1,70,,34072,34,,,1,30,,34039,34,,,1,70,,34040,34,,,1,30,,34041,34,,,1,70,,34042,34,,,1,31,,34043,34,,,1,70,,34044,34,,,1,30,,34045,34,,,1,70,,34046,34,,,1,30,,34047,34,,,1,70,,34048,34,,,1,30,,34049,34,,,1,70,,34050,34,,,1,30,,34051,34,,,1,70,,34052,34,,,1,30,,34053,34,,,1,70,,34054,34,,,1,30,,34055,34,,,1,70,,34056,34,,,1,30,,34057,34,,,1,70,,34058,34,,,1,29,,34059,34,,,1,70,,34060,34,,,1,30,,34061,34,,,1,70,,34062,34,,,1,30,,34063,34,,,1,70,,34064,34,,,1,30,,34065,34,,,1,70,,34066,34,,,1,30,,34067,34,,,1,70,,34068,34,,,1,30,,34069,34,,,1,70,,34070,34,,,1,30,,34071,34,,,1
800,'8-Weekday-11111100',603,,34124,20,,,1,30,,34074,34,,,1,70,,34075,34,,,1,24,,34123,34,,,1,10,,34144,20,,,1,5,,34076,34,,,1,15,,34077,34,,,1,55,,34078,34,,,1,15,,34079,34,,,1,15,,34080,34,,,1,15,,34081,34,,,1,55,,34082,34,,,1,15,,34083,34,,,1,15,,34084,34,,,1,15,,34085,34,,,1,55,,34086,34,,,1,15,,34134,34,,,1,15,,34087,34,,,1,15,,34126,34,,,1,55,,34088,34,,,1,15,,34127,34,,,1,15,,34089,34,,,1,15,,34128,34,,,1,55,,34090,34,,,1,15,,34129,34,,,1,15,,34091,34,,,1,15,,34130,34,,,1,55,,34092,34,,,1,15,,34131,34,,,1,15,,34093,34,,,1,15,,34132,34,,,1,55,,34094,34,,,1,15,,34133,34,,,1,17,,34095,34,,,1,56,,34125,34,,,1,16,,34096,34,,,1,15,,34097,34,,,1,15,,34098,34,,,1,55,,34099,34,,,1,15,,34100,34,,,1,15,,34101,34,,,1,15,,34102,34,,,1,55,,34103,34,,,1,15,,34104,34,,,1,15,,34105,34,,,1,15,,34106,34,,,1,55,,34107,34,,,1,13,,34108,34,,,1,13,,34109,34,,,1,19,,34110,34,,,1,60,,34111,34,,,1,15,,34137,34,,,1,15,,34112,34,,,1,15,,34138,34,,,1,55,,34113,34,,,1,15,,34139,34,,,1,15,,34114,34,,,1,15,,34140,34,,,1,55,,34115,34,,,1,15,,34136,34,,,1,15,,34116,34,,,1,15,,34141,34,,,1,54,,34117,34,,,1,13,,34142,34,,,1,14,,34118,34,,,1,70,,34119,34,,,1,30,,34120,34,,,1,70,,34121,34,,,1,30,,34122,34,,,1,70,,34135,34,,,1
2901,'29-Saturday-10000010',734,,37392,19,,,1,70,,37393,19,,,1,30,,37394,19,,,1,70,,37395,19,,,1,30,,37396,19,,,1,70,,37397,19,,,1,30,,37398,19,,,1,70,,37399,19,,,1,30,,37400,19,,,1,70,,37401,19,,,1,30,,37402,19,,,1,70,,37403,19,,,1,30,,37404,19,,,1,70,,37405,19,,,1,30,,37406,19,,,1,70,,37407,19,,,1,30,,37408,19,,,1,70,,37409,19,,,1,30,,37410,19,,,1,70,,37411,19,,,1,30,,37412,19,,,1,70,,37413,19,,,1,30,,37414,19,,,1,70,,37415,19,,,1,30,,37416,19,,,1,70,,37417,19,,,1,30,,37418,19,,,1,70,,37419,19,,,1,30,,37420,19,,,1,70,,37421,19,,,1,30,,37422,19,,,1,70,,37423,19,,,1,30,,37424,19,,,1,100,,37425,19,,,1
2901,'29-Sunday-20000001',834,,37426,19,,,1,70,,37427,19,,,1,30,,37428,19,,,1,70,,37429,19,,,1,30,,37430,19,,,1,70,,37431,19,,,1,30,,37432,19,,,1,70,,37433,19,,,1,30,,37434,19,,,1,70,,37435,19,,,1,30,,37436,19,,,1,70,,37437,19,,,1,30,,37438,19,,,1,70,,37439,19,,,1,30,,37440,19,,,1,70,,37441,19,,,1,30,,37442,19,,,1,70,,37443,19,,,1,30,,37444,19,,,1,70,,37445,19,,,1,25,,37446,19,,,1,30,,37447,19,,,1,70,,37448,19,,,1,30,,37449,19,,,1,70,,37450,19,,,1,30,,37451,19,,,1,70,,37452,19,,,1,30,,37453,19,,,1,70,,37454,19,,,1,30,,37455,19,,,1,70,,37456,19,,,1,100,,37457,19,,,1
2901,'29-Weekday-11111100',558,,37494,8,,,1,64,,37460,19,,,1,30,,37461,19,,,1,74,,37462,19,,,1,30,,37463,19,,,1,70,,37464,19,,,1,30,,37465,19,,,1,70,,37466,19,,,1,29,,37467,19,,,1,70,,37468,19,,,1,30,,37469,19,,,1,70,,37470,19,,,1,30,,37471,19,,,1,70,,37472,19,,,1,30,,37473,19,,,1,70,,37474,19,,,1,30,,37475,19,,,1,70,,37459,19,,,1,33,,37458,19,,,1,70,,37476,19,,,1,30,,37477,19,,,1,70,,37478,19,,,1,30,,37479,19,,,1,70,,37480,19,,,1,30,,37481,19,,,1,68,,37482,19,,,1,30,,37483,19,,,1,70,,37484,19,,,1,30,,37485,19,,,1,70,,37486,19,,,1,30,,37487,19,,,1,70,,37488,19,,,1,30,,37489,19,,,1,66,,37490,19,,,1,30,,37491,19,,,1,70,,37492,19,,,1,30,,37493,19,,,1
20201,'202-Holiday1-10000001',751,,41286,14,,,1,70,,41287,14,,,1,30,,41288,14,,,1,70,,41285,14,,,1,30,,41289,14,,,1,70,,41290,14,,,1,30,,41291,14,,,1,70,,41292,14,,,1,30,,41293,14,,,1,70,,41294,14,,,1,30,,41295,14,,,1,70,,41296,14,,,1,30,,41297,14,,,1,70,,41298,14,,,1,30,,41299,14,,,1,70,,41300,14,,,1,30,,41301,14,,,1,70,,41302,14,,,1,30,,41303,14,,,1,70,,41304,14,,,1,30,,41305,14,,,1,70,,41306,14,,,1,30,,41307,14,,,1,70,,41308,14,,,1,30,,41309,14,,,1,70,,41310,14,,,1,30,,41311,14,,,1,70,,41312,14,,,1,30,,41313,14,,,1,70,,41314,14,,,1,30,,41315,14,,,1,70,,41316,14,,,1,30,,41317,14,,,1,70,,41318,14,,,1
20201,'202-Saturday-10000010',721,,41319,14,,,1,30,,41320,14,,,1,70,,41321,14,,,1,30,,41322,14,,,1,70,,41323,14,,,1,30,,41324,14,,,1,70,,41325,14,,,1,30,,41326,14,,,1,70,,41327,14,,,1,30,,41328,14,,,1,70,,41329,14,,,1,30,,41330,14,,,1,70,,41331,14,,,1,30,,41332,14,,,1,70,,41333,14,,,1,30,,41334,14,,,1,70,,41335,14,,,1,30,,41336,14,,,1,70,,41337,14,,,1,30,,41338,14,,,1,70,,41339,14,,,1,30,,41340,14,,,1,70,,41341,14,,,1,30,,41342,14,,,1,70,,41343,14,,,1,30,,41344,14,,,1,70,,41345,14,,,1,30,,41346,14,,,1,70,,41347,14,,,1,30,,41348,14,,,1,70,,41349,14,,,1,30,,41350,14,,,1,70,,41351,14,,,1,30,,41352,14,,,1,70,,41353,14,,,1
20201,'202-Sunday-10000001',750,,41355,14,,,1,70,,41356,14,,,1,30,,41357,14,,,1,70,,41354,14,,,1,30,,41358,14,,,1,71,,41359,14,,,1,30,,41360,14,,,1,70,,41361,14,,,1,30,,41362,14,,,1,70,,41363,14,,,1,30,,41364,14,,,1,70,,41365,14,,,1,30,,41366,14,,,1,70,,41367,14,,,1,30,,41368,14,,,1,70,,41369,14,,,1,30,,41370,14,,,1,70,,41371,14,,,1,30,,41372,14,,,1,70,,41373,14,,,1,30,,41374,14,,,1,69,,41375,14,,,1,30,,41376,14,,,1,70,,41377,14,,,1,30,,41378,14,,,1,70,,41379,14,,,1,30,,41380,14,,,1,70,,41381,14,,,1,30,,41382,14,,,1,70,,41383,14,,,1,30,,41384,14,,,1,70,,41385,14,,,1,30,,41386,14,,,1,70,,41387,14,,,1
20201,'202-Weekday-21111100',620,,41389,14,,,1,30,,41390,14,,,1,73,,41391,14,,,1,10,,41446,14,,,1,10,,41424,14,,,1,10,,41392,14,,,1,50,,41447,14,,,1,10,,41425,14,,,1,10,,41393,14,,,1,10,,41448,14,,,1,10,,41426,14,,,1,10,,41388,14,,,1,50,,41449,14,,,1,10,,41427,14,,,1,10,,41394,14,,,1,10,,41450,14,,,1,9,,41428,14,,,1,10,,41395,14,,,1,50,,41429,14,,,1,15,,41396,14,,,1,15,,41430,14,,,1,15,,41397,14,,,1,55,,41431,14,,,1,15,,41398,14,,,1,15,,41432,14,,,1,15,,41399,14,,,1,55,,41433,14,,,1,15,,41400,14,,,1,15,,41434,14,,,1,15,,41401,14,,,1,55,,41435,14,,,1,15,,41402,14,,,1,15,,41436,14,,,1,15,,41403,14,,,1,55,,41437,14,,,1,15,,41404,14,,,1,15,,41438,14,,,1,22,,41405,14,,,1,50,,41451,14,,,1,10,,41439,14,,,1,10,,41406,14,,,1,10,,41452,14,,,1,10,,41440,14,,,1,10,,41407,14,,,1,50,,41453,14,,,1,10,,41441,14,,,1,10,,41408,14,,,1,10,,41454,14,,,1,10,,41442,14,,,1,10,,41409,14,,,1,50,,41455,14,,,1,10,,41443,14,,,1,10,,41410,14,,,1,10,,41456,14,,,1,10,,41444,14,,,1,10,,41411,14,,,1,50,,41457,14,,,1,9,,41445,14,,,1,9,,41412,14,,,1,30,,41423,14,,,1,70,,41413,14,,,1,30,,41414,14,,,1,70,,41415,14,,,1,30,,41416,14,,,1,70,,41417,14,,,1,30,,41418,14,,,1,69,,41419,14,,,1,30,,41420,14,,,1,70,,41421,14,,,1,30,,41422,14,,,1
