5301,'53-Holiday1-10000001',848,,28112,5,,,1,100,,28113,5,,,1,101,,28114,5,,,1,100,,28115,5,,,1,100,,28116,5,,,1,100,,28117,5,,,1,100,,28118,5,,,1,100,,28119,5,,,1,100,,28120,5,,,1,100,,28121,5,,,1,99,,28122,5,,,1,100,,28123,5,,,1,100,,28124,5,,,1,100,,28125,5,,,1,100,,28126,5,,,1
5301,'53-Saturday-10000010',648,,28155,5,,,1,70,,28128,5,,,1,30,,28129,5,,,1,70,,28130,5,,,1,30,,28131,5,,,1,72,,28132,5,,,1,30,,28133,5,,,1,70,,28134,5,,,1,30,,28135,5,,,1,70,,28136,5,,,1,30,,28137,5,,,1,70,,28138,5,,,1,30,,28139,5,,,1,70,,28140,5,,,1,30,,28141,5,,,1,70,,28142,5,,,1,30,,28143,5,,,1,70,,28144,5,,,1,30,,28145,5,,,1,70,,28146,5,,,1,30,,28147,5,,,1,70,,28148,5,,,1,30,,28149,5,,,1,69,,28150,5,,,1,30,,28151,5,,,1,100,,28152,5,,,1,100,,28153,5,,,1,100,,28154,5,,,1,100,,28127,5,,,1,155,,28156,5,,,1
5301,'53-Sunday-10000001',818,,28157,5,,,1,100,,28158,5,,,1,101,,28159,5,,,1,30,,28160,5,,,1,70,,28161,5,,,1,30,,28162,5,,,1,70,,28163,5,,,1,30,,28164,5,,,1,70,,28165,5,,,1,30,,28166,5,,,1,70,,28167,5,,,1,30,,28168,5,,,1,70,,28169,5,,,1,30,,28170,5,,,1,70,,28171,5,,,1,30,,28172,5,,,1,70,,28173,5,,,1,30,,28174,5,,,1,99,,28175,5,,,1,100,,28176,5,,,1,100,,28177,5,,,1,100,,28178,5,,,1,100,,28179,5,,,1
5301,'53-Weekday-11111100',534,,28201,5,,,1,70,,28202,5,,,1,30,,28203,5,,,1,70,,28204,5,,,1,30,,28205,5,,,1,70,,28206,5,,,1,30,,28180,5,,,1,70,,28181,5,,,1,30,,28182,5,,,1,70,,28183,5,,,1,30,,28184,5,,,1,70,,28185,5,,,1,30,,28186,5,,,1,70,,28187,5,,,1,30,,28188,5,,,1,70,,28189,5,,,1,31,,28216,5,,,1,70,,28211,5,,,1,25,,28210,5,,,1,26,,28209,5,,,1,70,,28208,5,,,1,30,,28207,5,,,1,70,,28214,5,,,1,30,,28215,5,,,1,70,,28190,5,,,1,30,,28191,5,,,1,78,,28192,5,,,1,70,,28193,5,,,1,30,,28194,5,,,1,70,,28195,5,,,1,30,,28196,5,,,1,70,,28197,5,,,1,30,,28213,5,,,1,69,,28212,5,,,1,30,,28198,5,,,1,70,,28199,5,,,1,30,,28200,5,,,1
5801,'58-Holiday1-11111111',803,,28852,5,,,1,100,,28851,5,,,1,101,,28850,5,,,1,100,,28853,5,,,1,100,,28854,5,,,1,100,,28855,5,,,1,100,,28856,5,,,1,100,,28857,5,,,1,100,,28858,5,,,1,100,,28859,5,,,1,100,,28860,5,,,1,100,,28865,5,,,1,100,,28864,5,,,1,100,,28863,5,,,1,100,,28862,5,,,1,100,,28861,5,,,1
5801,'58-Saturday-10000010',633,,28873,5,,,1,70,,28872,5,,,1,30,,28871,5,,,1,70,,28870,5,,,1,30,,28869,5,,,1,72,,28868,5,,,1,30,,28867,5,,,1,70,,28866,5,,,1,30,,28889,5,,,1,70,,28888,5,,,1,30,,28887,5,,,1,70,,28886,5,,,1,30,,28885,5,,,1,70,,28884,5,,,1,30,,28883,5,,,1,70,,28882,5,,,1,30,,28881,5,,,1,70,,28880,5,,,1,30,,28879,5,,,1,70,,28878,5,,,1,30,,28877,5,,,1,70,,28876,5,,,1,30,,28875,5,,,1,69,,28874,5,,,1,100,,28891,5,,,1,100,,28893,5,,,1,100,,28894,5,,,1,100,,28892,5,,,1,100,,28890,5,,,1
5801,'58-Sunday-10000001',833,,28897,5,,,1,100,,28896,5,,,1,101,,28895,5,,,1,70,,28898,5,,,1,30,,28912,5,,,1,70,,28911,5,,,1,30,,28910,5,,,1,70,,28909,5,,,1,30,,28908,5,,,1,70,,28907,5,,,1,30,,28906,5,,,1,70,,28905,5,,,1,30,,28904,5,,,1,70,,28903,5,,,1,30,,28902,5,,,1,70,,28901,5,,,1,30,,28900,5,,,1,70,,28899,5,,,1,100,,28917,5,,,1,100,,28916,5,,,1,100,,28915,5,,,1,100,,28914,5,,,1,100,,28913,5,,,1
5801,'58-Weekday-11111100',538,,28921,5,,,1,70,,28920,5,,,1,30,,28919,5,,,1,71,,28918,5,,,1,30,,28934,5,,,1,70,,28933,5,,,1,30,,28932,5,,,1,70,,28931,5,,,1,31,,28930,5,,,1,70,,28929,5,,,1,30,,28928,5,,,1,70,,28927,5,,,1,30,,28926,5,,,1,70,,28925,5,,,1,30,,28924,5,,,1,70,,28923,5,,,1,30,,28922,5,,,1,70,,28940,5,,,1,35,,28939,5,,,1,70,,28952,5,,,1,30,,28938,5,,,1,70,,28937,5,,,1,30,,28936,5,,,1,70,,28951,5,,,1,30,,28953,5,,,1,70,,28935,5,,,1,20,,28950,5,,,1,70,,28949,5,,,1,30,,28948,5,,,1,70,,28947,5,,,1,30,,28946,5,,,1,70,,28945,5,,,1,30,,28944,5,,,1,24,,28943,5,,,1,69,,28942,5,,,1,30,,28941,5,,,1
6000,'60-Saturday-10000010',704,,28954,4,,,1,30,,28955,4,,,1,70,,28956,4,,,1,30,,28957,4,,,1,70,,28958,4,,,1,30,,28959,4,,,1,70,,28960,4,,,1,30,,28961,4,,,1,70,,28962,4,,,1,30,,28963,4,,,1,70,,28964,4,,,1,30,,28965,4,,,1,70,,28966,4,,,1,30,,28967,4,,,1,70,,28968,4,,,1,30,,28969,4,,,1,70,,28970,4,,,1,30,,28971,4,,,1,70,,28972,4,,,1,30,,28973,4,,,1,70,,28974,4,,,1,30,,28975,4,,,1,70,,28976,4,,,1,30,,28977,4,,,1
6000,'60-Weekday-11111100',605,,29009,4,,,1,30,,29008,4,,,1,71,,29007,4,,,1,30,,29006,4,,,1,70,,29005,4,,,1,30,,29004,4,,,1,70,,29003,4,,,1,30,,29002,4,,,1,70,,29001,4,,,1,30,,29000,4,,,1,70,,28999,4,,,1,30,,28998,4,,,1,70,,28997,4,,,1,30,,28996,4,,,1,70,,28995,4,,,1,30,,28994,4,,,1,70,,28978,4,,,1,30,,28993,4,,,1,20,,28991,4,,,1,70,,28992,4,,,1,30,,28990,4,,,1,70,,28989,4,,,1,30,,28988,4,,,1,70,,28987,4,,,1,30,,28986,4,,,1,79,,28985,4,,,1,70,,28984,4,,,1,30,,28983,4,,,1,70,,28982,4,,,1,30,,28981,4,,,1,70,,28980,4,,,1,30,,28979,4,,,1
6500,'65-Holiday1-10000001',849,,29587,4,,,1,85,,29588,4,,,1,86,,29589,4,,,1,85,,29590,4,,,1,45,,29591,4,,,1,85,,29592,4,,,1,85,,29593,4,,,1,85,,29594,4,,,1,45,,29595,4,,,1,85,,29596,4,,,1,85,,29597,4,,,1,85,,29598,4,,,1,45,,29599,4,,,1,85,,29600,4,,,1,85,,29601,4,,,1,85,,29602,4,,,1,45,,29603,4,,,1,85,,29604,4,,,1
6500,'65-Saturday-10000010',719,,29605,4,,,1,30,,29606,4,,,1,70,,29607,4,,,1,30,,29608,4,,,1,71,,29609,4,,,1,30,,29610,4,,,1,70,,29611,4,,,1,30,,29612,4,,,1,70,,29613,4,,,1,30,,29614,4,,,1,70,,29615,4,,,1,30,,29616,4,,,1,70,,29617,4,,,1,30,,29618,4,,,1,70,,29619,4,,,1,30,,29620,4,,,1,70,,29621,4,,,1,30,,29622,4,,,1,70,,29623,4,,,1,30,,29624,4,,,1,70,,29625,4,,,1,30,,29626,4,,,1,70,,29627,4,,,1,85,,29628,4,,,1,45,,29629,4,,,1,85,,29630,4,,,1,85,,29631,4,,,1,85,,29632,4,,,1,45,,29633,4,,,1,85,,29634,4,,,1
6500,'65-Sunday-10000001',849,,29635,4,,,1,70,,29667,4,,,1,30,,29636,4,,,1,70,,29659,2,,,1,1,,29637,4,,,1,30,,29638,4,,,1,69,,29660,2,,,1,1,,29639,4,,,1,30,,29640,4,,,1,69,,29661,2,,,1,1,,29641,4,,,1,30,,29642,4,,,1,69,,29662,2,,,1,1,,29643,4,,,1,30,,29644,4,,,1,69,,29663,2,,,1,1,,29645,4,,,1,30,,29646,4,,,1,69,,29664,2,,,1,1,,29647,4,,,1,30,,29648,4,,,1,69,,29665,2,,,1,1,,29649,4,,,1,30,,29650,4,,,1,69,,29666,2,,,1,1,,29651,4,,,1,30,,29652,4,,,1,70,,29653,4,,,1,85,,29654,4,,,1,45,,29655,4,,,1,85,,29656,4,,,1,85,,29657,4,,,1,85,,29658,4,,,1
6500,'65-Weekday-11111100',619,,29668,4,,,1,30,,29669,4,,,1,71,,29670,4,,,1,30,,29671,4,,,1,70,,29672,4,,,1,30,,29673,4,,,1,70,,29674,4,,,1,30,,29675,4,,,1,70,,29676,4,,,1,30,,29677,4,,,1,70,,29678,4,,,1,30,,29679,4,,,1,70,,29680,4,,,1,30,,29681,4,,,1,70,,29682,4,,,1,30,,29683,4,,,1,75,,29684,4,,,1,32,,29685,4,,,1,70,,29686,4,,,1,30,,29687,4,,,1,70,,29688,4,,,1,30,,29689,4,,,1,70,,29690,4,,,1,30,,29691,4,,,1,63,,29692,4,,,1,30,,29693,4,,,1,70,,29694,4,,,1,30,,29695,4,,,1,70,,29696,4,,,1,30,,29697,4,,,1,70,,29698,4,,,1,30,,29699,4,,,1,69,,29700,4,,,1,30,,29701,4,,,1,70,,29702,4,,,1,30,,29703,4,,,1
