5001,'50-Holiday1-20000001',902,,38288,47,,,1,101,,38275,47,,,1,102,,38274,47,,,1,100,,38287,47,,,1,100,,38286,47,,,1,100,,38285,47,,,1,100,,38284,47,,,1,100,,38283,47,,,1,100,,38282,47,,,1,101,,38281,47,,,1,97,,38280,47,,,1,100,,38279,47,,,1,100,,38278,47,,,1,100,,38277,47,,,1,100,,38276,47,,,1
5001,'50-Saturday-10000010',804,,38290,47,,,1,30,,38291,47,,,1,70,,38292,47,,,1,32,,38293,47,,,1,70,,38294,47,,,1,30,,38295,47,,,1,70,,38296,47,,,1,30,,38297,47,,,1,70,,38298,47,,,1,30,,38299,47,,,1,70,,38300,47,,,1,30,,38301,47,,,1,70,,38302,47,,,1,30,,38303,47,,,1,70,,38304,47,,,1,30,,38305,47,,,1,70,,38306,47,,,1,30,,38307,47,,,1,70,,38308,47,,,1,30,,38309,47,,,1,70,,38289,47,,,1,29,,38310,47,,,1,70,,38312,47,,,1,30,,38313,47,,,1,70,,38317,47,,,1,30,,38314,47,,,1,70,,38315,47,,,1,30,,38318,47,,,1,70,,38316,47,,,1,30,,38311,47,,,1
5001,'50-Sunday-10000001',847,,38338,47,,,1,85,,38321,47,,,1,86,,38320,47,,,1,87,,38319,47,,,1,45,,38337,47,,,1,85,,38336,47,,,1,85,,38335,47,,,1,85,,38334,47,,,1,45,,38333,47,,,1,85,,38332,47,,,1,85,,38331,47,,,1,85,,38330,47,,,1,45,,38329,47,,,1,83,,38328,47,,,1,85,,38327,47,,,1,85,,38326,47,,,1,45,,38325,47,,,1,85,,38324,47,,,1,85,,38323,47,,,1,85,,38322,47,,,1
5001,'50-Weekday-11111100',610,,38372,22,,,1,24,,38339,47,,,1,70,,38340,47,,,1,33,,38341,47,,,1,70,,38342,47,,,1,30,,38343,47,,,1,70,,38344,47,,,1,30,,38345,47,,,1,69,,38346,47,,,1,30,,38347,47,,,1,70,,38348,47,,,1,30,,38349,47,,,1,70,,38350,47,,,1,30,,38351,47,,,1,70,,38352,47,,,1,30,,38353,47,,,1,70,,38354,47,,,1,30,,38355,47,,,1,77,,38356,47,,,1,25,,38357,47,,,1,70,,38358,47,,,1,30,,38359,47,,,1,70,,38360,47,,,1,30,,38361,47,,,1,69,,38362,47,,,1,28,,38363,47,,,1,70,,38364,47,,,1,30,,38365,47,,,1,70,,38366,47,,,1,30,,38367,47,,,1,70,,38368,47,,,1,30,,38369,47,,,1,70,,38370,47,,,1,27,,38371,47,,,1,70,,38373,47,,,1,30,,38374,47,,,1
5301,'53-Holiday1-10000001',905,,38848,31,,,1,100,,38849,31,,,1,102,,38850,31,,,1,100,,38851,31,,,1,100,,38852,31,,,1,100,,38853,31,,,1,100,,38854,31,,,1,100,,38855,31,,,1,100,,38856,31,,,1,100,,38857,31,,,1,98,,38858,31,,,1,100,,38859,31,,,1,100,,38860,31,,,1,100,,38861,31,,,1,100,,38862,31,,,1
5301,'53-Saturday-10000010',707,,38891,31,,,1,30,,38864,31,,,1,70,,38865,31,,,1,30,,38866,31,,,1,71,,38867,31,,,1,31,,38868,31,,,1,70,,38869,31,,,1,30,,38870,31,,,1,70,,38871,31,,,1,30,,38872,31,,,1,70,,38873,31,,,1,30,,38874,31,,,1,70,,38875,31,,,1,30,,38876,31,,,1,70,,38877,31,,,1,30,,38878,31,,,1,70,,38879,31,,,1,30,,38880,31,,,1,70,,38881,31,,,1,30,,38882,31,,,1,70,,38883,31,,,1,30,,38884,31,,,1,69,,38885,31,,,1,30,,38886,31,,,1,70,,38887,31,,,1,100,,38888,31,,,1,100,,38889,31,,,1,100,,38890,31,,,1,100,,38863,31,,,1,115,,38892,31,,,1
5301,'53-Sunday-10000001',835,,38893,31,,,1,100,,38894,31,,,1,102,,38895,31,,,1,70,,38896,31,,,1,30,,38897,31,,,1,70,,38898,31,,,1,30,,38899,31,,,1,70,,38900,31,,,1,30,,38901,31,,,1,70,,38902,31,,,1,30,,38903,31,,,1,70,,38904,31,,,1,30,,38905,31,,,1,70,,38906,31,,,1,30,,38907,31,,,1,70,,38908,31,,,1,30,,38909,31,,,1,70,,38910,31,,,1,98,,38911,31,,,1,100,,38912,31,,,1,100,,38913,31,,,1,100,,38914,31,,,1,100,,38915,31,,,1
5301,'53-Weekday-11111100',556,,38937,35,,,1,70,,38938,35,,,1,30,,38939,35,,,1,71,,38940,35,,,1,30,,38941,35,,,1,70,,38942,35,,,1,27,,38916,31,,,1,70,,38917,31,,,1,29,,38918,31,,,1,70,,38919,31,,,1,30,,38920,31,,,1,70,,38921,31,,,1,30,,38922,31,,,1,70,,38923,31,,,1,30,,38924,31,,,1,70,,38925,31,,,1,78,,38952,35,,,1,30,,38947,35,,,1,26,,38946,35,,,1,66,,38945,35,,,1,30,,38944,35,,,1,70,,38943,35,,,1,30,,38950,35,,,1,70,,38951,35,,,1,26,,38926,31,,,1,67,,38927,31,,,1,37,,38928,31,,,1,70,,38929,31,,,1,30,,38930,31,,,1,70,,38931,31,,,1,30,,38932,31,,,1,70,,38933,31,,,1,32,,38949,35,,,1,69,,38948,35,,,1,25,,38934,31,,,1,70,,38935,31,,,1,30,,38936,31,,,1
5500,'55-Holiday1-11111111',836,,38953,16,,,1,100,,38954,16,,,1,100,,38955,16,,,1,100,,38956,16,,,1,100,,38957,16,,,1,100,,38958,16,,,1,100,,38959,16,,,1,100,,38960,16,,,1,100,,38961,16,,,1,100,,38962,16,,,1,100,,38963,16,,,1,100,,38964,16,,,1,100,,38965,16,,,1,100,,38966,16,,,1,100,,38967,16,,,1,100,,38968,16,,,1
5500,'55-Saturday-10000010',708,,38994,15,,,1,30,,38969,16,,,1,70,,39000,15,,,1,30,,38970,16,,,1,70,,38993,15,,,1,31,,38971,16,,,1,70,,39001,15,,,1,30,,38972,16,,,1,70,,38992,15,,,1,30,,38973,16,,,1,70,,39002,15,,,1,30,,38974,16,,,1,70,,38991,15,,,1,30,,38975,16,,,1,70,,39003,15,,,1,30,,38976,16,,,1,70,,38990,15,,,1,30,,38977,16,,,1,70,,38999,15,,,1,30,,38978,16,,,1,70,,38989,15,,,1,30,,38979,16,,,1,70,,38998,15,,,1,29,,38980,16,,,1,70,,38988,15,,,1,30,,38981,16,,,1,70,,38997,15,,,1,30,,38982,16,,,1,70,,38987,15,,,1,30,,38983,16,,,1,70,,38996,15,,,1,30,,38984,16,,,1,70,,38986,15,,,1,30,,38985,16,,,1,70,,38995,15,,,1
5500,'55-Sunday-10000001',838,,39004,16,,,1,100,,39005,16,,,1,101,,39006,16,,,1,100,,39007,16,,,1,100,,39008,16,,,1,100,,39009,16,,,1,100,,39010,16,,,1,100,,39011,16,,,1,100,,39012,16,,,1,100,,39013,16,,,1,99,,39014,16,,,1,100,,39015,16,,,1,100,,39016,16,,,1,100,,39017,16,,,1,100,,39018,16,,,1,100,,39019,16,,,1
5500,'55-Weekday-11111100',607,,39048,15,,,1,30,,39032,16,,,1,71,,39038,15,,,1,32,,39031,16,,,1,69,,39049,15,,,1,31,,39030,16,,,1,69,,39039,15,,,1,30,,39029,16,,,1,70,,39050,15,,,1,29,,39028,16,,,1,71,,39040,15,,,1,29,,39027,16,,,1,71,,39051,15,,,1,29,,39026,16,,,1,71,,39041,15,,,1,29,,39025,16,,,1,71,,39052,15,,,1,29,,39024,16,,,1,72,,39042,15,,,1,29,,39023,16,,,1,71,,39053,15,,,1,29,,39022,16,,,1,71,,39043,15,,,1,29,,39021,16,,,1,71,,39054,15,,,1,28,,39020,16,,,1,71,,39044,15,,,1,29,,39033,16,,,1,71,,39055,15,,,1,29,,39034,16,,,1,71,,39045,15,,,1,29,,39035,16,,,1,68,,39056,15,,,1,30,,39036,16,,,1,68,,39046,15,,,1,32,,39037,16,,,1,68,,39047,15,,,1
