400,'4-Saturday-10000010',630,,32901,1,,,1,70,,32871,1,,,1,30,,32872,1,,,1,70,,32873,1,,,1,30,,32874,1,,,1,70,,32875,1,,,1,30,,32876,1,,,1,70,,32877,1,,,1,30,,32878,1,,,1,70,,32879,1,,,1,30,,32880,1,,,1,70,,32881,1,,,1,30,,32882,1,,,1,70,,32883,1,,,1,30,,32884,1,,,1,70,,32885,1,,,1,30,,32886,1,,,1,70,,32887,1,,,1,30,,32888,1,,,1,70,,32889,1,,,1,30,,32890,1,,,1,70,,32891,1,,,1,30,,32892,1,,,1,70,,32893,1,,,1,30,,32894,1,,,1,70,,32895,1,,,1,30,,32896,1,,,1,70,,32897,1,,,1,30,,32898,1,,,1,100,,32899,1,,,1,100,,32900,1,,,1
400,'4-Sunday-10000001',830,,32902,1,,,1,100,,32903,1,,,1,70,,32904,1,,,1,30,,32905,1,,,1,70,,32906,1,,,1,30,,32907,1,,,1,70,,32908,1,,,1,30,,32909,1,,,1,70,,32910,1,,,1,30,,32911,1,,,1,70,,32912,1,,,1,30,,32913,1,,,1,70,,32914,1,,,1,30,,32915,1,,,1,70,,32916,1,,,1,30,,32917,1,,,1,70,,32918,1,,,1,30,,32919,1,,,1,70,,32925,1,,,1,30,,32920,1,,,1,70,,32926,1,,,1,30,,32921,1,,,1,70,,32927,1,,,1,30,,32922,1,,,1,100,,32923,1,,,1,100,,32924,1,,,1
400,'4-Weekday-11111100',600,,32928,1,,,1,30,,32929,1,,,1,70,,32930,1,,,1,30,,32931,1,,,1,70,,32932,1,,,1,30,,32933,1,,,1,70,,32934,1,,,1,30,,32935,1,,,1,70,,32936,1,,,1,30,,32937,1,,,1,70,,32938,1,,,1,30,,32939,1,,,1,70,,32940,1,,,1,30,,32941,1,,,1,70,,32942,1,,,1,30,,32943,1,,,1,70,,32944,1,,,1,30,,32945,1,,,1,70,,32946,1,,,1,30,,32947,1,,,1,70,,32948,1,,,1,30,,32949,1,,,1,70,,32950,1,,,1,30,,32951,1,,,1,70,,32952,1,,,1,30,,32953,1,,,1,70,,32954,1,,,1,30,,32955,1,,,1,70,,32960,1,,,1,30,,32956,1,,,1,70,,32961,1,,,1,30,,32957,1,,,1,70,,32962,1,,,1,30,,32958,1,,,1,70,,32963,1,,,1,30,,32959,1,,,1
401,'4-Saturday-10000010',651,,32964,29,4,,1,70,,32965,29,4,,1,30,,32966,29,4,,1,70,,32967,29,4,,1,30,,32968,29,4,,1,70,,32969,29,4,,1,32,,32970,29,4,,1,70,,32971,29,4,,1,30,,32972,29,4,,1,70,,32973,29,4,,1,30,,32974,29,4,,1,70,,32975,29,4,,1,30,,32976,29,4,,1,70,,32977,29,4,,1,30,,32978,29,4,,1,70,,32979,29,4,,1,30,,32980,29,4,,1,70,,32981,29,4,,1,30,,32982,29,4,,1,70,,32983,29,4,,1,30,,32984,29,4,,1,70,,32985,29,4,,1,30,,32986,29,4,,1,69,,32987,29,4,,1,27,,32988,29,4,,1,70,,32989,29,4,,1,30,,32990,29,4,,1,70,,32991,29,4,,1,30,,32992,29,4,,1,70,,32993,29,4,,1,100,,32994,29,4,,1,100,,32995,29,4,,1
401,'4-Sunday-10000001',917,,32996,29,4,,1,101,,32997,29,4,,1,33,,32998,29,4,,1,70,,32999,29,4,,1,30,,33000,29,4,,1,70,,33001,29,4,,1,30,,33002,29,4,,1,70,,33003,29,4,,1,30,,33004,29,4,,1,70,,33005,29,4,,1,30,,33006,29,4,,1,70,,33007,29,4,,1,30,,33008,29,4,,1,70,,33009,29,4,,1,30,,33010,29,4,,1,70,,33011,29,4,,1,30,,33012,29,4,,1,69,,33013,29,4,,1,29,,33021,29,4,,1,70,,33014,29,4,,1,30,,33019,29,4,,1,70,,33015,29,4,,1,30,,33020,29,4,,1,70,,33016,29,4,,1,100,,33017,29,4,,1,100,,33018,29,4,,1
401,'4-Weekday-11111100',621,,33054,29,4,,1,29,,33037,29,4,,1,76,,33038,29,4,,1,75,,33039,29,4,,1,30,,33040,29,4,,1,70,,33041,29,4,,1,30,,33042,29,4,,1,26,,33043,29,4,,1,68,,33044,29,4,,1,30,,33045,29,4,,1,70,,33046,29,4,,1,30,,33048,29,4,,1,70,,33047,29,4,,1,30,,33049,29,4,,1,70,,33050,29,4,,1,30,,33051,29,4,,1,70,,33052,29,4,,1,76,,33053,29,4,,1,44,,33029,29,4,,1,70,,33030,29,4,,1,30,,33031,29,4,,1,70,,33032,29,4,,1,30,,33033,29,4,,1,68,,33034,29,4,,1,24,,33035,29,4,,1,68,,33036,29,4,,1,20,,33023,29,4,,1,30,,33024,29,4,,1,70,,33025,29,4,,1,30,,33055,29,4,,1,70,,33026,29,4,,1,30,,33056,29,4,,1,66,,33027,29,4,,1,26,,33057,29,4,,1,70,,33028,29,4,,1,30,,33058,29,4,,1,70,,33022,29,4,,1
500,'5-Saturday-10000010',640,,33087,1,,,1,70,,33065,1,,,1,30,,33063,1,,,1,70,,33062,1,,,1,30,,33060,1,,,1,70,,33061,1,,,1,30,,33086,1,,,1,70,,33069,1,,,1,30,,33070,1,,,1,70,,33072,1,,,1,30,,33078,1,,,1,70,,33083,1,,,1,30,,33074,1,,,1,70,,33066,1,,,1,30,,33085,1,,,1,70,,33081,1,,,1,30,,33084,1,,,1,70,,33082,1,,,1,30,,33080,1,,,1,70,,33079,1,,,1,30,,33077,1,,,1,70,,33076,1,,,1,30,,33075,1,,,1,70,,33090,1,,,1,30,,33073,1,,,1,70,,33091,1,,,1,30,,33071,1,,,1,100,,33068,1,,,1,100,,33067,1,,,1,100,,33064,1,,,1,100,,33089,1,0,31 32 33 7,1
500,'5-Sunday-20000001',940,,33108,1,,,1,70,,33093,1,,,1,30,,33094,1,,,1,70,,33095,1,,,1,30,,33100,1,,,1,70,,33105,1,,,1,30,,33096,1,,,1,70,,33092,1,,,1,30,,33107,1,,,1,70,,33103,1,,,1,30,,33106,1,,,1,70,,33104,1,,,1,30,,33102,1,,,1,70,,33101,1,,,1,30,,33099,1,,,1,70,,33098,1,,,1,30,,33097,1,,,1,70,,33109,1,,,1
500,'5-Weekday-11111100',540,,33112,1,,,1,70,,33136,1,,,1,30,,33137,1,,,1,70,,33138,1,,,1,30,,33139,1,,,1,70,,33140,1,,,1,30,,33141,1,,,1,70,,33142,1,,,1,20,,33143,1,,,1,70,,33111,1,,,1,30,,33115,1,,,1,70,,33116,1,,,1,30,,33117,1,,,1,70,,33118,1,,,1,30,,33119,1,,,1,70,,33120,1,,,1,30,,33121,1,,,1,70,,33122,1,,,1,30,,33123,1,,,1,70,,33124,1,,,1,30,,33125,1,,,1,70,,33126,1,,,1,30,,33127,1,,,1,70,,33128,1,,,1,30,,33129,1,,,1,70,,33130,1,,,1,30,,33146,1,,,1,70,,33131,1,,,1,30,,33132,1,,,1,70,,33133,1,,,1,30,,33147,1,,,1,70,,33134,1,,,1,30,,33135,1,,,1,80,,33110,1,,,1,30,,33145,1,,,1,70,,33114,1,,,1,30,,33144,1,0,31 32 33 7,1
501,'5-Saturday-10000010',640,,33167,43,4,,1,72,,33168,43,4,,1,30,,33169,43,4,,1,70,,33170,43,4,,1,30,,33171,43,4,,1,73,,33172,43,4,,1,34,,33149,43,4,,1,71,,33150,43,4,,1,30,,33151,43,4,,1,70,,33152,43,4,,1,30,,33153,43,4,,1,70,,33154,43,4,,1,30,,33155,43,4,,1,70,,33156,43,4,,1,30,,33157,43,4,,1,70,,33158,43,4,,1,30,,33159,43,4,,1,70,,33160,43,4,,1,30,,33161,43,4,,1,70,,33162,43,4,,1,30,,33163,43,4,,1,70,,33164,43,4,,1,30,,33165,43,4,,1,68,,33166,43,4,,1,28,,33148,43,4,,1,69,,33173,43,4,,1,30,,33174,43,4,,1,70,,33175,43,4,,1,30,,33176,43,4,,1,100,,33177,43,4,,1,100,,33178,43,4,,1,100,,33179,43,4,,1
501,'5-Sunday-20000001',1049,,33181,43,4,,1,70,,33182,43,4,,1,30,,33183,43,4,,1,70,,33184,43,4,,1,30,,33185,43,4,,1,70,,33186,43,4,,1,30,,33187,43,4,,1,70,,33188,43,4,,1,30,,33189,43,4,,1,70,,33190,43,4,,1,30,,33191,43,4,,1,70,,33192,43,4,,1,30,,33193,43,4,,1,70,,33194,43,4,,1,30,,33195,43,4,,1,69,,33196,43,4,,1,27,,33180,43,4,,1
501,'5-Weekday-11111100',609,,33226,43,4,,1,38,,33227,43,4,,1,74,,33228,43,4,,1,31,,33229,43,4,,1,71,,33222,43,4,,1,30,,33223,43,4,,1,70,,33224,43,4,,1,31,,33230,43,4,,1,68,,33225,43,4,,1,20,,33215,43,4,,1,70,,33216,43,4,,1,30,,33217,43,4,,1,70,,33218,43,4,,1,30,,33219,43,4,,1,70,,33220,43,4,,1,30,,33221,43,4,,1,70,,33204,43,4,,1,33,,33205,43,4,,1,73,,33206,43,4,,1,32,,33207,43,4,,1,70,,33208,43,4,,1,30,,33209,43,4,,1,70,,33210,43,4,,1,30,,33211,43,4,,1,66,,33212,43,4,,1,27,,33213,43,4,,1,66,,33214,43,4,,1,30,,33200,43,4,,1,70,,33232,43,4,,1,30,,33201,43,4,,1,70,,33202,43,4,,1,30,,33203,43,4,,1,70,,33231,43,4,,1,29,,33197,43,4,,1,80,,33198,43,4,,1,30,,33199,43,4,,1,68,,33233,43,4,,1
2900,'29-Saturday-10000010',655,,37289,1,,,1,70,,37290,1,,,1,30,,37291,1,,,1,70,,37292,1,,,1,30,,37293,1,,,1,70,,37294,1,,,1,30,,37295,1,,,1,70,,37296,1,,,1,30,,37297,1,,,1,70,,37298,1,,,1,30,,37299,1,,,1,70,,37300,1,,,1,30,,37301,1,,,1,70,,37302,1,,,1,30,,37303,1,,,1,70,,37304,1,,,1,30,,37305,1,,,1,70,,37306,1,,,1,30,,37307,1,,,1,70,,37308,1,,,1,30,,37309,1,,,1,70,,37310,1,,,1,30,,37311,1,,,1,70,,37312,1,,,1,30,,37313,1,,,1,70,,37314,1,,,1,30,,37315,1,,,1,70,,37316,1,,,1,30,,37317,1,,,1,70,,37318,1,,,1,30,,37319,1,,,1,70,,37320,1,,,1,30,,37321,1,,,1,70,,37322,1,,,1,100,,37323,1,,,1
2900,'29-Sunday-20000001',855,,37324,1,,,1,70,,37325,1,,,1,30,,37326,1,,,1,70,,37327,1,,,1,30,,37328,1,,,1,70,,37329,1,,,1,30,,37330,1,,,1,70,,37331,1,,,1,30,,37332,1,,,1,70,,37333,1,,,1,30,,37334,1,,,1,70,,37335,1,,,1,30,,37336,1,,,1,70,,37337,1,,,1,30,,37338,1,,,1,70,,37339,1,,,1,30,,37340,1,,,1,70,,37341,1,,,1,30,,37342,1,,,1,70,,37343,1,,,1,30,,37344,1,,,1,70,,37345,1,,,1,30,,37346,1,,,1,70,,37347,1,,,1,30,,37348,1,,,1,70,,37349,1,,,1,30,,37350,1,,,1,70,,37351,1,,,1,30,,37352,1,,,1,70,,37353,1,,,1,100,,37354,1,,,1
2900,'29-Weekday-11111100',545,,37391,1,,,1,80,,37388,1,,,1,25,,37390,1,,,1,80,,37389,1,,,1,70,,37364,1,,,1,30,,37365,1,,,1,70,,37366,1,,,1,30,,37367,1,,,1,70,,37368,1,,,1,30,,37369,1,,,1,70,,37370,1,,,1,30,,37371,1,,,1,70,,37372,1,,,1,30,,37373,1,,,1,70,,37374,1,,,1,30,,37375,1,,,1,70,,37376,1,,,1,30,,37377,1,,,1,70,,37378,1,,,1,30,,37379,1,,,1,70,,37380,1,,,1,30,,37381,1,,,1,70,,37382,1,,,1,30,,37383,1,,,1,70,,37384,1,,,1,30,,37385,1,,,1,70,,37386,1,,,1,30,,37387,1,,,1,70,,37363,1,,,1,30,,37362,1,,,1,70,,37361,1,,,1,30,,37355,1,,,1,70,,37360,1,,,1,25,,37358,1,,,1,25,,37359,1,,,1,70,,37357,1,,,1,30,,37356,1,,,1
2901,'29-Saturday-10000010',755,,37392,46,4,,1,70,,37393,46,4,,1,30,,37394,46,4,,1,73,,37395,46,4,,1,30,,37396,46,4,,1,70,,37397,46,4,,1,30,,37398,46,4,,1,70,,37399,46,4,,1,30,,37400,46,4,,1,70,,37401,46,4,,1,30,,37402,46,4,,1,70,,37403,46,4,,1,30,,37404,46,4,,1,70,,37405,46,4,,1,30,,37406,46,4,,1,70,,37407,46,4,,1,30,,37408,46,4,,1,70,,37409,46,4,,1,30,,37410,46,4,,1,70,,37411,46,4,,1,30,,37412,46,4,,1,68,,37413,46,4,,1,30,,37414,46,4,,1,70,,37415,46,4,,1,30,,37416,46,4,,1,70,,37417,46,4,,1,30,,37418,46,4,,1,70,,37419,46,4,,1,30,,37420,46,4,,1,70,,37421,46,4,,1,30,,37422,46,4,,1,70,,37423,46,4,,1,30,,37424,46,4,,1,100,,37425,46,4,,1
2901,'29-Sunday-20000001',854,,37426,46,4,,1,70,,37427,46,4,,1,30,,37428,46,4,,1,72,,37429,46,4,,1,30,,37430,46,4,,1,70,,37431,46,4,,1,30,,37432,46,4,,1,70,,37433,46,4,,1,30,,37434,46,4,,1,70,,37435,46,4,,1,30,,37436,46,4,,1,70,,37437,46,4,,1,30,,37438,46,4,,1,70,,37439,46,4,,1,30,,37440,46,4,,1,70,,37441,46,4,,1,30,,37442,46,4,,1,70,,37443,46,4,,1,30,,37444,46,4,,1,68,,37445,46,4,,1,25,,37446,46,4,,1,70,,37447,46,4,,1,30,,37448,46,4,,1,70,,37449,46,4,,1,30,,37450,46,4,,1,70,,37451,46,4,,1,30,,37452,46,4,,1,70,,37453,46,4,,1,30,,37454,46,4,,1,70,,37455,46,4,,1,30,,37456,46,4,,1,100,,37457,46,4,,1
2901,'29-Weekday-11111100',620,,37494,35,4,,1,24,,37460,46,4,,1,71,,37461,46,4,,1,37,,37462,46,4,,1,70,,37463,46,4,,1,30,,37464,46,4,,1,70,,37465,46,4,,1,31,,37466,46,4,,1,69,,37467,46,4,,1,30,,37468,46,4,,1,70,,37469,46,4,,1,30,,37470,46,4,,1,70,,37471,46,4,,1,30,,37472,46,4,,1,70,,37473,46,4,,1,30,,37474,46,4,,1,70,,37475,46,4,,1,32,,37459,46,4,,1,73,,37458,46,4,,1,30,,37476,46,4,,1,70,,37477,46,4,,1,30,,37478,46,4,,1,70,,37479,46,4,,1,30,,37480,46,4,,1,68,,37481,46,4,,1,28,,37482,46,4,,1,70,,37483,46,4,,1,30,,37484,46,4,,1,70,,37485,46,4,,1,30,,37486,46,4,,1,70,,37487,46,4,,1,30,,37488,46,4,,1,67,,37489,46,4,,1,25,,37490,46,4,,1,70,,37491,46,4,,1,30,,37492,46,4,,1,70,,37493,46,4,,1
