101,'1-Holiday1-10000001',803,,32554,2,,,1,100,,32555,2,,,1,30,,32556,2,,,1,70,,32557,2,,,1,30,,32558,2,,,1,70,,32559,2,,,1,30,,32560,2,,,1,70,,32561,2,,,1,30,,32562,2,,,1,70,,32563,2,,,1,30,,32564,2,,,1,70,,32565,2,,,1,30,,32566,2,,,1,70,,32567,2,,,1,30,,32568,2,,,1,70,,32569,2,,,1,30,,32570,2,,,1,70,,32571,2,,,1,30,,32572,2,,,1,70,,32573,2,,,1,100,,32574,2,,,1,100,,32575,2,,,1,100,,32576,2,,,1,100,,32577,2,,,1,100,,32578,2,,,1,100,,32579,2,,,1
101,'1-Saturday-10000010',603,,32580,2,,,1,30,,32581,2,,,1,70,,32582,2,,,1,30,,32583,2,,,1,70,,32584,2,,,1,30,,32585,2,,,1,70,,32586,2,,,1,30,,32587,2,,,1,70,,32588,2,,,1,30,,32589,2,,,1,70,,32590,2,,,1,30,,32591,2,,,1,70,,32592,2,,,1,30,,32593,2,,,1,70,,32594,2,,,1,30,,32595,2,,,1,70,,32596,2,,,1,30,,32597,2,,,1,70,,32598,2,,,1,30,,32599,2,,,1,70,,32600,2,,,1,30,,32601,2,,,1,70,,32602,2,,,1,30,,32603,2,,,1,70,,32604,2,,,1,30,,32605,2,,,1,70,,32606,2,,,1,30,,32607,2,,,1,70,,32608,2,,,1,30,,32609,2,,,1,70,,32610,2,,,1,30,,32611,2,,,1,70,,32612,2,,,1,30,,32613,2,,,1,70,,32614,2,,,1,100,,32615,2,,,1
101,'1-Sunday-10000001',803,,32616,2,,,1,100,,32617,2,,,1,30,,32618,2,,,1,70,,32619,2,,,1,30,,32620,2,,,1,70,,32621,2,,,1,30,,32622,2,,,1,70,,32623,2,,,1,30,,32624,2,,,1,70,,32625,2,,,1,30,,32626,2,,,1,70,,32627,2,,,1,30,,32628,2,,,1,70,,32629,2,,,1,30,,32630,2,,,1,70,,32631,2,,,1,30,,32632,2,,,1,70,,32633,2,,,1,30,,32634,2,,,1,70,,32635,2,,,1,100,,32636,2,,,1,100,,32637,2,,,1,100,,32638,2,,,1,100,,32639,2,,,1,100,,32640,2,,,1,100,,32641,2,,,1
101,'1-Weekday-11111100',547,,32678,2,,,1,55,,32676,2,,,1,30,,32677,2,,,1,71,,32642,2,,,1,30,,32643,2,,,1,70,,32644,2,,,1,30,,32645,2,,,1,70,,32646,2,,,1,30,,32647,2,,,1,70,,32656,2,,,1,30,,32657,2,,,1,70,,32658,2,,,1,30,,32659,2,,,1,70,,32660,2,,,1,30,,32661,2,,,1,70,,32662,2,,,1,30,,32663,2,,,1,70,,32664,2,,,1,30,,32648,2,,,1,70,,32649,2,,,1,30,,32650,2,,,1,70,,32651,2,,,1,30,,32652,2,,,1,70,,32653,2,,,1,30,,32654,2,,,1,70,,32655,2,,,1,30,,32665,2,,,1,70,,32666,2,,,1,30,,32667,2,,,1,70,,32668,2,,,1,30,,32669,2,,,1,70,,32670,2,,,1,30,,32671,2,,,1,70,,32672,2,,,1,30,,32673,2,,,1,70,,32674,2,,,1,100,,32675,2,,,1
800,'8-Holiday1-10000001',732,,34002,2,,,1,70,,33969,2,,,1,30,,33970,2,,,1,70,,33971,2,,,1,30,,33972,2,,,1,70,,33973,2,,,1,30,,33974,2,,,1,70,,33975,2,,,1,30,,33976,2,,,1,70,,33977,2,,,1,30,,33978,2,,,1,70,,33979,2,,,1,30,,33980,2,,,1,70,,33981,2,,,1,30,,33982,2,,,1,70,,33983,2,,,1,30,,33984,2,,,1,70,,33985,2,,,1,30,,33986,2,,,1,70,,33987,2,,,1,30,,33988,2,,,1,70,,33989,2,,,1,30,,33990,2,,,1,70,,33991,2,,,1,30,,33992,2,,,1,70,,33993,2,,,1,30,,33994,2,,,1,70,,33995,2,,,1,30,,33996,2,,,1,70,,33997,2,,,1,30,,33998,2,,,1,70,,33999,2,,,1,30,,34000,2,,,1,70,,34001,2,,,1
800,'8-Saturday-10000010',632,,34003,2,,,1,70,,34004,2,,,1,30,,34005,2,,,1,70,,34006,2,,,1,30,,34007,2,,,1,70,,34008,2,,,1,30,,34009,2,,,1,70,,34010,2,,,1,30,,34011,2,,,1,70,,34012,2,,,1,30,,34013,2,,,1,70,,34014,2,,,1,30,,34015,2,,,1,70,,34016,2,,,1,30,,34017,2,,,1,70,,34018,2,,,1,30,,34019,2,,,1,70,,34020,2,,,1,30,,34021,2,,,1,70,,34022,2,,,1,30,,34023,2,,,1,70,,34024,2,,,1,30,,34025,2,,,1,70,,34026,2,,,1,30,,34027,2,,,1,70,,34028,2,,,1,30,,34029,2,,,1,70,,34030,2,,,1,30,,34031,2,,,1,70,,34032,2,,,1,30,,34033,2,,,1,70,,34034,2,,,1,30,,34035,2,,,1,70,,34036,2,,,1,30,,34037,2,,,1,70,,34038,2,,,1
800,'8-Sunday-10000001',702,,34073,2,,,1,30,,34072,2,,,1,70,,34039,2,,,1,30,,34040,2,,,1,70,,34041,2,,,1,30,,34042,2,,,1,70,,34043,2,,,1,30,,34044,2,,,1,70,,34045,2,,,1,30,,34046,2,,,1,70,,34047,2,,,1,30,,34048,2,,,1,70,,34049,2,,,1,30,,34050,2,,,1,70,,34051,2,,,1,30,,34052,2,,,1,70,,34053,2,,,1,30,,34054,2,,,1,70,,34055,2,,,1,30,,34056,2,,,1,70,,34057,2,,,1,30,,34058,2,,,1,70,,34059,2,,,1,30,,34060,2,,,1,70,,34061,2,,,1,30,,34062,2,,,1,70,,34063,2,,,1,30,,34064,2,,,1,70,,34065,2,,,1,30,,34066,2,,,1,70,,34067,2,,,1,30,,34068,2,,,1,70,,34069,2,,,1,30,,34070,2,,,1,70,,34071,2,,,1
800,'8-Weekday-11111100',602,,34074,2,,,1,30,,34075,2,,,1,20,,34123,2,,,1,55,,34076,2,,,1,15,,34077,2,,,1,15,,34078,2,,,1,15,,34079,2,,,1,55,,34080,2,,,1,15,,34081,2,,,1,15,,34082,2,,,1,15,,34083,2,,,1,55,,34084,2,,,1,15,,34085,2,,,1,15,,34086,2,,,1,15,,34134,2,,,1,55,,34087,2,,,1,15,,34126,2,,,1,15,,34088,2,,,1,15,,34127,2,,,1,55,,34089,2,,,1,15,,34128,2,,,1,15,,34090,2,,,1,15,,34129,2,,,1,55,,34091,2,,,1,15,,34130,2,,,1,15,,34092,2,,,1,15,,34131,2,,,1,55,,34093,2,,,1,15,,34132,2,,,1,15,,34094,2,,,1,15,,34133,2,,,1,55,,34095,2,,,1,12,,34143,2,0,17 7,1,3,,34125,2,,,1,16,,34096,2,,,1,15,,34097,2,,,1,55,,34098,2,,,1,15,,34099,2,,,1,15,,34100,2,,,1,15,,34101,2,,,1,55,,34102,2,,,1,15,,34103,2,,,1,15,,34104,2,,,1,15,,34105,2,,,1,55,,34106,2,,,1,15,,34107,2,,,1,15,,34108,2,,,1,15,,34109,2,,,1,59,,34110,2,,,1,20,,34111,2,,,1,15,,34137,2,,,1,55,,34112,2,,,1,15,,34138,2,,,1,15,,34113,2,,,1,15,,34139,2,,,1,55,,34114,2,,,1,15,,34140,2,,,1,15,,34115,2,,,1,15,,34136,2,,,1,55,,34116,2,,,1,15,,34141,2,,,1,15,,34117,2,,,1,15,,34142,2,,,1,55,,34118,2,,,1,30,,34119,2,,,1,70,,34120,2,,,1,30,,34121,2,,,1,70,,34122,2,,,1,30,,34135,2,,,1
2300,'23-Saturday-10000010',647,,36639,2,,,1,70,,36640,2,,,1,30,,36641,2,,,1,70,,36642,2,,,1,30,,36643,2,,,1,70,,36644,2,,,1,30,,36645,2,,,1,70,,36646,2,,,1,30,,36647,2,,,1,70,,36648,2,,,1,30,,36649,2,,,1,70,,36650,2,,,1,30,,36651,2,,,1,70,,36652,2,,,1,30,,36653,2,,,1,70,,36654,2,,,1,30,,36655,2,,,1,70,,36656,2,,,1,30,,36657,2,,,1,70,,36658,2,,,1,30,,36659,2,,,1,70,,36660,2,,,1,30,,36661,2,,,1,70,,36662,2,,,1,30,,36663,2,,,1,70,,36664,2,,,1,30,,36665,2,,,1,70,,36666,2,,,1,30,,36667,2,,,1,70,,36668,2,,,1
2300,'23-Sunday-10000001',717,,36670,2,,,1,30,,36671,2,,,1,70,,36672,2,,,1,30,,36673,2,,,1,70,,36674,2,,,1,30,,36675,2,,,1,70,,36676,2,,,1,30,,36677,2,,,1,70,,36678,2,,,1,30,,36669,2,,,1,70,,36679,2,,,1,30,,36680,2,,,1,70,,36681,2,,,1,30,,36682,2,,,1,70,,36683,2,,,1,30,,36684,2,,,1,70,,36685,2,,,1,30,,36686,2,,,1,70,,36687,2,,,1,30,,36688,2,,,1,70,,36689,2,,,1,30,,36690,2,,,1,70,,36691,2,,,1,30,,36692,2,,,1,70,,36693,2,,,1,30,,36694,2,,,1,70,,36695,2,,,1,30,,36696,2,,,1
2300,'23-Weekday-11111100',547,,36729,2,,,1,70,,36728,2,,,1,30,,36727,2,,,1,70,,36726,2,,,1,32,,36725,2,,,1,68,,36724,2,,,1,30,,36723,2,,,1,70,,36722,2,,,1,30,,36721,2,,,1,70,,36720,2,,,1,30,,36719,2,,,1,72,,36718,2,,,1,28,,36717,2,,,1,70,,36716,2,,,1,30,,36715,2,,,1,70,,36714,2,,,1,30,,36713,2,,,1,70,,36712,2,,,1,32,,36711,2,,,1,68,,36710,2,,,1,30,,36709,2,,,1,70,,36708,2,,,1,30,,36707,2,,,1,70,,36706,2,,,1,30,,36705,2,,,1,72,,36704,2,,,1,28,,36703,2,,,1,70,,36702,2,,,1,30,,36701,2,,,1,70,,36700,2,,,1,30,,36699,2,,,1,70,,36698,2,,,1,32,,36730,2,,,1,68,,36697,2,,,1
2700,'27-Holiday1-10000001',732,,36877,2,,,1,70,,36878,2,,,1,30,,36879,2,,,1,70,,36880,2,,,1,30,,36875,2,,,1,70,,36863,2,,,1,30,,36873,2,,,1,70,,36862,2,,,1,30,,36866,2,,,1,70,,36861,2,,,1,30,,36874,2,,,1,70,,36860,2,,,1,30,,36865,2,,,1,70,,36859,2,,,1,30,,36872,2,,,1,70,,36858,2,,,1,30,,36850,2,,,1,70,,36857,2,,,1,30,,36864,2,,,1,70,,36856,2,,,1,30,,36869,2,,,1,70,,36855,2,,,1,30,,36871,2,,,1,70,,36854,2,,,1,30,,36867,2,,,1,70,,36853,2,,,1,30,,36870,2,,,1,70,,36851,2,,,1,30,,36868,2,,,1,70,,36876,2,,,1,30,,36852,2,,,1
2700,'27-Saturday-10000010',637,,36910,2,,,1,75,,36881,2,,,1,35,,36884,2,,,1,75,,36882,2,,,1,35,,36883,2,,,1,75,,36885,2,,,1,75,,36886,2,,,1,35,,36887,2,,,1,75,,36888,2,,,1,35,,36889,2,,,1,75,,36890,2,,,1,75,,36891,2,,,1,35,,36892,2,,,1,75,,36893,2,,,1,35,,36894,2,,,1,75,,36895,2,,,1,35,,36896,2,,,1,75,,36897,2,,,1,75,,36898,2,,,1,35,,36899,2,,,1,75,,36900,2,,,1,35,,36901,2,,,1,75,,36902,2,,,1,75,,36903,2,,,1,35,,36904,2,,,1,75,,36905,2,,,1,35,,36906,2,,,1,75,,36907,2,,,1,35,,36908,2,,,1,75,,36909,2,,,1
2700,'27-Sunday-10000001',712,,36911,2,,,1,35,,36912,2,,,1,75,,36913,2,,,1,35,,36914,2,,,1,75,,36915,2,,,1,75,,36916,2,,,1,35,,36917,2,,,1,75,,36918,2,,,1,35,,36919,2,,,1,75,,36920,2,,,1,75,,36921,2,,,1,35,,36922,2,,,1,75,,36923,2,,,1,35,,36924,2,,,1,75,,36925,2,,,1,35,,36926,2,,,1,75,,36927,2,,,1,75,,36928,2,,,1,35,,36929,2,,,1,75,,36930,2,,,1,35,,36931,2,,,1,75,,36932,2,,,1,75,,36933,2,,,1,35,,36934,2,,,1,75,,36935,2,,,1,35,,36936,2,,,1,75,,36937,2,,,1,35,,36938,2,,,1
2700,'27-Weekday-11111100',532,,36966,2,,,1,70,,36939,2,,,1,35,,36940,2,,,1,75,,36941,2,,,1,35,,36942,2,,,1,75,,36943,2,,,1,35,,36944,2,,,1,75,,36945,2,,,1,75,,36946,2,,,1,35,,36947,2,,,1,75,,36948,2,,,1,35,,36949,2,,,1,75,,36950,2,,,1,75,,36951,2,,,1,35,,36952,2,,,1,75,,36953,2,,,1,35,,36954,2,,,1,75,,36955,2,,,1,35,,36956,2,,,1,75,,36957,2,,,1,75,,36958,2,,,1,35,,36959,2,,,1,75,,36960,2,,,1,35,,36961,2,,,1,75,,36962,2,,,1,75,,36963,2,,,1,35,,36964,2,,,1,75,,36965,2,,,1,35,,36967,2,,,1,75,,36968,2,,,1,35,,36969,2,,,1,75,,36970,2,,,1
