2201,'22-Saturday-10000010',633,,36560,3,,,1,70,,36561,3,,,1,30,,36562,3,,,1,70,,36563,3,,,1,30,,36564,3,,,1,70,,36565,3,,,1,30,,36566,3,,,1,70,,36567,3,,,1,30,,36568,3,,,1,70,,36569,3,,,1,30,,36570,3,,,1,70,,36571,3,,,1,30,,36572,3,,,1,70,,36573,3,,,1,30,,36574,3,,,1,70,,36575,3,,,1,30,,36576,3,,,1,70,,36577,3,,,1,30,,36578,3,,,1,70,,36579,3,,,1,30,,36580,3,,,1,70,,36581,3,,,1,30,,36582,3,,,1,70,,36583,3,,,1,30,,36584,3,,,1,70,,36585,3,,,1,30,,36586,3,,,1,70,,36587,3,,,1,30,,36588,3,,,1,70,,36589,3,,,1,30,,36590,3,,,1,70,,36591,3,,,1,100,,36592,3,,,1
2201,'22-Sunday-10000001',903,,36602,3,,,1,100,,36593,3,,,1,100,,36594,3,,,1,100,,36595,3,,,1,100,,36596,3,,,1,100,,36597,3,,,1,100,,36598,3,,,1,100,,36599,3,,,1,100,,36600,3,,,1,100,,36601,3,,,1,100,,36603,3,,,1
2201,'22-Weekday-11111100',600,,36634,3,,,1,30,,36604,3,,,1,70,,36605,3,,,1,34,,36606,3,,,1,74,,36607,3,,,1,30,,36608,3,,,1,70,,36609,3,,,1,28,,36610,3,,,1,68,,36611,3,,,1,30,,36612,3,,,1,70,,36613,3,,,1,30,,36614,3,,,1,70,,36615,3,,,1,30,,36616,3,,,1,70,,36617,3,,,1,30,,36618,3,,,1,70,,36619,3,,,1,32,,36620,3,,,1,71,,36621,3,,,1,31,,36622,3,,,1,70,,36623,3,,,1,30,,36624,3,,,1,70,,36625,3,,,1,30,,36626,3,,,1,69,,36627,3,,,1,27,,36628,3,,,1,70,,36629,3,,,1,30,,36630,3,,,1,70,,36631,3,,,1,30,,36635,3,,,1,70,,36632,3,,,1,30,,36636,3,,,1,69,,36633,3,,,1,28,,36638,3,,,1,70,,36637,3,,,1
3301,'33-Saturday-10000010',657,,37866,6,,,1,70,,37867,6,,,1,30,,37868,6,,,1,70,,37869,6,,,1,30,,37870,6,,,1,70,,37871,6,,,1,30,,37872,6,,,1,70,,37873,6,,,1,30,,37874,6,,,1,70,,37875,6,,,1,30,,37876,6,,,1,70,,37877,6,,,1,30,,37878,6,,,1,70,,37879,6,,,1,30,,37880,6,,,1,70,,37881,6,,,1,30,,37882,6,,,1,70,,37883,6,,,1,30,,37884,6,,,1,70,,37885,6,,,1,30,,37886,6,,,1,70,,37887,6,,,1,30,,37888,6,,,1,70,,37889,6,,,1,30,,37890,6,,,1
3301,'33-Sunday-10000001',757,,37891,6,,,1,70,,37892,6,,,1,30,,37893,6,,,1,70,,37894,6,,,1,30,,37895,6,,,1,70,,37896,6,,,1,30,,37897,6,,,1,70,,37898,6,,,1,30,,37899,6,,,1,70,,37900,6,,,1,30,,37901,6,,,1,70,,37902,6,,,1,30,,37903,6,,,1,70,,37904,6,,,1,30,,37905,6,,,1,70,,37906,6,,,1,30,,37907,6,,,1,70,,37908,6,,,1,30,,37909,6,,,1,70,,37910,6,,,1,30,,37911,6,,,1,70,,37912,6,,,1,30,,37913,6,,,1
3301,'33-Weekday-11111100',546,,37914,6,,,1,70,,37915,6,,,1,30,,37916,6,,,1,72,,37917,6,,,1,34,,37918,6,,,1,70,,37919,6,,,1,30,,37920,6,,,1,70,,37921,6,,,1,28,,37922,6,,,1,69,,37923,6,,,1,30,,37924,6,,,1,70,,37925,6,,,1,30,,37926,6,,,1,70,,37927,6,,,1,30,,37928,6,,,1,70,,37929,6,,,1,30,,37930,6,,,1,70,,37931,6,,,1,32,,37932,6,,,1,71,,37933,6,,,1,30,,37934,6,,,1,70,,37935,6,,,1,30,,37936,6,,,1,70,,37937,6,,,1,30,,37938,6,,,1,67,,37939,6,,,1,28,,37940,6,,,1,70,,37946,6,,,1,30,,37941,6,,,1,70,,37942,6,,,1,30,,37947,6,,,1,70,,37943,6,,,1,30,,37948,6,,,1,70,,37944,6,,,1,28,,37945,6,,,1,70,,37949,6,,,1
20100,'201-Holiday1-10000001',702,,40709,10,,,1,30,,40710,10,,,1,70,,40711,10,,,1,30,,40712,10,,,1,70,,40713,10,,,1,30,,40714,10,,,1,70,,40715,10,,,1,31,,40716,10,,,1,70,,40708,10,,,1,30,,40717,10,,,1,70,,40718,10,,,1,30,,40719,10,,,1,70,,40720,10,,,1,30,,40721,10,,,1,70,,40722,10,,,1,30,,40723,10,,,1,70,,40724,10,,,1,30,,40725,10,,,1,70,,40726,10,,,1,30,,40727,10,,,1,70,,40728,10,,,1,30,,40729,10,,,1,70,,40730,10,,,1,29,,40731,10,,,1,70,,40732,10,,,1,30,,40733,10,,,1,70,,40734,10,,,1,30,,40735,10,,,1,70,,40736,10,,,1,30,,40737,10,,,1,70,,40738,10,,,1,30,,40739,10,,,1,70,,40740,10,,,1,30,,40741,10,,,1,70,,40742,10,,,1
20100,'201-Saturday-10000010',638,,40778,3,,,1,65,,40743,10,,,1,30,,40744,10,,,1,70,,40745,10,,,1,30,,40746,10,,,1,70,,40747,10,,,1,31,,40748,10,,,1,70,,40749,10,,,1,30,,40750,10,,,1,70,,40751,10,,,1,30,,40752,10,,,1,70,,40753,10,,,1,30,,40754,10,,,1,70,,40755,10,,,1,30,,40756,10,,,1,70,,40757,10,,,1,30,,40758,10,,,1,70,,40759,10,,,1,30,,40760,10,,,1,70,,40761,10,,,1,30,,40762,10,,,1,70,,40763,10,,,1,30,,40764,10,,,1,70,,40765,10,,,1,29,,40766,10,,,1,70,,40767,10,,,1,30,,40768,10,,,1,70,,40769,10,,,1,30,,40770,10,,,1,70,,40771,10,,,1,30,,40772,10,,,1,70,,40773,10,,,1,30,,40774,10,,,1,70,,40775,10,,,1,30,,40776,10,,,1,70,,40777,10,,,1
20100,'201-Sunday-10000001',701,,40780,10,,,1,30,,40781,10,,,1,70,,40782,10,,,1,30,,40783,10,,,1,70,,40784,10,,,1,30,,40785,10,,,1,70,,40786,10,,,1,32,,40787,10,,,1,70,,40779,10,,,1,30,,40788,10,,,1,70,,40789,10,,,1,30,,40790,10,,,1,70,,40791,10,,,1,30,,40792,10,,,1,70,,40793,10,,,1,30,,40794,10,,,1,70,,40795,10,,,1,30,,40796,10,,,1,70,,40797,10,,,1,30,,40798,10,,,1,70,,40799,10,,,1,30,,40800,10,,,1,70,,40801,10,,,1,29,,40802,10,,,1,70,,40803,10,,,1,30,,40804,10,,,1,70,,40805,10,,,1,30,,40806,10,,,1,70,,40807,10,,,1,30,,40808,10,,,1,70,,40809,10,,,1,30,,40810,10,,,1,70,,40811,10,,,1,30,,40812,10,,,1,70,,40813,10,,,1
20100,'201-Weekday-11111100',518,,40848,3,,,1,20,,40889,3,,,1,16,,40849,10,,,1,55,,40850,10,,,1,15,,40847,10,,,1,15,,40851,10,,,1,15,,40846,10,,,1,55,,40852,10,,,1,15,,40845,10,,,1,10,,40877,10,,,1,10,,40853,10,,,1,10,,40841,10,,,1,50,,40878,10,,,1,10,,40854,10,,,1,10,,40842,10,,,1,10,,40879,10,,,1,10,,40855,10,,,1,10,,40839,10,,,1,50,,40880,10,,,1,10,,40856,10,,,1,10,,40838,10,,,1,10,,40881,10,,,1,11,,40857,10,,,1,10,,40814,10,,,1,50,,40893,10,,,1,10,,40858,10,,,1,10,,40815,10,,,1,10,,40894,10,,,1,10,,40859,10,,,1,10,,40816,10,,,1,50,,40895,10,,,1,10,,40860,10,,,1,10,,40817,10,,,1,10,,40896,10,,,1,10,,40861,10,,,1,10,,40818,10,,,1,50,,40897,10,,,1,10,,40862,10,,,1,10,,40819,10,,,1,10,,40898,10,,,1,10,,40863,10,,,1,10,,40820,10,,,1,50,,40899,10,,,1,10,,40864,10,,,1,10,,40821,10,,,1,10,,40900,10,,,1,10,,40865,10,,,1,10,,40822,10,,,1,50,,40901,10,,,1,10,,40866,10,,,1,10,,40823,10,,,1,10,,40902,10,,,1,11,,40867,10,,,1,11,,40908,10,,,1,50,,40840,10,,,1,10,,40882,10,,,1,10,,40876,10,,,1,10,,40868,10,,,1,10,,40883,10,,,1,10,,40844,10,,,1,50,,40824,10,,,1,10,,40884,10,,,1,10,,40869,10,,,1,10,,40870,10,,,1,10,,40885,10,,,1,10,,40825,10,,,1,50,,40871,10,,,1,10,,40886,10,,,1,10,,40843,10,,,1,10,,40872,10,,,1,10,,40887,10,,,1,10,,40826,10,,,1,50,,40873,10,,,1,10,,40888,10,,,1,9,,40827,10,,,1,10,,40874,10,,,1,15,,40907,10,,,1,55,,40875,10,,,1,15,,40890,10,,,1,15,,40828,10,,,1,15,,40891,10,,,1,55,,40829,10,,,1,15,,40892,10,,,1,15,,40830,10,,,1,15,,40903,10,,,1,55,,40831,10,,,1,15,,40904,10,,,1,15,,40832,10,,,1,15,,40905,10,0,15 16,1,55,,40833,10,,,1,13,,40906,10,,,1,30,,40834,10,,,1,70,,40835,10,,,1,35,,40836,10,,,1,70,,40837,10,,,1
