2200,'22-Saturday-10000010',651,,36481,28,,,1,70,,36482,28,,,1,30,,36483,28,,,1,70,,36484,28,,,1,30,,36485,28,,,1,71,,36486,28,,,1,30,,36487,28,,,1,70,,36488,28,,,1,30,,36489,28,,,1,70,,36490,28,,,1,30,,36491,28,,,1,70,,36492,28,,,1,30,,36493,28,,,1,70,,36494,28,,,1,30,,36495,28,,,1,70,,36496,28,,,1,30,,36497,28,,,1,70,,36498,28,,,1,30,,36499,28,,,1,70,,36500,28,,,1,30,,36501,28,,,1,70,,36502,28,,,1,30,,36503,28,,,1,69,,36504,28,,,1,30,,36505,28,,,1,70,,36506,28,,,1,30,,36507,28,,,1,70,,36508,28,,,1,30,,36509,28,,,1,70,,36510,28,,,1,30,,36511,28,,,1,100,,36512,28,,,1,100,,36513,28,,,1
2200,'22-Sunday-10000001',851,,36524,28,,,1,100,,36514,28,,,1,100,,36515,28,,,1,100,,36516,28,,,1,100,,36517,28,,,1,100,,36518,28,,,1,100,,36519,28,,,1,100,,36520,28,,,1,100,,36521,28,,,1,100,,36522,28,,,1,99,,36523,28,,,1
2200,'22-Weekday-11111100',623,,36525,28,,,1,30,,36526,28,,,1,73,,36527,28,,,1,30,,36528,28,,,1,70,,36529,28,,,1,30,,36530,28,,,1,70,,36531,28,,,1,28,,36532,28,,,1,70,,36533,28,,,1,30,,36534,28,,,1,70,,36535,28,,,1,30,,36536,28,,,1,70,,36537,28,,,1,30,,36538,28,,,1,70,,36539,28,,,1,30,,36540,28,,,1,70,,36541,28,,,1,31,,36542,28,,,1,70,,36543,28,,,1,30,,36544,28,,,1,70,,36545,28,,,1,30,,36546,28,,,1,70,,36547,28,,,1,30,,36548,28,,,1,68,,36549,28,,,1,30,,36550,28,,,1,70,,36551,28,,,1,30,,36552,28,,,1,70,,36553,28,,,1,30,,36554,28,,,1,70,,36558,28,,,1,30,,36555,28,,,1,69,,36559,28,,,1,30,,36556,28,,,1,100,,36557,28,,,1
2600,'26-Weekday-11111100',623,,36834,11,,,1,30,,36822,11,,,1,73,,36823,11,,,1,74,,36824,11,,,1,30,,36825,11,,,1,70,,36826,11,,,1,558,,36827,11,,,1,71,,36828,11,,,1,30,,36829,11,,,1,70,,36830,11,,,1,30,,36831,11,,,1,70,,36832,11,,,1,30,,36833,11,,,1,563,,36835,11,,,1
3300,'33-Saturday-10000010',712,,37782,37,,,1,30,,37783,37,,,1,70,,37784,37,,,1,30,,37785,37,,,1,70,,37786,37,,,1,31,,37787,37,,,1,70,,37788,37,,,1,30,,37789,37,,,1,70,,37790,37,,,1,30,,37791,37,,,1,70,,37792,37,,,1,30,,37793,37,,,1,70,,37794,37,,,1,30,,37795,37,,,1,70,,37796,37,,,1,30,,37797,37,,,1,70,,37798,37,,,1,30,,37799,37,,,1,70,,37800,37,,,1,30,,37801,37,,,1,70,,37802,37,,,1,30,,37803,37,,,1,70,,37804,37,,,1,30,,37805,37,,,1,70,,37806,37,,,1
3300,'33-Sunday-10000001',812,,37807,37,,,1,30,,37808,37,,,1,69,,37809,37,,,1,28,,37810,37,,,1,70,,37811,37,,,1,30,,37812,37,,,1,70,,37813,37,,,1,30,,37814,37,,,1,70,,37815,37,,,1,30,,37816,37,,,1,70,,37817,37,,,1,30,,37818,37,,,1,70,,37819,37,,,1,30,,37820,37,,,1,70,,37821,37,,,1,30,,37822,37,,,1,70,,37823,37,,,1,30,,37824,37,,,1,70,,37825,37,,,1,30,,37826,37,,,1,71,,37827,37,,,1,32,,37828,37,,,1,70,,37829,37,,,1
3300,'33-Weekday-11111100',606,,37833,37,,,1,30,,37836,37,,,1,71,,37837,37,,,1,34,,37838,37,,,1,70,,37839,37,,,1,30,,37840,37,,,1,70,,37841,37,,,1,29,,37842,37,,,1,69,,37843,37,,,1,30,,37844,37,,,1,70,,37845,37,,,1,30,,37846,37,,,1,70,,37847,37,,,1,30,,37848,37,,,1,70,,37849,37,,,1,30,,37850,37,,,1,70,,37851,37,,,1,32,,37852,37,,,1,71,,37862,37,,,1,30,,37853,37,,,1,70,,37854,37,,,1,30,,37855,37,,,1,70,,37856,37,,,1,30,,37857,37,,,1,67,,37858,37,,,1,28,,37859,37,,,1,70,,37830,37,,,1,30,,37863,37,,,1,70,,37835,37,,,1,30,,37864,37,,,1,70,,37834,37,,,1,30,,37865,37,,,1,70,,37832,37,,,1,28,,37831,37,,,1,70,,37860,37,,,1,30,,37861,37,,,1
20101,'201-Holiday1-10000001',745,,40910,27,,,1,70,,40911,27,,,1,30,,40912,27,,,1,70,,40913,27,,,1,30,,40914,27,,,1,71,,40915,27,,,1,31,,40916,27,,,1,70,,40917,27,,,1,30,,40918,27,,,1,70,,40919,27,,,1,30,,40909,27,,,1,70,,40920,27,,,1,30,,40921,27,,,1,70,,40922,27,,,1,30,,40923,27,,,1,70,,40924,27,,,1,30,,40925,27,,,1,70,,40926,27,,,1,30,,40927,27,,,1,70,,40928,27,,,1,30,,40929,27,,,1,69,,40930,27,,,1,29,,40931,27,,,1,70,,40932,27,,,1,30,,40933,27,,,1,70,,40934,27,,,1,30,,40935,27,,,1,70,,40936,27,,,1,30,,40937,27,,,1,70,,40938,27,,,1,30,,40939,27,,,1,70,,40940,27,,,1,30,,40941,27,,,1,70,,40942,27,,,1,30,,40943,27,,,1
20101,'201-Saturday-10000010',715,,40979,27,,,1,30,,40944,27,,,1,70,,40945,27,,,1,30,,40946,27,,,1,71,,40947,27,,,1,32,,40948,27,,,1,70,,40949,27,,,1,30,,40950,27,,,1,70,,40951,27,,,1,30,,40952,27,,,1,70,,40953,27,,,1,30,,40954,27,,,1,70,,40955,27,,,1,30,,40956,27,,,1,70,,40957,27,,,1,30,,40958,27,,,1,70,,40959,27,,,1,30,,40960,27,,,1,70,,40961,27,,,1,30,,40962,27,,,1,70,,40963,27,,,1,30,,40964,27,,,1,69,,40965,27,,,1,28,,40966,27,,,1,70,,40967,27,,,1,30,,40968,27,,,1,70,,40969,27,,,1,30,,40970,27,,,1,70,,40971,27,,,1,30,,40972,27,,,1,70,,40973,27,,,1,30,,40974,27,,,1,70,,40975,27,,,1,30,,40976,27,,,1,70,,40977,27,,,1,30,,40978,27,0,13 14 7,1
20101,'201-Sunday-10000001',744,,40981,27,,,1,70,,40982,27,,,1,30,,40983,27,,,1,70,,40984,27,,,1,30,,40985,27,,,1,71,,40986,27,,,1,32,,40987,27,,,1,70,,40988,27,,,1,30,,40989,27,,,1,70,,40990,27,,,1,30,,40980,27,,,1,70,,40991,27,,,1,30,,40992,27,,,1,70,,40993,27,,,1,30,,40994,27,,,1,70,,40995,27,,,1,30,,40996,27,,,1,70,,40997,27,,,1,30,,40998,27,,,1,70,,40999,27,,,1,30,,41000,27,,,1,69,,41001,27,,,1,29,,41002,27,,,1,70,,41003,27,,,1,30,,41004,27,,,1,70,,41005,27,,,1,30,,41006,27,,,1,70,,41007,27,,,1,30,,41008,27,,,1,70,,41009,27,,,1,30,,41010,27,,,1,70,,41011,27,,,1,30,,41012,27,,,1,70,,41013,27,,,1,30,,41014,27,,,1
20101,'201-Weekday-11111100',559,,41089,27,,,1,70,,41090,27,,,1,15,,41048,27,,,1,15,,41051,27,,,1,57,,41049,27,,,1,7,,41088,11,,,1,11,,41052,27,,,1,7,,41087,11,,,1,10,,41046,27,,,1,50,,41053,27,,,1,10,,41075,27,,,1,10,,41045,27,,,1,10,,41054,27,,,1,10,,41076,27,,,1,10,,41015,27,,,1,50,,41055,27,,,1,10,,41077,27,,,1,10,,41050,27,,,1,10,,41056,27,,,1,10,,41078,27,,,1,9,,41047,27,,,1,50,,41057,27,,,1,10,,41079,27,,,1,12,,41016,27,,,1,10,,41058,27,,,1,10,,41092,27,,,1,10,,41017,27,,,1,50,,41059,27,,,1,10,,41093,27,,,1,10,,41018,27,,,1,10,,41060,27,,,1,10,,41094,27,,,1,10,,41019,27,,,1,50,,41061,27,,,1,10,,41095,27,,,1,10,,41020,27,,,1,10,,41062,27,,,1,10,,41096,27,,,1,10,,41021,27,,,1,50,,41063,27,,,1,10,,41097,27,,,1,10,,41022,27,,,1,10,,41064,27,,,1,10,,41098,27,,,1,10,,41023,27,,,1,50,,41065,27,,,1,10,,41099,27,,,1,10,,41024,27,,,1,10,,41066,27,,,1,10,,41100,27,,,1,11,,41109,16,,,1,3,,41025,27,,,1,51,,41101,27,,,1,10,,41067,27,,,1,10,,41026,27,,,1,10,,41068,27,,,1,10,,41080,27,,,1,10,,41027,27,,,1,50,,41069,27,,,1,10,,41081,27,,,1,10,,41028,27,,,1,10,,41070,27,,,1,10,,41082,27,,,1,10,,41033,27,,,1,50,,41071,27,,,1,10,,41084,27,,,1,10,,41029,27,,,1,10,,41072,27,,,1,10,,41083,27,,,1,10,,41030,27,,,1,50,,41073,27,,,1,8,,41085,27,,,1,8,,41031,27,,,1,10,,41074,27,,,1,9,,41086,27,,,1,9,,41032,27,,,1,55,,41034,27,,,1,15,,41102,27,,,1,15,,41035,27,,,1,15,,41103,27,,,1,55,,41036,27,,,1,15,,41104,27,,,1,15,,41037,27,,,1,15,,41105,27,,,1,55,,41038,27,,,1,15,,41106,27,,,1,15,,41039,27,,,1,15,,41107,27,,,1,55,,41040,27,,,1,13,,41108,27,,,1,13,,41041,27,,,1,83,,41042,27,,,1,30,,41043,27,,,1,75,,41044,27,,,1,30,,41091,27,,,1
