3600,'36-Saturday-10000010',743,,27275,16,4,,1,70,,27287,16,4,,1,30,,27276,16,4,,1,71,,27288,16,4,,1,30,,27277,16,4,,1,70,,27289,16,4,,1,30,,27278,16,4,,1,70,,27290,16,4,,1,30,,27279,16,4,,1,70,,27291,16,4,,1,30,,27280,16,4,,1,70,,27292,16,4,,1,30,,27281,16,4,,1,70,,27293,16,4,,1,30,,27282,16,4,,1,70,,27294,16,4,,1,30,,27283,16,4,,1,70,,27295,16,4,,1,30,,27284,16,4,,1,70,,27296,16,4,,1,30,,27285,16,4,,1,69,,27297,16,4,,1,30,,27286,16,4,,1,70,,27298,16,4,,1,30,,27299,16,4,,1
3600,'36-Sunday-10000001',841,,27300,16,4,,1,70,,27301,16,4,,1,30,,27302,16,4,,1,71,,27303,16,4,,1,31,,27304,16,4,,1,75,,27305,16,4,,1,31,,27306,16,4,,1,70,,27307,16,4,,1,30,,27308,16,4,,1,70,,27309,16,4,,1,30,,27310,16,4,,1,70,,27311,16,4,,1,30,,27312,16,4,,1,70,,27313,16,4,,1,30,,27314,16,4,,1,70,,27315,16,4,,1,30,,27316,16,4,,1,70,,27317,16,4,,1,30,,27318,16,4,,1,64,,27319,16,4,,1,28,,27320,16,4,,1,70,,27321,16,4,,1
3600,'36-Weekday-11111100',628,,27346,16,4,,1,101,,27324,16,4,,1,30,,27323,16,4,,1,70,,27338,16,4,,1,30,,27337,16,4,,1,70,,27336,16,4,,1,30,,27335,16,4,,1,70,,27334,16,4,,1,30,,27333,16,4,,1,70,,27332,16,4,,1,30,,27331,16,4,,1,70,,27330,16,4,,1,30,,27329,16,4,,1,70,,27328,16,4,,1,30,,27327,16,4,,1,70,,27326,16,4,,1,72,,27325,16,4,,1,30,,27345,16,4,,1,70,,27350,16,4,,1,30,,27344,16,4,,1,70,,27343,16,4,,1,30,,27342,16,4,,1,70,,27341,16,4,,1,27,,27340,16,4,,1,30,,27339,16,4,,1,70,,27353,16,4,,1,30,,27348,16,4,,1,70,,27352,16,4,,1,30,,27347,16,4,,1,70,,27322,16,4,,1,30,,27349,16,4,,1,68,,27351,16,4,,1,30,,27354,16,4,,1
3601,'36-Saturday-10000010',715,,27355,1,,,1,30,,27367,1,,,1,70,,27356,1,,,1,30,,27368,1,,,1,70,,27357,1,,,1,30,,27369,1,,,1,70,,27358,1,,,1,30,,27370,1,,,1,70,,27359,1,,,1,30,,27371,1,,,1,70,,27360,1,,,1,30,,27372,1,,,1,70,,27361,1,,,1,30,,27373,1,,,1,70,,27362,1,,,1,30,,27374,1,,,1,70,,27363,1,,,1,30,,27375,1,,,1,70,,27364,1,,,1,30,,27376,1,,,1,70,,27365,1,,,1,30,,27377,1,,,1,70,,27366,1,,,1,30,,27378,1,,,1,70,,27379,1,,,1
3601,'36-Sunday-10000001',815,,27380,1,,,1,30,,27381,1,,,1,70,,27382,1,,,1,30,,27383,1,,,1,70,,27384,1,,,1,35,,27385,1,,,1,70,,27386,1,,,1,30,,27387,1,,,1,70,,27388,1,,,1,30,,27389,1,,,1,70,,27390,1,,,1,30,,27391,1,,,1,70,,27392,1,,,1,30,,27393,1,,,1,70,,27394,1,,,1,30,,27395,1,,,1,70,,27396,1,,,1,30,,27397,1,,,1,70,,27398,1,,,1,25,,27399,1,,,1,70,,27400,1,,,1,30,,27401,1,,,1
3601,'36-Weekday-11111100',700,,27426,1,,,1,30,,27402,1,,,1,70,,27403,1,,,1,30,,27404,1,,,1,70,,27405,1,,,1,30,,27406,1,,,1,70,,27407,1,,,1,30,,27408,1,,,1,70,,27409,1,,,1,30,,27410,1,,,1,70,,27411,1,,,1,30,,27412,1,,,1,70,,27413,1,,,1,30,,27414,1,,,1,70,,27415,1,,,1,30,,27416,1,,,1,70,,27417,1,,,1,30,,27418,1,,,1,70,,27419,1,,,1,30,,27420,1,,,1,70,,27421,1,,,1,30,,27422,1,,,1,70,,27423,1,,,1,30,,27424,1,,,1,70,,27425,1,,,1,30,,27427,1,,,1,70,,27428,1,,,1,30,,27429,1,,,1,70,,27430,1,,,1,30,,27431,1,,,1,70,,27432,1,,,1,30,,27433,1,,,1
5700,'57-Saturday-10000010',700,,28667,1,,,1,100,,28655,1,,,1,100,,28656,1,,,1,100,,28657,1,,,1,100,,28658,1,,,1,100,,28659,1,,,1,100,,28660,1,,,1,100,,28661,1,,,1,100,,28662,1,,,1,100,,28663,1,,,1,100,,28664,1,,,1,100,,28665,1,,,1,100,,28666,1,,,1
5700,'57-Weekday-11111100',630,,28669,1,,,1,70,,28695,1,,,1,30,,28670,1,,,1,70,,28671,1,,,1,30,,28672,1,,,1,70,,28673,1,,,1,30,,28674,1,,,1,70,,28675,1,,,1,30,,28676,1,,,1,70,,28677,1,,,1,30,,28678,1,,,1,70,,28679,1,,,1,30,,28680,1,,,1,70,,28681,1,,,1,30,,28682,1,,,1,70,,28683,1,,,1,35,,28685,1,,,1,70,,28686,1,,,1,30,,28687,1,,,1,70,,28688,1,,,1,30,,28689,1,,,1,70,,28690,1,,,1,30,,28691,1,,,1,70,,28684,1,,,1,25,,28696,1,,,1,70,,28692,1,,,1,30,,28697,1,,,1,70,,28693,1,,,1,30,,28698,1,,,1,70,,28694,1,,,1,30,,28700,1,,,1,70,,28699,1,,,1,30,,28701,1,,,1
5701,'57-Saturday-10000010',752,,28710,19,4,,1,100,,28709,19,4,,1,101,,28703,19,4,,1,100,,28702,19,4,,1,100,,28707,19,4,,1,100,,28706,19,4,,1,100,,28705,19,4,,1,100,,28704,19,4,,1,100,,28708,19,4,,1,100,,28713,19,4,,1,100,,28712,19,4,,1,100,,28711,19,4,,1
5701,'57-Weekday-11111100',652,,28741,19,4,,1,74,,28714,19,4,,1,30,,28715,19,4,,1,70,,28716,19,4,,1,30,,28717,19,4,,1,70,,28718,19,4,,1,28,,28719,19,4,,1,70,,28720,19,4,,1,30,,28721,19,4,,1,70,,28722,19,4,,1,30,,28724,19,4,,1,70,,28723,19,4,,1,30,,28725,19,4,,1,70,,28726,19,4,,1,30,,28727,19,4,,1,70,,28728,19,4,,1,33,,28729,19,4,,1,70,,28731,19,4,,1,30,,28730,19,4,,1,70,,28732,19,4,,1,30,,28733,19,4,,1,70,,28734,19,4,,1,30,,28735,19,4,,1,66,,28736,19,4,,1,30,,28737,19,4,,1,70,,28742,19,4,,1,30,,28738,19,4,,1,70,,28743,19,4,,1,30,,28739,19,4,,1,70,,28745,19,4,,1,30,,28740,19,4,,1,70,,28744,19,4,,1
6100,'61-Saturday-10000010',720,,29119,1,,,1,30,,29120,1,,,1,70,,29121,1,,,1,30,,29122,1,,,1,70,,29123,1,,,1,30,,29124,1,,,1,70,,29126,1,,,1,30,,29125,1,,,1,70,,29105,1,,,1,30,,29106,1,,,1,70,,29107,1,,,1,30,,29108,1,,,1,70,,29109,1,,,1,30,,29110,1,,,1,70,,29111,1,,,1,30,,29112,1,,,1,70,,29113,1,,,1,30,,29114,1,,,1,70,,29115,1,,,1,30,,29116,1,,,1,70,,29117,1,,,1,30,,29118,1,,,1,70,,29096,1,,,1,30,,29097,1,,,1,70,,29098,1,,,1,30,,29099,1,,,1,70,,29100,1,,,1,30,,29101,1,,,1,70,,29102,1,,,1,30,,29127,1,,,1,70,,29103,1,,,1,30,,29104,1,,,1,70,,29128,1,,,1
6100,'61-Sunday-10000001',820,,29134,1,,,1,30,,29133,1,,,1,70,,29132,1,,,1,30,,29131,1,,,1,70,,29130,1,,,1,30,,29129,1,,,1,70,,29143,1,,,1,30,,29142,1,,,1,70,,29141,1,,,1,30,,29140,1,,,1,70,,29139,1,,,1,30,,29138,1,,,1,70,,29137,1,,,1,30,,29136,1,,,1,70,,29135,1,,,1,30,,29157,1,,,1,70,,29155,1,,,1,30,,29156,1,,,1,70,,29154,1,,,1,30,,29153,1,,,1,65,,29152,1,,,1,30,,29151,1,,,1,70,,29150,1,,,1,30,,29148,1,,,1,70,,29147,1,,,1,30,,29146,1,,,1,70,,29145,1,,,1,30,,29144,1,,,1,70,,29149,1,,,1
6100,'61-Weekday-11111100',620,,29170,1,,,1,30,,29171,1,,,1,70,,29178,1,,,1,15,,29192,1,,,1,15,,29179,1,,,1,55,,29193,1,,,1,15,,29175,1,,,1,15,,29194,1,,,1,15,,29172,1,,,1,55,,29195,1,,,1,15,,29174,1,,,1,15,,29196,1,,,1,15,,29173,1,,,1,70,,29180,1,,,1,30,,29158,1,,,1,70,,29181,1,,,1,30,,29182,1,,,1,70,,29159,1,,,1,30,,29160,1,,,1,70,,29161,1,,,1,30,,29205,1,,,1,70,,29162,1,,,1,30,,29163,1,,,1,55,,29197,1,,,1,15,,29164,1,,,1,15,,29198,1,,,1,15,,29165,1,,,1,55,,29199,1,,,1,15,,29166,1,,,1,15,,29200,1,,,1,15,,29167,1,,,1,55,,29201,1,,,1,15,,29168,1,,,1,15,,29202,1,,,1,15,,29169,1,,,1,55,,29203,1,,,1,15,,29177,1,,,1,15,,29204,1,,,1,15,,29176,1,,,1,70,,29190,1,,,1,30,,29189,1,,,1,70,,29188,1,,,1,30,,29187,1,,,1,70,,29186,1,,,1,30,,29206,1,,,1,70,,29185,1,,,1,30,,29184,1,,,1,70,,29183,1,,,1
6101,'61-Saturday-10000010',712,,29259,27,4,,1,30,,29260,27,4,,1,70,,29261,27,4,,1,28,,29270,20,4,,1,2,,29262,27,4,,1,69,,29263,27,4,,1,31,,29264,27,4,,1,70,,29265,27,4,,1,30,,29266,27,4,,1,70,,29269,27,4,,1,30,,29267,27,4,,1,70,,29268,27,4,,1,30,,29239,27,4,,1,70,,29238,27,4,,1,30,,29240,27,4,,1,70,,29237,27,4,,1,30,,29241,27,4,,1,70,,29242,27,4,,1,30,,29243,27,4,,1,70,,29244,27,4,,1,30,,29245,27,4,,1,70,,29246,27,4,,1,30,,29258,27,4,,1,71,,29257,27,4,,1,30,,29256,27,4,,1,70,,29255,27,4,,1,30,,29254,27,4,,1,70,,29253,27,4,,1,30,,29252,27,4,,1,70,,29251,27,4,,1,30,,29250,27,4,,1,70,,29249,27,4,,1,30,,29248,27,4,,1,70,,29247,27,4,,1
6101,'61-Sunday-10000001',840,,29300,27,4,,1,70,,29299,27,4,,1,30,,29298,27,4,,1,71,,29297,27,4,,1,34,,29296,27,4,,1,70,,29295,27,4,,1,30,,29280,27,4,,1,70,,29281,27,4,,1,30,,29282,27,4,,1,70,,29283,27,4,,1,30,,29284,27,4,,1,70,,29285,27,4,,1,30,,29286,27,4,,1,70,,29287,27,4,,1,30,,29288,27,4,,1,70,,29289,27,4,,1,30,,29291,27,4,,1,70,,29292,27,4,,1,30,,29293,27,4,,1,68,,29290,27,4,,1,27,,29294,27,4,,1,70,,29274,27,4,,1,30,,29273,27,4,,1,70,,29279,27,4,,1,30,,29272,27,4,,1,70,,29278,27,4,,1,30,,29277,27,4,,1,70,,29275,27,4,,1,30,,29276,27,4,,1
6101,'61-Weekday-11111100',641,,29324,27,4,,1,69,,29330,27,4,,1,17,,29346,27,4,,1,15,,29331,27,4,,1,15,,29340,27,4,,1,55,,29332,27,4,,1,15,,29345,27,4,,1,15,,29333,27,4,,1,15,,29336,27,4,,1,55,,29334,27,4,,1,15,,29342,27,4,,1,15,,29335,27,4,,1,15,,29339,27,4,,1,55,,29327,27,4,,1,30,,29328,27,4,,1,70,,29329,27,4,,1,30,,29326,27,4,,1,70,,29325,27,4,,1,30,,29303,27,4,,1,70,,29304,27,4,,1,30,,29305,27,4,,1,70,,29306,27,4,,1,32,,29307,27,4,,1,58,,29344,27,4,,1,15,,29308,27,4,,1,15,,29338,27,4,,1,15,,29309,27,4,,1,55,,29347,27,4,,1,15,,29310,27,4,,1,15,,29348,27,4,,1,15,,29311,27,4,,1,55,,29349,27,4,,1,15,,29312,27,4,,1,15,,29337,27,4,,1,15,,29313,27,4,,1,55,,29341,27,4,,1,14,,29314,27,4,,1,11,,29343,27,4,,1,15,,29315,27,4,,1,70,,29316,27,4,,1,15,,29350,27,4,,1,15,,29317,27,4,,1,70,,29318,27,4,,1,30,,29319,27,4,,1,70,,29320,27,4,,1,30,,29351,27,4,,1,70,,29321,27,4,,1,28,,29322,27,4,,1,70,,29323,27,4,,1
7600,'76-Weekday-11111100',645,,29859,1,,,1,70,,29860,1,,,1,30,,29861,1,,,1,70,,29862,1,,,1,30,,29863,1,,,1,70,,29864,1,,,1,30,,29865,1,,,1,470,,29866,1,,,1,30,,29867,1,,,1,70,,29868,1,,,1,30,,29869,1,,,1,70,,29870,1,,,1,30,,29871,1,,,1,70,,29872,1,,,1,30,,29873,1,,,1,70,,29874,1,,,1,30,,29875,1,,,1
7601,'76-Weekday-11111100',643,,29876,13,4,,1,70,,29877,13,4,,1,30,,29878,13,4,,1,70,,29879,13,4,,1,30,,29880,13,4,,1,70,,29881,13,4,,1,29,,29882,13,4,,1,70,,29883,13,4,,1,430,,29884,13,4,,1,71,,29885,13,4,,1,30,,29886,13,4,,1,70,,29887,13,4,,1,30,,29888,13,4,,1,70,,29889,13,4,,1,30,,29890,13,4,,1,70,,29891,13,4,,1,30,,29892,13,4,,1
20300,'203-Weekday-11111100',644,,30742,28,4,,1,69,,30743,28,4,,1,33,,30744,28,4,,1,70,,30745,28,4,,1,30,,30773,28,4,,1,70,,30746,28,4,,1,31,,30770,28,4,,1,573,,30771,28,4,,1,30,,30747,28,4,,1,70,,30748,28,4,,1,30,,30749,28,4,,1,70,,30750,28,4,,1,30,,30751,28,4,,1,68,,30752,28,4,,1
20301,'203-Weekday-11111100',620,,30826,1,,,1,30,,30827,1,,,1,75,,30828,1,,,1,30,,30829,1,,,1,70,,30830,1,,,1,30,,30831,1,,,1,70,,30832,1,,,1,530,,30851,1,,,1,70,,30852,1,,,1,30,,30853,1,,,1,70,,30854,1,,,1,30,,30855,1,,,1,70,,30856,1,,,1,30,,30857,1,,,1
