30200,'302-Holiday1-20000001',815,,42594,7,4,,1,35,,42595,7,4,,1,70,,42596,7,4,,1,30,,42597,7,4,,1,72,,42598,7,4,,1,27,,42599,7,4,,1,70,,42600,7,4,,1,30,,42601,7,4,,1,70,,42602,7,4,,1,30,,42603,7,4,,1,70,,42604,7,4,,1,30,,42605,7,4,,1,70,,42606,7,4,,1,30,,42607,7,4,,1,70,,42608,7,4,,1,30,,42609,7,4,,1,70,,42610,7,4,,1,30,,42611,7,4,,1,70,,42612,7,4,,1,30,,42613,7,4,,1,69,,42614,7,4,,1,33,,42615,7,4,,1,70,,42620,7,4,,1,30,,42622,7,4,,1,70,,42623,7,4,,1,30,,42624,7,4,,1,70,,42625,7,4,,1,30,,42626,7,4,,1,70,,42621,7,4,,1,30,,42619,7,4,,1,70,,42618,7,4,,1,30,,42617,7,4,,1,70,,42616,7,4,,1
30200,'302-Holiday1-21111111',745,,42627,7,4,,1,90,,42628,7,4,,1,70,,42629,7,4,,1,30,,42630,7,4,,1,71,,42631,7,4,,1,28,,42632,7,4,,1,70,,42633,7,4,,1,30,,42634,7,4,,1,70,,42635,7,4,,1,30,,42636,7,4,,1,70,,42637,7,4,,1,30,,42638,7,4,,1,70,,42639,7,4,,1,30,,42640,7,4,,1,70,,42641,7,4,,1,30,,42642,7,4,,1,70,,42643,7,4,,1,30,,42644,7,4,,1,70,,42645,7,4,,1,30,,42646,7,4,,1,70,,42647,7,4,,1,32,,42648,7,4,,1,70,,42649,7,4,,1,30,,42650,7,4,,1,70,,42657,7,4,,1,30,,42651,7,4,,1,70,,42652,7,4,,1,30,,42653,7,4,,1,70,,42654,7,4,,1,30,,42655,7,4,,1,70,,42656,7,4,,1
30200,'302-Saturday-10000010',620,,42718,7,4,,1,15,,42719,7,4,,1,15,,42704,7,4,,1,55,,42720,7,4,,1,15,,42716,7,4,,1,15,,42658,7,4,,1,15,,42717,7,4,,1,55,,42659,7,4,,1,15,,42660,7,4,,1,15,,42661,7,4,,1,15,,42662,7,4,,1,55,,42663,7,4,,1,15,,42664,7,4,,1,15,,42665,7,4,,1,15,,42666,7,4,,1,55,,42667,7,4,,1,15,,42668,7,4,,1,15,,42669,7,4,,1,15,,42670,7,4,,1,55,,42671,7,4,,1,15,,42672,7,4,,1,15,,42673,7,4,,1,15,,42674,7,4,,1,55,,42675,7,4,,1,15,,42676,7,4,,1,15,,42677,7,4,,1,15,,42678,7,4,,1,55,,42679,7,4,,1,15,,42680,7,4,,1,15,,42681,7,4,,1,15,,42682,7,4,,1,55,,42683,7,4,,1,15,,42684,7,4,,1,15,,42685,7,4,,1,15,,42686,7,4,,1,55,,42687,7,4,,1,15,,42688,7,4,,1,15,,42689,7,4,,1,15,,42690,7,4,,1,55,,42691,7,4,,1,15,,42692,7,4,,1,15,,42693,7,4,,1,15,,42694,7,4,,1,55,,42695,7,4,,1,15,,42696,7,4,,1,15,,42697,7,4,,1,15,,42698,7,4,,1,55,,42699,7,4,,1,15,,42700,7,4,,1,15,,42701,7,4,,1,15,,42715,7,4,,1,55,,42702,7,4,,1,15,,42713,7,4,,1,15,,42721,7,4,,1,15,,42714,7,4,,1,55,,42722,7,4,,1,15,,42712,7,4,,1,15,,42723,7,4,,1,15,,42711,7,4,,1,55,,42724,7,4,,1,15,,42710,7,4,,1,15,,42725,7,4,,1,15,,42709,7,4,,1,55,,42726,7,4,,1,15,,42708,7,4,,1,15,,42727,7,4,,1,15,,42707,7,4,,1,55,,42728,7,4,,1,15,,42706,7,4,,1,30,,42705,7,4,,1,70,,42703,7,4,,1
30200,'302-Sunday-20000001',715,,42782,7,4,,1,20,,42792,7,4,,1,15,,42781,7,4,,1,55,,42791,7,4,,1,15,,42729,7,4,,1,15,,42730,7,4,,1,15,,42731,7,4,,1,55,,42732,7,4,,1,15,,42733,7,4,,1,15,,42734,7,4,,1,15,,42735,7,4,,1,56,,42736,7,4,,1,16,,42737,7,4,,1,12,,42738,7,4,,1,15,,42739,7,4,,1,55,,42740,7,4,,1,15,,42741,7,4,,1,15,,42742,7,4,,1,15,,42743,7,4,,1,55,,42744,7,4,,1,15,,42745,7,4,,1,15,,42746,7,4,,1,15,,42747,7,4,,1,55,,42779,7,4,,1,15,,42748,7,4,,1,15,,42749,7,4,,1,15,,42750,7,4,,1,55,,42751,7,4,,1,15,,42752,7,4,,1,15,,42753,7,4,,1,15,,42754,7,4,,1,55,,42755,7,4,,1,15,,42756,7,4,,1,15,,42757,7,4,,1,15,,42758,7,4,,1,55,,42759,7,4,,1,15,,42760,7,4,,1,15,,42761,7,4,,1,15,,42780,7,4,,1,55,,42762,7,4,,1,15,,42763,7,4,,1,15,,42764,7,4,,1,15,,42765,7,4,,1,55,,42770,7,4,,1,14,,42766,7,4,,1,18,,42767,7,4,,1,15,,42768,7,4,,1,55,,42769,7,4,,1,15,,42772,7,4,,1,15,,42783,7,4,,1,15,,42774,7,4,,1,55,,42784,7,4,,1,15,,42775,7,4,,1,15,,42785,7,4,,1,15,,42776,7,4,,1,55,,42786,7,4,,1,15,,42777,7,4,,1,15,,42787,7,4,,1,15,,42778,7,4,,1,55,,42788,7,4,,1,15,,42773,7,4,,1,15,,42789,7,4,,1,15,,42771,7,4,,1,55,,42790,7,4,,1,15,,42795,7,4,,1,30,,42793,7,4,,1,70,,42794,7,4,,1
30200,'302-Weekday-11111100',526,,42883,7,4,,1,30,,42882,7,4,,1,55,,42796,7,4,,1,15,,42884,7,4,,1,15,,42797,7,4,,1,15,,42798,7,4,,1,55,,42799,7,4,,1,13,,42800,7,4,,1,11,,42801,7,4,,1,10,,42802,7,4,,1,10,,42803,7,4,,1,50,,42804,7,4,,1,10,,42805,7,4,,1,10,,42806,7,4,,1,10,,42807,7,4,,1,10,,42875,7,4,,1,10,,42808,7,4,,1,50,,42809,7,4,,1,10,,42810,7,4,,1,10,,42811,7,4,,1,10,,42812,7,4,,1,10,,42813,7,4,,1,9,,42814,7,4,,1,51,,42815,7,4,,1,10,,42816,7,4,,1,10,,42817,7,4,,1,10,,42818,7,4,,1,10,,42819,7,4,,1,10,,42820,7,4,,1,50,,42821,7,4,,1,10,,42822,7,4,,1,10,,42823,7,4,,1,10,,42824,7,4,,1,10,,42825,7,4,,1,10,,42826,7,4,,1,50,,42827,7,4,,1,10,,42828,7,4,,1,10,,42829,7,4,,1,10,,42830,7,4,,1,10,,42831,7,4,,1,10,,42832,7,4,,1,50,,42833,7,4,,1,10,,42834,7,4,,1,10,,42835,7,4,,1,10,,42836,7,4,,1,10,,42837,7,4,,1,10,,42838,7,4,,1,50,,42839,7,4,,1,10,,42840,7,4,,1,10,,42841,7,4,,1,11,,42842,7,4,,1,12,,42843,7,4,,1,52,,42844,7,4,,1,11,,42845,7,4,,1,10,,42846,7,4,,1,10,,42847,7,4,,1,10,,42848,7,4,,1,10,,42849,7,4,,1,50,,42850,7,4,,1,10,,42851,7,4,,1,10,,42852,7,4,,1,10,,42853,7,4,,1,10,,42854,7,4,,1,10,,42855,7,4,,1,50,,42856,7,4,,1,10,,42857,7,4,,1,10,,42858,7,4,,1,10,,42859,7,4,,1,10,,42860,7,4,,1,10,,42861,7,4,,1,50,,42862,7,4,,1,9,,42863,7,4,,1,8,,42881,7,4,,1,8,,42864,7,4,,1,9,,42865,7,4,,1,10,,42866,7,4,,1,10,,42874,7,4,,1,50,,42867,7,4,,1,15,,42868,7,4,,1,15,,42885,7,4,,1,15,,42873,7,4,,1,55,,42886,7,4,,1,15,,42869,7,4,,1,15,,42887,7,4,,1,15,,42880,7,4,,1,55,,42888,7,4,,1,15,,42879,7,4,,1,15,,42889,7,4,,1,15,,42878,7,4,,1,55,,42890,7,4,,1,14,,42876,7,4,,1,13,,42891,7,4,,1,15,,42877,7,4,,1,55,,42892,7,4,,1,15,,42870,7,4,,1,15,,42893,7,4,,1,15,,42871,7,4,,1,55,,42894,7,4,,1,15,,42872,7,4,,1
30201,'302-Holiday1-20000001',800,,42895,1,,,1,30,,42896,1,,,1,70,,42897,1,,,1,30,,42898,1,,,1,70,,42899,1,,,1,30,,42900,1,,,1,70,,42901,1,,,1,30,,42902,1,,,1,70,,42903,1,,,1,30,,42904,1,,,1,70,,42905,1,,,1,30,,42906,1,,,1,70,,42907,1,,,1,30,,42908,1,,,1,70,,42909,1,,,1,30,,42910,1,,,1,70,,42911,1,,,1,30,,42912,1,,,1,70,,42913,1,,,1,30,,42914,1,,,1,70,,42915,1,,,1,30,,42916,1,,,1,70,,42917,1,,,1,30,,42918,1,,,1,70,,42919,1,,,1,30,,42920,1,,,1,70,,42921,1,,,1,30,,42922,1,,,1,70,,42923,1,,,1,30,,42924,1,,,1,70,,42925,1,,,1,30,,42926,1,,,1,70,,42927,1,,,1
30201,'302-Holiday1-21111111',845,,42928,1,,,1,70,,42929,1,,,1,30,,42930,1,,,1,70,,42931,1,,,1,30,,42932,1,,,1,70,,42933,1,,,1,30,,42934,1,,,1,70,,42935,1,,,1,30,,42936,1,,,1,70,,42937,1,,,1,30,,42938,1,,,1,70,,42939,1,,,1,30,,42940,1,,,1,70,,42941,1,,,1,30,,42942,1,,,1,70,,42943,1,,,1,30,,42944,1,,,1,70,,42945,1,,,1,30,,42946,1,,,1,70,,42947,1,,,1,30,,42948,1,,,1,70,,42949,1,,,1,30,,42950,1,,,1,70,,42957,1,,,1,30,,42951,1,,,1,70,,42952,1,,,1,30,,42953,1,,,1,70,,42954,1,,,1,30,,42955,1,,,1,70,,42956,1,,,1
30201,'302-Saturday-10000010',630,,43017,1,,,1,15,,43018,1,,,1,55,,42958,1,,,1,15,,42959,1,,,1,15,,42960,1,,,1,15,,42961,1,,,1,55,,42962,1,,,1,15,,42963,1,,,1,15,,42964,1,,,1,15,,42965,1,,,1,55,,42966,1,,,1,15,,42967,1,,,1,15,,42968,1,,,1,15,,42969,1,,,1,55,,42970,1,,,1,15,,42971,1,,,1,15,,42972,1,,,1,15,,42973,1,,,1,55,,42974,1,,,1,15,,42975,1,,,1,15,,42976,1,,,1,15,,42977,1,,,1,55,,42978,1,,,1,15,,42979,1,,,1,15,,42980,1,,,1,15,,42981,1,,,1,55,,42982,1,,,1,15,,42983,1,,,1,15,,42984,1,,,1,15,,42985,1,,,1,55,,42986,1,,,1,15,,42987,1,,,1,15,,42988,1,,,1,15,,42989,1,,,1,55,,42990,1,,,1,15,,42991,1,,,1,15,,42992,1,,,1,15,,42993,1,,,1,55,,42994,1,,,1,15,,42995,1,,,1,15,,42996,1,,,1,15,,42997,1,,,1,55,,42998,1,,,1,15,,42999,1,,,1,15,,43000,1,,,1,15,,43001,1,,,1,55,,43002,1,,,1,15,,43003,1,,,1,15,,43004,1,,,1,15,,43005,1,,,1,55,,43006,1,,,1,15,,43019,1,,,1,15,,43007,1,,,1,15,,43020,1,,,1,55,,43008,1,,,1,15,,43021,1,,,1,15,,43009,1,,,1,15,,43022,1,,,1,55,,43010,1,,,1,15,,43023,1,,,1,15,,43011,1,,,1,15,,43024,1,,,1,55,,43012,1,,,1,15,,43025,1,,,1,15,,43013,1,,,1,15,,43026,1,,,1,55,,43014,1,,,1,15,,43027,1,,,1,15,,43015,1,,,1,70,,43016,1,,,1
30201,'302-Sunday-20000001',715,,43080,1,,,1,15,,43092,1,,,1,15,,43081,1,,,1,55,,43028,1,,,1,15,,43029,1,,,1,15,,43030,1,,,1,15,,43031,1,,,1,55,,43032,1,,,1,15,,43033,1,,,1,15,,43034,1,,,1,15,,43035,1,,,1,55,,43036,1,,,1,15,,43037,1,,,1,15,,43038,1,,,1,15,,43039,1,,,1,55,,43040,1,,,1,15,,43041,1,,,1,15,,43042,1,,,1,15,,43043,1,,,1,55,,43044,1,,,1,15,,43045,1,,,1,15,,43046,1,,,1,15,,43047,1,,,1,55,,43048,1,,,1,15,,43049,1,,,1,15,,43050,1,,,1,15,,43051,1,,,1,55,,43052,1,,,1,15,,43053,1,,,1,15,,43054,1,,,1,15,,43055,1,,,1,55,,43056,1,,,1,15,,43057,1,,,1,15,,43058,1,,,1,15,,43059,1,,,1,55,,43060,1,,,1,15,,43061,1,,,1,15,,43062,1,,,1,15,,43063,1,,,1,55,,43064,1,,,1,15,,43065,1,,,1,15,,43066,1,,,1,15,,43067,1,,,1,55,,43068,1,,,1,15,,43069,1,,,1,15,,43070,1,,,1,15,,43071,1,,,1,55,,43082,1,,,1,15,,43083,1,,,1,15,,43072,1,,,1,15,,43084,1,,,1,55,,43073,1,,,1,15,,43085,1,,,1,15,,43074,1,,,1,15,,43086,1,,,1,55,,43075,1,,,1,15,,43087,1,,,1,15,,43076,1,,,1,15,,43088,1,,,1,55,,43077,1,,,1,15,,43089,1,,,1,15,,43078,1,,,1,15,,43090,1,,,1,55,,43079,1,,,1,15,,43091,1,,,1,15,,43094,1,,,1,70,,43093,1,,,1
30201,'302-Weekday-11111100',530,,43095,1,,,1,10,,43181,1,,,1,60,,43096,1,,,1,15,,43182,1,,,1,13,,43180,1,0,6 7,1,2,,43097,1,,,1,15,,43098,1,,,1,55,,43099,1,,,1,10,,43100,1,,,1,10,,43101,1,,,1,10,,43102,1,,,1,10,,43103,1,,,1,10,,43104,1,,,1,50,,43105,1,,,1,10,,43106,1,,,1,10,,43107,1,,,1,10,,43108,1,,,1,10,,43109,1,,,1,10,,43110,1,,,1,50,,43111,1,,,1,10,,43112,1,,,1,10,,43113,1,,,1,10,,43114,1,,,1,10,,43115,1,,,1,10,,43116,1,,,1,50,,43117,1,,,1,10,,43118,1,,,1,10,,43119,1,,,1,10,,43120,1,,,1,10,,43121,1,,,1,10,,43122,1,,,1,50,,43123,1,,,1,10,,43124,1,,,1,10,,43125,1,,,1,10,,43126,1,,,1,10,,43127,1,,,1,10,,43128,1,,,1,50,,43129,1,,,1,10,,43130,1,,,1,10,,43131,1,,,1,10,,43132,1,,,1,10,,43133,1,,,1,10,,43134,1,,,1,50,,43135,1,,,1,10,,43136,1,,,1,10,,43137,1,,,1,10,,43138,1,,,1,10,,43139,1,,,1,10,,43140,1,,,1,50,,43141,1,,,1,10,,43142,1,,,1,10,,43143,1,,,1,10,,43144,1,,,1,10,,43145,1,,,1,10,,43146,1,,,1,50,,43147,1,,,1,10,,43148,1,,,1,10,,43149,1,,,1,10,,43150,1,,,1,10,,43151,1,,,1,10,,43152,1,,,1,50,,43153,1,,,1,10,,43154,1,,,1,10,,43155,1,,,1,10,,43156,1,,,1,10,,43157,1,,,1,10,,43158,1,,,1,50,,43159,1,,,1,10,,43160,1,,,1,10,,43161,1,,,1,10,,43162,1,,,1,10,,43163,1,,,1,10,,43164,1,,,1,50,,43165,1,,,1,10,,43166,1,,,1,10,,43167,1,,,1,10,,43168,1,,,1,15,,43193,1,,,1,55,,43169,1,,,1,15,,43183,1,,,1,15,,43170,1,,,1,15,,43184,1,,,1,55,,43179,1,,,1,15,,43185,1,,,1,15,,43171,1,,,1,15,,43186,1,,,1,55,,43172,1,,,1,15,,43187,1,,,1,15,,43173,1,,,1,15,,43188,1,,,1,55,,43174,1,,,1,15,,43189,1,,,1,15,,43175,1,,,1,15,,43190,1,,,1,55,,43176,1,,,1,15,,43191,1,,,1,15,,43177,1,,,1,70,,43178,1,,,1,30,,43192,1,,,1
