601,'6-Holiday1-10000001',802,,33376,1,,,1,99,,33360,28,,,1,100,,33361,28,,,1,101,,33362,28,,,1,100,,33363,28,,,1,100,,33364,28,,,1,100,,33365,28,,,1,100,,33366,28,,,1,100,,33367,28,,,1,100,,33368,28,,,1,100,,33369,28,,,1,99,,33370,28,,,1,100,,33371,28,,,1,100,,33372,28,,,1,100,,33373,28,,,1,100,,33374,28,,,1,100,,33375,28,,,1
601,'6-Saturday-10000010',611,,33413,23,,,1,30,,33377,28,,,1,70,,33378,28,,,1,30,,33379,28,,,1,70,,33380,28,,,1,30,,33381,28,,,1,70,,33382,28,,,1,31,,33383,28,,,1,70,,33384,28,,,1,30,,33385,28,,,1,70,,33386,28,,,1,30,,33387,28,,,1,70,,33388,28,,,1,30,,33389,28,,,1,70,,33390,28,,,1,30,,33391,28,,,1,70,,33392,28,,,1,30,,33393,28,,,1,70,,33394,28,,,1,30,,33395,28,,,1,70,,33396,28,,,1,30,,33397,28,,,1,70,,33398,28,,,1,30,,33399,28,,,1,70,,33400,28,,,1,29,,33401,28,,,1,70,,33402,28,,,1,30,,33403,28,,,1,70,,33404,28,,,1,30,,33405,28,,,1,70,,33406,28,,,1,30,,33407,28,,,1,70,,33408,28,,,1,30,,33409,28,,,1,70,,33410,28,,,1,30,,33411,28,,,1,70,,33412,28,,,1
601,'6-Sunday-10000001',802,,33446,1,,,1,29,,33414,28,,,1,70,,33415,28,,,1,30,,33416,28,,,1,70,,33417,28,,,1,31,,33418,28,,,1,70,,33419,28,,,1,30,,33420,28,,,1,70,,33421,28,,,1,30,,33422,28,,,1,70,,33423,28,,,1,30,,33424,28,,,1,70,,33425,28,,,1,30,,33426,28,,,1,70,,33427,28,,,1,30,,33428,28,,,1,70,,33429,28,,,1,30,,33430,28,,,1,70,,33431,28,,,1,30,,33432,28,,,1,70,,33433,28,,,1,29,,33434,28,,,1,70,,33435,28,,,1,30,,33436,28,,,1,70,,33437,28,,,1,30,,33438,28,,,1,70,,33439,28,,,1,30,,33440,28,,,1,70,,33441,28,,,1,30,,33442,28,,,1,70,,33443,28,,,1,30,,33444,28,,,1,70,,33445,28,,,1
601,'6-Weekday-11111100',515,,33485,23,,,1,30,,33483,23,,,1,70,,33447,28,,,1,30,,33448,28,,,1,72,,33449,28,,,1,31,,33450,28,,,1,70,,33451,28,,,1,30,,33452,28,,,1,70,,33453,28,,,1,30,,33454,28,,,1,70,,33455,28,,,1,30,,33456,28,,,1,70,,33457,28,,,1,30,,33458,28,,,1,70,,33459,28,,,1,30,,33460,28,,,1,70,,33461,28,,,1,30,,33462,28,,,1,70,,33463,28,,,1,32,,33464,28,,,1,67,,33486,28,,,1,20,,33465,28,,,1,70,,33466,28,,,1,30,,33467,28,,,1,70,,33468,28,,,1,30,,33469,28,,,1,69,,33470,28,,,1,25,,33471,28,,,1,15,,33472,28,,,1,70,,33473,28,,,1,30,,33474,28,,,1,70,,33475,28,,,1,30,,33476,28,,,1,70,,33477,28,,,1,30,,33478,28,,,1,70,,33479,28,,,1,29,,33480,28,,,1,70,,33481,28,,,1,25,,33482,28,,,1,70,,33484,28,,,1
801,'8-Holiday1-10000001',726,,34178,1,,,1,29,,34177,15,,,1,71,,34145,15,,,1,30,,34146,15,,,1,70,,34147,15,,,1,30,,34148,15,,,1,74,,34149,15,,,1,70,,34150,15,,,1,30,,34151,15,,,1,70,,34152,15,,,1,30,,34153,15,,,1,70,,34154,15,,,1,30,,34155,15,,,1,70,,34156,15,,,1,30,,34157,15,,,1,70,,34158,15,,,1,30,,34159,15,,,1,70,,34160,15,,,1,30,,34161,15,,,1,70,,34162,15,,,1,30,,34163,15,,,1,70,,34164,15,,,1,26,,34165,15,,,1,30,,34166,15,,,1,70,,34167,15,,,1,30,,34168,15,,,1,70,,34169,15,,,1,30,,34170,15,,,1,70,,34171,15,,,1,30,,34172,15,,,1,70,,34173,15,,,1,30,,34174,15,,,1,70,,34175,15,,,1,30,,34176,15,,,1
801,'8-Saturday-10000010',627,,34213,15,,,1,30,,34214,15,,,1,69,,34179,15,,,1,30,,34180,15,,,1,70,,34181,15,,,1,30,,34182,15,,,1,73,,34183,15,,,1,71,,34184,15,,,1,30,,34185,15,,,1,70,,34186,15,,,1,30,,34187,15,,,1,70,,34188,15,,,1,30,,34189,15,,,1,70,,34190,15,,,1,30,,34191,15,,,1,70,,34192,15,,,1,30,,34193,15,,,1,70,,34194,15,,,1,30,,34195,15,,,1,70,,34196,15,,,1,30,,34197,15,,,1,70,,34198,15,,,1,30,,34199,15,,,1,70,,34200,15,,,1,28,,34201,15,,,1,30,,34202,15,,,1,70,,34203,15,,,1,30,,34204,15,,,1,70,,34205,15,,,1,30,,34206,15,,,1,70,,34207,15,,,1,30,,34208,15,,,1,68,,34209,15,,,1,30,,34210,15,,,1,70,,34211,15,,,1,30,,34212,15,,,1
801,'8-Sunday-10000001',726,,34248,15,,,1,29,,34247,15,,,1,71,,34215,15,,,1,30,,34216,15,,,1,70,,34217,15,,,1,30,,34218,15,,,1,74,,34219,15,,,1,70,,34220,15,,,1,30,,34221,15,,,1,70,,34222,15,,,1,30,,34223,15,,,1,70,,34224,15,,,1,30,,34225,15,,,1,70,,34226,15,,,1,30,,34227,15,,,1,70,,34228,15,,,1,30,,34229,15,,,1,70,,34230,15,,,1,30,,34231,15,,,1,70,,34232,15,,,1,30,,34233,15,,,1,70,,34234,15,,,1,26,,34235,15,,,1,30,,34236,15,,,1,70,,34237,15,,,1,30,,34238,15,,,1,70,,34239,15,,,1,30,,34240,15,,,1,70,,34241,15,,,1,30,,34242,15,,,1,70,,34243,15,,,1,30,,34244,15,,,1,70,,34245,15,,,1,30,,34246,15,,,1
801,'8-Weekday-11111100',538,,34301,1,,,1,70,,34300,15,,,1,20,,34249,15,,,1,10,,34297,1,,,1,18,,34250,15,,,1,58,,34251,15,,,1,4,,34252,15,,,1,13,,34253,15,,,1,18,,34254,15,,,1,55,,34255,15,,,1,15,,34256,15,,,1,15,,34257,15,,,1,15,,34258,15,,,1,55,,34259,15,,,1,15,,34260,15,,,1,15,,34261,15,,,1,15,,34262,15,,,1,54,,34302,15,,,1,14,,34263,15,,,1,14,,34264,15,,,1,15,,34304,15,,,1,55,,34265,15,,,1,15,,34305,15,,,1,15,,34266,15,,,1,15,,34306,15,,,1,55,,34267,15,,,1,15,,34307,15,,,1,15,,34268,15,,,1,15,,34308,15,,,1,55,,34269,15,,,1,15,,34309,15,,,1,15,,34270,15,,,1,15,,34310,15,,,1,55,,34271,15,,,1,15,,34311,15,,,1,15,,34272,15,,,1,17,,34273,15,,,1,55,,34298,15,,,1,16,,34274,15,,,1,17,,34299,15,,,1,15,,34275,15,,,1,55,,34276,15,,,1,15,,34277,15,,,1,15,,34278,15,,,1,15,,34279,15,,,1,55,,34280,15,,,1,15,,34281,15,,,1,15,,34282,15,,,1,15,,34283,15,,,1,54,,34284,15,,,1,14,,34285,15,,,1,14,,34303,15,,,1,14,,34312,15,,,1,54,,34286,15,,,1,15,,34313,15,,,1,15,,34287,15,,,1,15,,34314,15,,,1,55,,34288,15,,,1,15,,34315,15,,,1,15,,34289,15,,,1,15,,34316,15,,,1,55,,34290,15,,,1,15,,34317,15,,,1,15,,34291,15,,,1,70,,34292,15,,,1,28,,34293,15,,,1,26,,34294,15,,,1,70,,34295,15,,,1,30,,34296,15,,,1
2001,'20-Holiday1-10000001',807,,36179,23,,,1,30,,36180,23,,,1,70,,36181,23,,,1,30,,36182,23,,,1,70,,36183,23,,,1,31,,36184,23,,,1,70,,36185,23,,,1,30,,36186,23,,,1,70,,36187,23,,,1,30,,36188,23,,,1,70,,36189,23,,,1,30,,36190,23,,,1,70,,36191,23,,,1,30,,36192,23,,,1,70,,36193,23,,,1,30,,36194,23,,,1,70,,36195,23,,,1,30,,36196,23,,,1,70,,36197,23,,,1,30,,36198,23,,,1,70,,36199,23,,,1,29,,36200,23,,,1,70,,36201,23,,,1,30,,36202,23,,,1,70,,36203,23,,,1,30,,36204,23,,,1,70,,36205,23,,,1,30,,36206,23,,,1,70,,36207,23,,,1,30,,36208,23,,,1,70,,36209,23,,,1,30,,36210,23,,,1
2001,'20-Saturday-10000010',642,,36211,23,,,1,70,,36212,23,,,1,30,,36213,23,,,1,70,,36214,23,,,1,30,,36215,23,,,1,72,,36216,23,,,1,30,,36217,23,,,1,70,,36218,23,,,1,30,,36219,23,,,1,70,,36220,23,,,1,30,,36221,23,,,1,70,,36222,23,,,1,30,,36223,23,,,1,70,,36224,23,,,1,30,,36225,23,,,1,70,,36226,23,,,1,30,,36227,23,,,1,70,,36228,23,,,1,30,,36229,23,,,1,70,,36230,23,,,1,30,,36231,23,,,1,70,,36232,23,,,1,30,,36233,23,,,1,68,,36234,23,,,1,30,,36235,23,,,1,70,,36236,23,,,1,30,,36237,23,,,1,70,,36238,23,,,1,30,,36239,23,,,1,70,,36240,23,,,1,30,,36241,23,,,1,70,,36242,23,,,1,30,,36243,23,,,1,70,,36244,23,,,1,30,,36245,23,,,1,70,,36246,23,,,1
2001,'20-Sunday-20000001',802,,36247,23,,,1,30,,36248,23,,,1,80,,36249,23,,,1,30,,36250,23,,,1,70,,36251,23,,,1,30,,36252,23,,,1,70,,36253,23,,,1,30,,36254,23,,,1,70,,36255,23,,,1,30,,36256,23,,,1,70,,36257,23,,,1,30,,36258,23,,,1,70,,36259,23,,,1,30,,36260,23,,,1,70,,36261,23,,,1,30,,36262,23,,,1,70,,36263,23,,,1,30,,36264,23,,,1,70,,36265,23,,,1,30,,36266,23,,,1,70,,36267,23,,,1,30,,36268,23,,,1,70,,36269,23,,,1,20,,36270,23,,,1,70,,36271,23,,,1,30,,36272,23,,,1,70,,36273,23,,,1,30,,36274,23,,,1,70,,36275,23,,,1,30,,36276,23,,,1,70,,36277,23,,,1,30,,36278,23,,,1
2001,'20-Weekday-11111100',609,,36279,23,,,1,30,,36280,23,,,1,72,,36281,23,,,1,14,,36282,23,,,1,30,,36283,23,,,1,70,,36284,23,,,1,30,,36285,23,,,1,70,,36286,23,,,1,31,,36287,23,,,1,70,,36288,23,,,1,30,,36314,23,,,1,70,,36289,23,,,1,30,,36290,23,,,1,70,,36291,23,,,1,30,,36292,23,,,1,70,,36293,23,,,1,30,,36294,23,,,1,70,,36295,23,,,1,31,,36296,23,,,1,60,,36297,23,,,1,30,,36298,23,,,1,70,,36299,23,,,1,30,,36300,23,,,1,70,,36301,23,,,1,30,,36302,23,,,1,69,,36303,23,,,1,39,,36316,23,,,1,70,,36304,23,,,1,30,,36315,23,,,1,70,,36305,23,,,1,30,,36306,23,,,1,70,,36307,23,,,1,30,,36308,23,,,1,67,,36309,23,,,1,20,,36310,23,,,1,70,,36311,23,,,1,30,,36312,23,,,1,70,,36313,23,,,1
3401,'34-Weekday-11111100',726,,37975,15,4,,1,30,,37974,15,4,,1,70,,37978,15,4,,1,30,,37977,15,4,,1,70,,37976,15,4,,1,600,,37984,15,4,,1,30,,37983,15,4,,1,70,,37982,15,4,,1,30,,37981,15,4,,1,70,,37980,15,4,,1,30,,37979,15,4,,1,568,,37985,15,4,,1
3501,'35-Weekday-11111100',726,,37998,1,,,1,30,,37999,1,,,1,70,,38000,1,,,1,30,,38001,1,,,1,70,,38002,1,,,1,531,,38003,1,,,1,70,,38004,1,,,1,30,,38005,1,,,1,70,,38006,1,,,1,30,,38007,1,,,1,70,,38008,1,,,1,30,,38009,1,,,1,567,,38010,1,,,1
20401,'204-Holiday1-10000001',739,,41791,12,,,1,70,,41792,12,,,1,30,,41793,12,,,1,70,,41794,12,,,1,30,,41795,12,,,1,70,,41790,12,,,1,30,,41796,12,,,1,70,,41797,12,,,1,30,,41798,12,,,1,70,,41799,12,,,1,30,,41800,12,,,1,70,,41801,12,,,1,30,,41802,12,,,1,70,,41803,12,,,1,30,,41804,12,,,1,70,,41805,12,,,1,30,,41806,12,,,1,70,,41807,12,,,1,30,,41808,12,,,1,70,,41809,12,,,1,30,,41810,12,,,1,70,,41811,12,,,1,30,,41812,12,,,1,70,,41813,12,,,1,30,,41814,12,,,1,70,,41815,12,,,1,30,,41816,12,,,1,70,,41817,12,,,1,30,,41818,12,,,1,70,,41819,12,,,1,30,,41820,12,,,1,70,,41821,12,,,1,30,,41822,12,,,1
20401,'204-Saturday-10000010',637,,41857,12,,,1,70,,41823,12,,,1,30,,41824,12,,,1,70,,41825,12,,,1,30,,41826,12,,,1,71,,41827,12,,,1,33,,41828,12,,,1,70,,41856,12,,,1,30,,41829,12,,,1,70,,41830,12,,,1,30,,41831,12,,,1,70,,41832,12,,,1,30,,41833,12,,,1,70,,41834,12,,,1,30,,41835,12,,,1,70,,41836,12,,,1,30,,41837,12,,,1,70,,41838,12,,,1,30,,41839,12,,,1,70,,41840,12,,,1,30,,41841,12,,,1,70,,41842,12,,,1,30,,41843,12,,,1,69,,41844,12,,,1,28,,41845,12,,,1,70,,41846,12,,,1,30,,41847,12,,,1,70,,41848,12,,,1,30,,41849,12,,,1,70,,41850,12,,,1,30,,41851,12,,,1,70,,41852,12,,,1,30,,41853,12,,,1,70,,41854,12,,,1,30,,41855,12,,,1
20401,'204-Sunday-10000001',737,,41859,12,,,1,70,,41860,12,,,1,30,,41861,12,,,1,70,,41862,12,,,1,30,,41863,12,,,1,70,,41858,12,,,1,33,,41864,12,,,1,70,,41865,12,,,1,30,,41866,12,,,1,70,,41867,12,,,1,30,,41868,12,,,1,70,,41869,12,,,1,30,,41870,12,,,1,70,,41871,12,,,1,30,,41872,12,,,1,70,,41873,12,,,1,30,,41874,12,,,1,70,,41875,12,,,1,30,,41876,12,,,1,70,,41877,12,,,1,30,,41878,12,,,1,70,,41879,12,,,1,27,,41880,12,,,1,70,,41881,12,,,1,30,,41882,12,,,1,70,,41883,12,,,1,30,,41884,12,,,1,70,,41885,12,,,1,30,,41886,12,,,1,70,,41887,12,,,1,30,,41888,12,,,1,70,,41889,12,,,1,30,,41890,12,,,1
20401,'204-Weekday-11111100',605,,41948,12,,,1,31,,41942,12,,,1,70,,41891,12,,,1,16,,41949,12,,,1,15,,41943,12,,,1,15,,41892,12,,,1,55,,41944,12,,,1,15,,41893,12,,,1,15,,41894,12,,,1,15,,41895,12,,,1,55,,41896,12,,,1,15,,41897,12,,,1,15,,41898,12,,,1,15,,41899,12,,,1,59,,41900,12,,,1,15,,41901,12,,,1,15,,41902,12,,,1,15,,41903,12,,,1,55,,41904,12,,,1,15,,41905,12,,,1,15,,41906,12,,,1,15,,41907,12,,,1,55,,41908,12,,,1,15,,41909,12,,,1,15,,41910,12,,,1,15,,41911,12,,,1,55,,41912,12,,,1,15,,41913,12,,,1,15,,41914,12,,,1,15,,41915,12,,,1,55,,41916,12,,,1,15,,41917,12,,,1,16,,41918,12,,,1,16,,41919,12,,,1,50,,41947,12,,,1,13,,41920,12,,,1,20,,41921,12,,,1,15,,41922,12,,,1,55,,41923,12,,,1,15,,41924,12,,,1,15,,41925,12,,,1,15,,41926,12,,,1,55,,41927,12,,,1,15,,41928,12,,,1,15,,41946,12,,,1,15,,41929,12,,,1,54,,41930,12,,,1,14,,41931,12,,,1,13,,41950,12,4,,1,14,,41945,12,,,1,50,,41932,12,,,1,40,,41933,12,,,1,70,,41934,12,,,1,30,,41935,12,,,1,70,,41936,12,,,1,30,,41937,12,,,1,69,,41938,12,,,1,28,,41939,12,,,1,70,,41940,12,,,1,30,,41941,12,,,1
