600,'6-Holiday1-10000001',745,,33234,1,,,1,100,,33235,1,,,1,100,,33236,1,,,1,100,,33237,1,,,1,100,,33238,1,,,1,100,,33239,1,,,1,100,,33240,1,,,1,100,,33241,1,,,1,100,,33242,1,,,1,100,,33243,1,,,1,100,,33244,1,,,1,100,,33245,1,,,1,100,,33246,1,,,1,100,,33247,1,,,1,100,,33248,1,,,1,100,,33249,1,,,1,100,,33250,1,,,1
600,'6-Saturday-10000010',615,,33252,1,,,1,30,,33253,1,,,1,70,,33254,1,,,1,30,,33255,1,,,1,70,,33256,1,,,1,30,,33257,1,,,1,70,,33258,1,,,1,30,,33259,1,,,1,70,,33260,1,,,1,30,,33261,1,,,1,70,,33262,1,,,1,30,,33263,1,,,1,70,,33264,1,,,1,30,,33265,1,,,1,70,,33266,1,,,1,30,,33267,1,,,1,70,,33268,1,,,1,30,,33269,1,,,1,70,,33270,1,,,1,30,,33271,1,,,1,70,,33272,1,,,1,30,,33273,1,,,1,70,,33274,1,,,1,30,,33275,1,,,1,70,,33276,1,,,1,30,,33277,1,,,1,70,,33278,1,,,1,30,,33279,1,,,1,70,,33280,1,,,1,30,,33281,1,,,1,70,,33282,1,,,1,30,,33283,1,,,1,70,,33284,1,,,1,30,,33285,1,,,1,70,,33286,1,,,1,30,,33287,1,,,1,70,,33288,1,,,1
600,'6-Sunday-10000001',745,,33289,1,,,1,70,,33290,1,,,1,30,,33291,1,,,1,70,,33292,1,,,1,30,,33293,1,,,1,70,,33294,1,,,1,30,,33295,1,,,1,70,,33296,1,,,1,30,,33297,1,,,1,70,,33298,1,,,1,30,,33299,1,,,1,70,,33300,1,,,1,30,,33301,1,,,1,70,,33302,1,,,1,30,,33303,1,,,1,70,,33304,1,,,1,30,,33305,1,,,1,70,,33306,1,,,1,30,,33307,1,,,1,70,,33308,1,,,1,30,,33309,1,,,1,70,,33310,1,,,1,30,,33311,1,,,1,70,,33312,1,,,1,30,,33313,1,,,1,70,,33314,1,,,1,30,,33315,1,,,1,70,,33316,1,,,1,30,,33317,1,,,1,70,,33318,1,,,1,30,,33319,1,,,1,70,,33320,1,,,1,30,,33321,1,,,1
600,'6-Weekday-11111100',545,,33357,1,,,1,70,,33322,1,,,1,30,,33323,1,,,1,70,,33324,1,,,1,30,,33325,1,,,1,70,,33326,1,,,1,30,,33327,1,,,1,70,,33328,1,,,1,30,,33329,1,,,1,70,,33330,1,,,1,30,,33331,1,,,1,70,,33332,1,,,1,30,,33333,1,,,1,70,,33334,1,,,1,30,,33335,1,,,1,70,,33336,1,,,1,30,,33337,1,,,1,70,,33338,1,,,1,30,,33339,1,,,1,70,,33340,1,,,1,30,,33341,1,,,1,70,,33342,1,,,1,30,,33343,1,,,1,70,,33344,1,,,1,30,,33345,1,,,1,70,,33346,1,,,1,30,,33347,1,,,1,70,,33348,1,,,1,30,,33349,1,,,1,70,,33350,1,,,1,30,,33351,1,,,1,70,,33352,1,,,1,30,,33353,1,,,1,70,,33354,1,,,1,30,,33355,1,,,1,70,,33356,1,,,1,30,,33358,1,,,1
601,'6-Holiday1-10000001',822,,33376,21,4,,1,99,,33360,48,4,,1,100,,33361,48,4,,1,101,,33362,48,4,,1,100,,33363,48,4,,1,100,,33364,48,4,,1,100,,33365,48,4,,1,100,,33366,48,4,,1,100,,33367,48,4,,1,100,,33368,48,4,,1,100,,33369,48,4,,1,99,,33370,48,4,,1,100,,33371,48,4,,1,100,,33372,48,4,,1,100,,33373,48,4,,1,100,,33374,48,4,,1,100,,33375,48,4,,1
601,'6-Saturday-10000010',631,,33413,43,4,,1,70,,33377,48,4,,1,30,,33378,48,4,,1,70,,33379,48,4,,1,30,,33380,48,4,,1,70,,33381,48,4,,1,32,,33382,48,4,,1,71,,33383,48,4,,1,30,,33384,48,4,,1,70,,33385,48,4,,1,30,,33386,48,4,,1,70,,33387,48,4,,1,30,,33388,48,4,,1,70,,33389,48,4,,1,30,,33390,48,4,,1,70,,33391,48,4,,1,30,,33392,48,4,,1,70,,33393,48,4,,1,30,,33394,48,4,,1,70,,33395,48,4,,1,30,,33396,48,4,,1,70,,33397,48,4,,1,30,,33398,48,4,,1,70,,33399,48,4,,1,28,,33400,48,4,,1,69,,33401,48,4,,1,30,,33402,48,4,,1,70,,33403,48,4,,1,30,,33404,48,4,,1,70,,33405,48,4,,1,30,,33406,48,4,,1,70,,33407,48,4,,1,30,,33408,48,4,,1,70,,33409,48,4,,1,30,,33410,48,4,,1,70,,33411,48,4,,1,30,,33412,48,4,,1
601,'6-Sunday-10000001',822,,33446,21,4,,1,29,,33414,48,4,,1,70,,33415,48,4,,1,30,,33416,48,4,,1,70,,33417,48,4,,1,31,,33418,48,4,,1,70,,33419,48,4,,1,30,,33420,48,4,,1,70,,33421,48,4,,1,30,,33422,48,4,,1,70,,33423,48,4,,1,30,,33424,48,4,,1,70,,33425,48,4,,1,30,,33426,48,4,,1,70,,33427,48,4,,1,30,,33428,48,4,,1,70,,33429,48,4,,1,30,,33430,48,4,,1,70,,33431,48,4,,1,30,,33432,48,4,,1,70,,33433,48,4,,1,29,,33434,48,4,,1,70,,33435,48,4,,1,30,,33436,48,4,,1,70,,33437,48,4,,1,30,,33438,48,4,,1,70,,33439,48,4,,1,30,,33440,48,4,,1,70,,33441,48,4,,1,30,,33442,48,4,,1,70,,33443,48,4,,1,30,,33444,48,4,,1,70,,33445,48,4,,1
601,'6-Weekday-11111100',535,,33485,43,4,,1,70,,33483,43,4,,1,30,,33447,48,4,,1,70,,33448,48,4,,1,34,,33449,48,4,,1,71,,33450,48,4,,1,30,,33451,48,4,,1,70,,33452,48,4,,1,31,,33453,48,4,,1,69,,33454,48,4,,1,30,,33455,48,4,,1,70,,33456,48,4,,1,30,,33457,48,4,,1,70,,33458,48,4,,1,30,,33459,48,4,,1,70,,33460,48,4,,1,30,,33461,48,4,,1,70,,33462,48,4,,1,31,,33463,48,4,,1,74,,33464,48,4,,1,27,,33486,48,4,,1,60,,33465,48,4,,1,30,,33466,48,4,,1,70,,33467,48,4,,1,30,,33468,48,4,,1,70,,33469,48,4,,1,25,,33470,48,4,,1,25,,33471,48,4,,1,55,,33472,48,4,,1,30,,33473,48,4,,1,70,,33474,48,4,,1,30,,33475,48,4,,1,70,,33476,48,4,,1,30,,33477,48,4,,1,70,,33478,48,4,,1,30,,33479,48,4,,1,69,,33480,48,4,,1,30,,33481,48,4,,1,65,,33482,48,4,,1,30,,33484,48,4,,1
2800,'28-Holiday1-10000001',830,,37092,1,,,1,100,,37093,1,,,1,100,,37094,1,,,1,100,,37095,1,,,1,100,,37096,1,,,1,100,,37097,1,,,1,100,,37098,1,,,1,100,,37099,1,,,1,100,,37100,1,,,1,100,,37101,1,,,1,100,,37102,1,,,1,100,,37103,1,,,1,100,,37104,1,,,1,100,,37105,1,,,1,100,,37106,1,,,1,100,,37107,1,,,1
2800,'28-Saturday-10000010',710,,37108,1,,,1,35,,37109,1,,,1,75,,37110,1,,,1,35,,37111,1,,,1,75,,37112,1,,,1,75,,37113,1,,,1,35,,37114,1,,,1,75,,37115,1,,,1,35,,37116,1,,,1,75,,37117,1,,,1,75,,37118,1,,,1,35,,37119,1,,,1,75,,37120,1,,,1,35,,37121,1,,,1,75,,37122,1,,,1,35,,37123,1,,,1,75,,37124,1,,,1,75,,37125,1,,,1,35,,37126,1,,,1,75,,37127,1,,,1,35,,37128,1,,,1,75,,37129,1,,,1,75,,37130,1,,,1,35,,37131,1,,,1,75,,37132,1,,,1,35,,37133,1,,,1,75,,37134,1,,,1
2800,'28-Sunday-10000001',710,,37135,1,,,1,35,,37136,1,,,1,75,,37137,1,,,1,35,,37138,1,,,1,75,,37139,1,,,1,75,,37140,1,,,1,35,,37141,1,,,1,75,,37142,1,,,1,35,,37143,1,,,1,75,,37144,1,,,1,75,,37145,1,,,1,35,,37146,1,,,1,75,,37147,1,,,1,35,,37148,1,,,1,75,,37149,1,,,1,35,,37150,1,,,1,75,,37151,1,,,1,75,,37152,1,,,1,35,,37153,1,,,1,75,,37154,1,,,1,35,,37155,1,,,1,75,,37156,1,,,1,75,,37157,1,,,1,35,,37158,1,,,1,75,,37159,1,,,1,35,,37160,1,,,1,75,,37161,1,,,1
2800,'28-Weekday-11111100',635,,37162,1,,,1,75,,37163,1,,,1,35,,37164,1,,,1,75,,37165,1,,,1,35,,37166,1,,,1,75,,37167,1,,,1,75,,37168,1,,,1,35,,37169,1,,,1,75,,37170,1,,,1,35,,37171,1,,,1,75,,37172,1,,,1,75,,37173,1,,,1,35,,37174,1,,,1,75,,37175,1,,,1,35,,37176,1,,,1,75,,37177,1,,,1,35,,37178,1,,,1,75,,37179,1,,,1,75,,37180,1,,,1,35,,37181,1,,,1,75,,37182,1,,,1,35,,37183,1,,,1,75,,37184,1,,,1,75,,37185,1,,,1,35,,37186,1,,,1,75,,37187,1,,,1,35,,37188,1,,,1,75,,37189,1,,,1,35,,37190,1,,,1
2801,'28-Holiday1-10000001',855,,37191,19,4,,1,100,,37192,19,4,,1,102,,37193,19,4,,1,100,,37194,19,4,,1,100,,37195,19,4,,1,100,,37196,19,4,,1,100,,37197,19,4,,1,100,,37198,19,4,,1,100,,37199,19,4,,1,100,,37200,19,4,,1,100,,37201,19,4,,1,100,,37202,19,4,,1,100,,37203,19,4,,1,100,,37204,19,4,,1,100,,37205,19,4,,1
2801,'28-Saturday-10000010',740,,37206,19,4,,1,75,,37207,19,4,,1,35,,37208,19,4,,1,76,,37209,19,4,,1,75,,37210,19,4,,1,35,,37211,19,4,,1,75,,37212,19,4,,1,35,,37213,19,4,,1,75,,37214,19,4,,1,35,,37215,19,4,,1,75,,37216,19,4,,1,75,,37217,19,4,,1,35,,37218,19,4,,1,75,,37219,19,4,,1,35,,37220,19,4,,1,75,,37221,19,4,,1,75,,37222,19,4,,1,35,,37223,19,4,,1,75,,37224,19,4,,1,33,,37225,19,4,,1,75,,37226,19,4,,1,35,,37227,19,4,,1,75,,37228,19,4,,1,75,,37229,19,4,,1,35,,37230,19,4,,1,76,,37231,19,4,,1,32,,37232,19,4,,1
2801,'28-Sunday-10000001',736,,37233,19,4,,1,75,,37234,19,4,,1,35,,37235,19,4,,1,75,,37236,19,4,,1,35,,37237,19,4,,1,77,,37238,19,4,,1,75,,37239,19,4,,1,35,,37240,19,4,,1,75,,37241,19,4,,1,35,,37242,19,4,,1,75,,37243,19,4,,1,75,,37244,19,4,,1,35,,37245,19,4,,1,75,,37246,19,4,,1,35,,37247,19,4,,1,75,,37248,19,4,,1,35,,37249,19,4,,1,75,,37250,19,4,,1,75,,37251,19,4,,1,35,,37252,19,4,,1,75,,37253,19,4,,1,35,,37254,19,4,,1,75,,37255,19,4,,1,75,,37256,19,4,,1,35,,37257,19,4,,1,75,,37258,19,4,,1,35,,37259,19,4,,1
2801,'28-Weekday-11111100',703,,37260,19,4,,1,37,,37261,19,4,,1,75,,37262,19,4,,1,35,,37263,19,4,,1,75,,37264,19,4,,1,76,,37265,19,4,,1,35,,37266,19,4,,1,75,,37267,19,4,,1,35,,37268,19,4,,1,75,,37269,19,4,,1,35,,37270,19,4,,1,75,,37271,19,4,,1,75,,37272,19,4,,1,36,,37273,19,4,,1,76,,37287,19,4,,1,35,,37274,19,4,,1,75,,37275,19,4,,1,75,,37276,19,4,,1,35,,37277,19,4,,1,74,,37278,19,4,,1,32,,37279,19,4,,1,75,,37280,19,4,,1,35,,37288,19,4,,1,75,,37281,19,4,,1,75,,37282,19,4,,1,35,,37283,19,4,,1,74,,37284,19,4,,1,33,,37285,19,4,,1,75,,37286,19,4,,1
