2200,'22-Saturday-10000010',630,,36481,1,,,1,70,,36482,1,,,1,30,,36483,1,,,1,70,,36484,1,,,1,30,,36485,1,,,1,70,,36486,1,,,1,30,,36487,1,,,1,70,,36488,1,,,1,30,,36489,1,,,1,70,,36490,1,,,1,30,,36491,1,,,1,70,,36492,1,,,1,30,,36493,1,,,1,70,,36494,1,,,1,30,,36495,1,,,1,70,,36496,1,,,1,30,,36497,1,,,1,70,,36498,1,,,1,30,,36499,1,,,1,70,,36500,1,,,1,30,,36501,1,,,1,70,,36502,1,,,1,30,,36503,1,,,1,70,,36504,1,,,1,30,,36505,1,,,1,70,,36506,1,,,1,30,,36507,1,,,1,70,,36508,1,,,1,30,,36509,1,,,1,70,,36510,1,,,1,30,,36511,1,,,1,100,,36512,1,,,1,100,,36513,1,,,1
2200,'22-Sunday-10000001',830,,36524,1,,,1,100,,36514,1,,,1,100,,36515,1,,,1,100,,36516,1,,,1,100,,36517,1,,,1,100,,36518,1,,,1,100,,36519,1,,,1,100,,36520,1,,,1,100,,36521,1,,,1,100,,36522,1,,,1,100,,36523,1,,,1
2200,'22-Weekday-11111100',600,,36525,1,,,1,30,,36526,1,,,1,70,,36527,1,,,1,30,,36528,1,,,1,70,,36529,1,,,1,30,,36530,1,,,1,70,,36531,1,,,1,30,,36532,1,,,1,70,,36533,1,,,1,30,,36534,1,,,1,70,,36535,1,,,1,30,,36536,1,,,1,70,,36537,1,,,1,30,,36538,1,,,1,70,,36539,1,,,1,30,,36540,1,,,1,70,,36541,1,,,1,30,,36542,1,,,1,70,,36543,1,,,1,30,,36544,1,,,1,70,,36545,1,,,1,30,,36546,1,,,1,70,,36547,1,,,1,30,,36548,1,,,1,70,,36549,1,,,1,30,,36550,1,,,1,70,,36551,1,,,1,30,,36552,1,,,1,70,,36553,1,,,1,30,,36554,1,,,1,70,,36558,1,,,1,30,,36555,1,,,1,70,,36559,1,,,1,30,,36556,1,,,1,100,,36557,1,,,1
2201,'22-Saturday-10000010',653,,36560,26,4,,1,70,,36561,26,4,,1,30,,36562,26,4,,1,70,,36563,26,4,,1,30,,36564,26,4,,1,72,,36565,26,4,,1,30,,36566,26,4,,1,70,,36567,26,4,,1,30,,36568,26,4,,1,70,,36569,26,4,,1,30,,36570,26,4,,1,70,,36571,26,4,,1,30,,36572,26,4,,1,70,,36573,26,4,,1,30,,36574,26,4,,1,70,,36575,26,4,,1,30,,36576,26,4,,1,70,,36577,26,4,,1,30,,36578,26,4,,1,70,,36579,26,4,,1,30,,36580,26,4,,1,70,,36581,26,4,,1,30,,36582,26,4,,1,68,,36583,26,4,,1,30,,36584,26,4,,1,70,,36585,26,4,,1,30,,36586,26,4,,1,70,,36587,26,4,,1,30,,36588,26,4,,1,70,,36589,26,4,,1,30,,36590,26,4,,1,70,,36591,26,4,,1,100,,36592,26,4,,1
2201,'22-Sunday-10000001',923,,36602,26,4,,1,102,,36593,26,4,,1,100,,36594,26,4,,1,100,,36595,26,4,,1,100,,36596,26,4,,1,100,,36597,26,4,,1,100,,36598,26,4,,1,100,,36599,26,4,,1,100,,36600,26,4,,1,98,,36601,26,4,,1,100,,36603,26,4,,1
2201,'22-Weekday-11111100',622,,36634,26,4,,1,30,,36604,26,4,,1,70,,36605,26,4,,1,34,,36606,26,4,,1,74,,36607,26,4,,1,70,,36608,26,4,,1,30,,36609,26,4,,1,28,,36610,26,4,,1,68,,36611,26,4,,1,30,,36612,26,4,,1,70,,36613,26,4,,1,30,,36614,26,4,,1,70,,36615,26,4,,1,30,,36616,26,4,,1,70,,36617,26,4,,1,30,,36618,26,4,,1,70,,36619,26,4,,1,75,,36620,26,4,,1,31,,36621,26,4,,1,71,,36622,26,4,,1,30,,36623,26,4,,1,70,,36624,26,4,,1,30,,36625,26,4,,1,70,,36626,26,4,,1,27,,36627,26,4,,1,27,,36628,26,4,,1,70,,36629,26,4,,1,30,,36630,26,4,,1,70,,36631,26,4,,1,30,,36635,26,4,,1,70,,36632,26,4,,1,30,,36636,26,4,,1,67,,36633,26,4,,1,28,,36638,26,4,,1,70,,36637,26,4,,1
3300,'33-Saturday-10000010',643,,37782,1,,,1,70,,37783,1,,,1,30,,37784,1,,,1,70,,37785,1,,,1,29,,37786,1,,,1,68,,37787,1,,,1,30,,37788,1,,,1,70,,37789,1,,,1,30,,37790,1,,,1,70,,37791,1,,,1,30,,37792,1,,,1,70,,37793,1,,,1,30,,37794,1,,,1,70,,37795,1,,,1,30,,37796,1,,,1,70,,37797,1,,,1,30,,37798,1,,,1,70,,37799,1,,,1,30,,37800,1,,,1,70,,37801,1,,,1,30,,37802,1,,,1,70,,37803,1,,,1,31,,37804,1,,,1,72,,37805,1,,,1,30,,37806,1,,,1
3300,'33-Sunday-10000001',743,,37807,1,,,1,70,,37808,1,,,1,29,,37809,1,,,1,68,,37810,1,,,1,30,,37811,1,,,1,70,,37812,1,,,1,30,,37813,1,,,1,70,,37814,1,,,1,30,,37815,1,,,1,70,,37816,1,,,1,30,,37817,1,,,1,70,,37818,1,,,1,30,,37819,1,,,1,70,,37820,1,,,1,30,,37821,1,,,1,70,,37822,1,,,1,30,,37823,1,,,1,70,,37824,1,,,1,30,,37825,1,,,1,70,,37826,1,,,1,31,,37827,1,,,1,72,,37828,1,,,1,30,,37829,1,,,1
3300,'33-Weekday-11111100',535,,37833,1,,,1,70,,37836,1,,,1,30,,37837,1,,,1,70,,37838,1,,,1,30,,37839,1,,,1,70,,37840,1,,,1,30,,37841,1,,,1,70,,37842,1,,,1,30,,37843,1,,,1,70,,37844,1,,,1,30,,37845,1,,,1,70,,37846,1,,,1,30,,37847,1,,,1,70,,37848,1,,,1,30,,37849,1,,,1,70,,37850,1,,,1,30,,37851,1,,,1,70,,37852,1,,,1,30,,37862,1,,,1,70,,37853,1,,,1,30,,37854,1,,,1,70,,37855,1,,,1,30,,37856,1,,,1,70,,37857,1,,,1,30,,37858,1,,,1,70,,37859,1,,,1,30,,37830,1,,,1,70,,37863,1,,,1,30,,37835,1,,,1,70,,37864,1,,,1,30,,37834,1,,,1,70,,37865,1,,,1,30,,37832,1,,,1,70,,37831,1,,,1,30,,37860,1,,,1,70,,37861,1,,,1
3301,'33-Saturday-10000010',724,,37866,41,4,,1,30,,37867,41,4,,1,70,,37868,41,4,,1,30,,37869,41,4,,1,74,,37870,41,4,,1,31,,37871,41,4,,1,70,,37872,41,4,,1,30,,37873,41,4,,1,70,,37874,41,4,,1,30,,37875,41,4,,1,70,,37876,41,4,,1,30,,37877,41,4,,1,70,,37878,41,4,,1,30,,37879,41,4,,1,70,,37880,41,4,,1,30,,37881,41,4,,1,70,,37882,41,4,,1,30,,37883,41,4,,1,70,,37884,41,4,,1,30,,37885,41,4,,1,70,,37886,41,4,,1,30,,37887,41,4,,1,66,,37888,41,4,,1,29,,37889,41,4,,1,70,,37890,41,4,,1
3301,'33-Sunday-10000001',824,,37891,41,4,,1,30,,37892,41,4,,1,70,,37893,41,4,,1,30,,37894,41,4,,1,72,,37895,41,4,,1,30,,37896,41,4,,1,70,,37897,41,4,,1,30,,37898,41,4,,1,70,,37899,41,4,,1,30,,37900,41,4,,1,70,,37901,41,4,,1,30,,37902,41,4,,1,70,,37903,41,4,,1,30,,37904,41,4,,1,70,,37905,41,4,,1,30,,37906,41,4,,1,70,,37907,41,4,,1,30,,37908,41,4,,1,70,,37909,41,4,,1,30,,37910,41,4,,1,69,,37911,41,4,,1,30,,37912,41,4,,1,70,,37913,41,4,,1
3301,'33-Weekday-11111100',615,,37914,41,4,,1,30,,37915,41,4,,1,70,,37916,41,4,,1,35,,37917,41,4,,1,74,,37918,41,4,,1,30,,37919,41,4,,1,70,,37920,41,4,,1,30,,37921,41,4,,1,68,,37922,41,4,,1,29,,37923,41,4,,1,70,,37924,41,4,,1,30,,37925,41,4,,1,70,,37926,41,4,,1,30,,37927,41,4,,1,70,,37928,41,4,,1,30,,37929,41,4,,1,70,,37930,41,4,,1,31,,37931,41,4,,1,72,,37932,41,4,,1,31,,37933,41,4,,1,70,,37934,41,4,,1,30,,37935,41,4,,1,70,,37936,41,4,,1,30,,37937,41,4,,1,69,,37938,41,4,,1,26,,37939,41,4,,1,68,,37940,41,4,,1,30,,37946,41,4,,1,70,,37941,41,4,,1,30,,37942,41,4,,1,70,,37947,41,4,,1,30,,37943,41,4,,1,68,,37948,41,4,,1,29,,37944,41,4,,1,68,,37945,41,4,,1,30,,37949,41,4,,1
