1300,'13-Holiday1-10000001',803,,35198,5,,,1,100,,35199,5,,,1,101,,35200,5,,,1,100,,35201,5,,,1,100,,35202,5,,,1,100,,35203,5,,,1,100,,35204,5,,,1,100,,35205,5,,,1,100,,35206,5,,,1,100,,35207,5,,,1,99,,35208,5,,,1,100,,35209,5,,,1,100,,35210,5,,,1,100,,35211,5,,,1,100,,35212,5,,,1,100,,35213,5,,,1
1300,'13-Saturday-10000010',704,,35215,5,,,1,30,,35216,5,,,1,70,,35217,5,,,1,30,,35218,5,,,1,70,,35219,5,,,1,30,,35220,5,,,1,70,,35221,5,,,1,30,,35222,5,,,1,70,,35223,5,,,1,30,,35224,5,,,1,70,,35225,5,,,1,30,,35226,5,,,1,70,,35227,5,,,1,30,,35228,5,,,1,70,,35214,5,,,1,30,,35229,5,,,1,70,,35230,5,,,1,30,,35231,5,,,1,70,,35232,5,,,1,30,,35233,5,,,1,70,,35234,5,,,1,30,,35235,5,,,1,70,,35236,5,,,1,30,,35237,5,,,1,70,,35238,5,,,1,30,,35239,5,,,1,70,,35240,5,,,1,30,,35241,5,,,1,70,,35242,5,,,1,30,,35243,5,,,1,70,,35244,5,,,1,30,,35245,5,,,1,70,,35246,5,,,1,30,,35247,5,,,1,70,,35248,5,,,1
1300,'13-Sunday-10000001',803,,35250,5,,,1,30,,35249,5,,,1,70,,35251,5,,,1,30,,35252,5,,,1,71,,35253,5,,,1,30,,35254,5,,,1,70,,35255,5,,,1,30,,35256,5,,,1,70,,35257,5,,,1,30,,35258,5,,,1,70,,35259,5,,,1,30,,35260,5,,,1,70,,35261,5,,,1,30,,35262,5,,,1,70,,35263,5,,,1,30,,35264,5,,,1,70,,35265,5,,,1,30,,35266,5,,,1,70,,35267,5,,,1,30,,35268,5,,,1,69,,35269,5,,,1,30,,35270,5,,,1,70,,35271,5,,,1,30,,35272,5,,,1,70,,35273,5,,,1,30,,35274,5,,,1,70,,35275,5,,,1,30,,35276,5,,,1,70,,35277,5,,,1,30,,35278,5,,,1,70,,35279,5,,,1
1300,'13-Weekday-21111100',533,,35305,5,,,1,70,,35280,5,,,1,30,,35281,5,,,1,72,,35282,5,,,1,30,,35283,5,,,1,15,,35318,5,,,1,55,,35284,5,,,1,30,,35285,5,,,1,70,,35286,5,,,1,30,,35287,5,,,1,70,,35288,5,,,1,30,,35289,5,,,1,70,,35290,5,,,1,30,,35291,5,,,1,70,,35292,5,,,1,30,,35293,5,,,1,70,,35294,5,,,1,30,,35295,5,,,1,70,,35296,5,,,1,30,,35297,5,,,1,70,,35298,5,,,1,30,,35299,5,,,1,70,,35300,5,,,1,30,,35301,5,,,1,70,,35302,5,,,1,30,,35303,5,,,1,69,,35304,5,,,1,30,,35310,5,,,1,70,,35311,5,,,1,30,,35312,5,,,1,70,,35313,5,,,1,30,,35314,5,,,1,70,,35315,5,,,1,30,,35316,5,,,1,69,,35317,5,,,1,30,,35306,5,,,1,70,,35308,5,,,1,30,,35307,5,,,1,70,,35309,5,,,1
2900,'29-Saturday-10000010',659,,37289,5,,,1,70,,37290,5,,,1,30,,37291,5,,,1,70,,37292,5,,,1,30,,37293,5,,,1,70,,37294,5,,,1,30,,37295,5,,,1,70,,37296,5,,,1,30,,37297,5,,,1,70,,37298,5,,,1,30,,37299,5,,,1,70,,37300,5,,,1,30,,37301,5,,,1,70,,37302,5,,,1,30,,37303,5,,,1,70,,37304,5,,,1,30,,37305,5,,,1,70,,37306,5,,,1,30,,37307,5,,,1,70,,37308,5,,,1,30,,37309,5,,,1,70,,37310,5,,,1,30,,37311,5,,,1,70,,37312,5,,,1,30,,37313,5,,,1,70,,37314,5,,,1,30,,37315,5,,,1,70,,37316,5,,,1,30,,37317,5,,,1,70,,37318,5,,,1,30,,37319,5,,,1,70,,37320,5,,,1,30,,37321,5,,,1,70,,37322,5,,,1,100,,37323,5,,,1
2900,'29-Sunday-20000001',859,,37324,5,,,1,70,,37325,5,,,1,30,,37326,5,,,1,70,,37327,5,,,1,30,,37328,5,,,1,70,,37329,5,,,1,30,,37330,5,,,1,70,,37331,5,,,1,30,,37332,5,,,1,70,,37333,5,,,1,30,,37334,5,,,1,70,,37335,5,,,1,30,,37336,5,,,1,70,,37337,5,,,1,30,,37338,5,,,1,70,,37339,5,,,1,30,,37340,5,,,1,70,,37341,5,,,1,30,,37342,5,,,1,70,,37343,5,,,1,30,,37344,5,,,1,70,,37345,5,,,1,30,,37346,5,,,1,70,,37347,5,,,1,30,,37348,5,,,1,70,,37349,5,,,1,30,,37350,5,,,1,70,,37351,5,,,1,30,,37352,5,,,1,70,,37353,5,,,1,100,,37354,5,,,1
2900,'29-Weekday-11111100',548,,37391,5,,,1,80,,37388,5,,,1,25,,37390,5,,,1,81,,37389,5,,,1,70,,37364,5,,,1,30,,37365,5,,,1,70,,37366,5,,,1,31,,37367,5,,,1,70,,37368,5,,,1,30,,37369,5,,,1,70,,37370,5,,,1,30,,37371,5,,,1,70,,37372,5,,,1,30,,37373,5,,,1,70,,37374,5,,,1,30,,37375,5,,,1,70,,37376,5,,,1,30,,37377,5,,,1,70,,37378,5,,,1,30,,37379,5,,,1,70,,37380,5,,,1,30,,37381,5,,,1,70,,37382,5,,,1,30,,37383,5,,,1,69,,37384,5,,,1,30,,37385,5,,,1,70,,37386,5,,,1,30,,37387,5,,,1,70,,37363,5,,,1,30,,37362,5,,,1,70,,37361,5,,,1,30,,37355,5,,,1,70,,37360,5,,,1,25,,37358,5,,,1,25,,37359,5,,,1,70,,37357,5,,,1,30,,37356,5,,,1
20200,'202-Holiday1-10000001',718,,41111,3,,,1,30,,41112,3,,,1,70,,41113,3,,,1,30,,41114,3,,,1,70,,41115,3,,,1,30,,41116,3,,,1,71,,41117,3,,,1,30,,41118,3,,,1,70,,41119,3,,,1,30,,41120,3,,,1,70,,41110,3,,,1,30,,41121,3,,,1,70,,41122,3,,,1,30,,41123,3,,,1,70,,41124,3,,,1,30,,41125,3,,,1,70,,41126,3,,,1,30,,41127,3,,,1,70,,41128,3,,,1,30,,41129,3,,,1,70,,41130,3,,,1,30,,41131,3,,,1,69,,41132,3,,,1,30,,41133,3,,,1,70,,41134,3,,,1,30,,41135,3,,,1,70,,41136,3,,,1,30,,41137,3,,,1,70,,41138,3,,,1,30,,41139,3,,,1,70,,41140,3,,,1,30,,41141,3,,,1,70,,41142,3,,,1,30,,41143,3,,,1
20200,'202-Saturday-10000010',618,,41179,3,,,1,30,,41144,3,,,1,70,,41145,3,,,1,30,,41146,3,,,1,70,,41147,3,,,1,30,,41148,3,,,1,70,,41149,3,,,1,30,,41150,3,,,1,70,,41151,3,,,1,30,,41152,3,,,1,70,,41153,3,,,1,30,,41154,3,,,1,70,,41155,3,,,1,30,,41156,3,,,1,70,,41157,3,,,1,30,,41158,3,,,1,70,,41159,3,,,1,30,,41160,3,,,1,70,,41161,3,,,1,30,,41162,3,,,1,70,,41163,3,,,1,30,,41164,3,,,1,70,,41165,3,,,1,30,,41166,3,,,1,70,,41167,3,,,1,30,,41168,3,,,1,70,,41169,3,,,1,30,,41170,3,,,1,70,,41171,3,,,1,30,,41172,3,,,1,70,,41173,3,,,1,30,,41174,3,,,1,70,,41175,3,,,1,30,,41176,3,,,1,70,,41177,3,,,1,30,,41178,3,,,1
20200,'202-Sunday-10000001',718,,41181,3,,,1,30,,41182,3,,,1,70,,41183,3,,,1,30,,41184,3,,,1,70,,41185,3,,,1,30,,41186,3,,,1,70,,41187,3,,,1,30,,41188,3,,,1,70,,41189,3,,,1,30,,41190,3,,,1,70,,41180,3,,,1,30,,41191,3,,,1,70,,41192,3,,,1,30,,41193,3,,,1,70,,41194,3,,,1,30,,41195,3,,,1,70,,41196,3,,,1,30,,41197,3,,,1,70,,41198,3,,,1,30,,41199,3,,,1,70,,41200,3,,,1,30,,41201,3,,,1,70,,41202,3,,,1,30,,41203,3,,,1,70,,41204,3,,,1,30,,41205,3,,,1,70,,41206,3,,,1,30,,41207,3,,,1,70,,41208,3,,,1,30,,41209,3,,,1,70,,41210,3,,,1,30,,41211,3,,,1,70,,41212,3,,,1,30,,41213,3,,,1
20200,'202-Weekday-21111100',553,,41248,3,,,1,70,,41249,3,,,1,30,,41250,3,,,1,60,,41215,3,,,1,10,,41251,3,,,1,10,,41273,3,,,1,10,,41216,3,,,1,10,,41252,3,,,1,50,,41274,3,,,1,10,,41214,3,,,1,10,,41253,3,,,1,10,,41275,3,,,1,10,,41217,3,,,1,10,,41254,3,,,1,50,,41276,3,,,1,10,,41218,3,,,1,10,,41255,3,,,1,10,,41277,3,,,1,10,,41219,3,,,1,65,,41256,3,,,1,15,,41220,3,,,1,15,,41257,3,,,1,15,,41221,3,,,1,55,,41258,3,,,1,15,,41222,3,,,1,15,,41259,3,,,1,15,,41223,3,,,1,55,,41260,3,,,1,15,,41224,3,,,1,15,,41261,3,,,1,15,,41225,3,,,1,55,,41262,3,,,1,15,,41226,3,,,1,15,,41263,3,,,1,15,,41227,3,,,1,55,,41264,3,,,1,15,,41228,3,,,1,15,,41265,3,,,1,10,,41229,3,,,1,10,,41266,3,,,1,50,,41278,3,,,1,10,,41230,3,,,1,10,,41267,3,,,1,10,,41279,3,,,1,10,,41231,3,,,1,10,,41268,3,,,1,50,,41280,3,,,1,10,,41232,3,,,1,10,,41269,3,,,1,10,,41281,3,,,1,10,,41233,3,,,1,10,,41270,3,,,1,50,,41282,3,,,1,10,,41234,3,,,1,10,,41271,3,,,1,10,,41283,3,,,1,10,,41235,3,,,1,10,,41272,3,,,1,50,,41284,3,,,1,10,,41236,3,,,1,30,,41237,3,,,1,70,,41238,3,,,1,30,,41239,3,,,1,70,,41240,3,,,1,30,,41241,3,,,1,70,,41242,3,,,1,30,,41243,3,,,1,70,,41244,3,,,1,30,,41245,3,,,1,70,,41246,3,,,1,30,,41247,3,,,1
