1601,'16-Holiday1-10000001',843,,35636,32,,,1,100,,35637,32,,,1,105,,35638,32,,,1,100,,35639,32,,,1,100,,35640,32,,,1,100,,35641,32,,,1,100,,35642,32,,,1,100,,35643,32,,,1,100,,35644,32,,,1,100,,35645,32,,,1,98,,35646,32,,,1,101,,35647,32,,,1,100,,35648,32,,,1,100,,35649,32,,,1,100,,35650,32,,,1,100,,35651,32,,,1
1601,'16-Saturday-10000010',647,,35652,5,,,1,70,,35653,32,,,1,30,,35654,32,,,1,70,,35655,32,,,1,30,,35656,32,,,1,71,,35657,32,,,1,34,,35658,32,,,1,73,,35659,32,,,1,30,,35660,32,,,1,70,,35661,32,,,1,30,,35662,32,,,1,70,,35663,32,,,1,30,,35664,32,,,1,70,,35665,32,,,1,30,,35666,32,,,1,70,,35667,32,,,1,30,,35668,32,,,1,70,,35669,32,,,1,30,,35670,32,,,1,70,,35671,32,,,1,30,,35672,32,,,1,70,,35673,32,,,1,30,,35674,32,,,1,68,,35675,32,,,1,28,,35676,32,,,1,68,,35677,32,,,1,30,,35678,32,,,1,70,,35679,32,,,1,30,,35680,32,,,1,70,,35681,32,,,1,30,,35682,32,,,1,70,,35683,32,,,1,30,,35684,32,,,1,70,,35685,32,,,1,30,,35687,32,,,1
1601,'16-Sunday-10000001',813,,35688,32,,,1,30,,35689,32,,,1,70,,35690,32,,,1,30,,35691,32,,,1,71,,35692,32,,,1,34,,35693,32,,,1,70,,35694,32,,,1,30,,35695,32,,,1,70,,35696,32,,,1,30,,35697,32,,,1,70,,35698,32,,,1,30,,35699,32,,,1,70,,35700,32,,,1,30,,35701,32,,,1,70,,35702,32,,,1,30,,35703,32,,,1,70,,35704,32,,,1,30,,35705,32,,,1,70,,35706,32,,,1,30,,35707,32,,,1,71,,35708,32,,,1,27,,35709,32,,,1,71,,35710,32,,,1,30,,35711,32,,,1,70,,35712,32,,,1,30,,35713,32,,,1,70,,35714,32,,,1,30,,35715,32,,,1,70,,35716,32,,,1,30,,35717,32,,,1,70,,35718,32,,,1,30,,35719,32,,,1
1601,'16-Weekday-11111100',612,,35721,32,,,1,32,,35722,32,,,1,12,,35758,32,,,1,59,,35723,32,,,1,20,,35762,32,,,1,15,,35724,32,,,1,57,,35759,32,,,1,16,,35725,32,,,1,15,,35760,32,,,1,15,,35726,32,,,1,55,,35761,32,,,1,15,,35727,32,,,1,16,,35771,32,,,1,15,,35728,32,,,1,56,,35777,32,,,1,16,,35729,32,,,1,15,,35778,32,,,1,14,,35730,32,,,1,56,,35779,32,,,1,15,,35731,32,,,1,15,,35780,32,,,1,15,,35732,32,,,1,55,,35781,32,,,1,15,,35733,32,,,1,15,,35782,32,,,1,15,,35734,32,,,1,55,,35783,32,,,1,15,,35735,32,,,1,15,,35784,32,,,1,15,,35736,32,,,1,55,,35785,32,,,1,15,,35737,32,,,1,15,,35786,32,,,1,17,,35738,32,,,1,55,,35768,32,,,1,15,,35739,32,,,1,17,,35763,32,,,1,55,,35740,32,,,1,16,,35764,32,,,1,15,,35741,32,,,1,15,,35765,32,,,1,55,,35742,32,,,1,15,,35766,32,,,1,15,,35743,32,,,1,15,,35767,32,,,1,55,,35744,32,,,1,13,,35757,32,,,1,13,,35745,32,,,1,14,,35769,32,,,1,13,,35746,32,,,1,53,,35772,32,,,1,15,,35747,32,,,1,14,,35748,32,,,1,15,,35773,32,,,1,55,,35749,32,,,1,15,,35776,32,,,1,15,,35750,32,,,1,15,,35774,32,,,1,55,,35751,32,,,1,15,,35775,32,,,1,15,,35752,32,,,1,15,,35787,32,,,1,54,,35753,32,,,1,31,,35754,32,,,1,67,,35755,32,,,1,13,,35756,32,,,1
2200,'22-Saturday-10000010',646,,36481,23,,,1,70,,36482,23,,,1,30,,36483,23,,,1,70,,36484,23,,,1,30,,36485,23,,,1,71,,36486,23,,,1,30,,36487,23,,,1,70,,36488,23,,,1,30,,36489,23,,,1,70,,36490,23,,,1,30,,36491,23,,,1,70,,36492,23,,,1,30,,36493,23,,,1,70,,36494,23,,,1,30,,36495,23,,,1,70,,36496,23,,,1,30,,36497,23,,,1,70,,36498,23,,,1,30,,36499,23,,,1,70,,36500,23,,,1,30,,36501,23,,,1,70,,36502,23,,,1,30,,36503,23,,,1,69,,36504,23,,,1,30,,36505,23,,,1,70,,36506,23,,,1,30,,36507,23,,,1,70,,36508,23,,,1,30,,36509,23,,,1,70,,36510,23,,,1,30,,36511,23,,,1,100,,36512,23,,,1,100,,36513,23,,,1
2200,'22-Sunday-10000001',846,,36524,23,,,1,100,,36514,23,,,1,100,,36515,23,,,1,100,,36516,23,,,1,100,,36517,23,,,1,100,,36518,23,,,1,100,,36519,23,,,1,100,,36520,23,,,1,100,,36521,23,,,1,100,,36522,23,,,1,99,,36523,23,,,1
2200,'22-Weekday-11111100',618,,36525,23,,,1,30,,36526,23,,,1,73,,36527,23,,,1,30,,36528,23,,,1,70,,36529,23,,,1,30,,36530,23,,,1,70,,36531,23,,,1,28,,36532,23,,,1,70,,36533,23,,,1,30,,36534,23,,,1,70,,36535,23,,,1,30,,36536,23,,,1,70,,36537,23,,,1,30,,36538,23,,,1,70,,36539,23,,,1,30,,36540,23,,,1,70,,36541,23,,,1,31,,36542,23,,,1,70,,36543,23,,,1,30,,36544,23,,,1,70,,36545,23,,,1,30,,36546,23,,,1,70,,36547,23,,,1,30,,36548,23,,,1,68,,36549,23,,,1,30,,36550,23,,,1,70,,36551,23,,,1,30,,36552,23,,,1,70,,36553,23,,,1,30,,36554,23,,,1,70,,36558,23,,,1,30,,36555,23,,,1,69,,36559,23,,,1,30,,36556,23,,,1,100,,36557,23,,,1
3301,'33-Saturday-10000010',658,,37866,9,,,1,70,,37867,9,,,1,30,,37868,9,,,1,70,,37869,9,,,1,30,,37870,9,,,1,71,,37871,9,,,1,30,,37872,9,,,1,70,,37873,9,,,1,30,,37874,9,,,1,70,,37875,9,,,1,30,,37876,9,,,1,70,,37877,9,,,1,30,,37878,9,,,1,70,,37879,9,,,1,30,,37880,9,,,1,70,,37881,9,,,1,30,,37882,9,,,1,70,,37883,9,,,1,30,,37884,9,,,1,70,,37885,9,,,1,30,,37886,9,,,1,70,,37887,9,,,1,29,,37888,9,,,1,70,,37889,9,,,1,30,,37890,9,,,1
3301,'33-Sunday-10000001',758,,37891,9,,,1,70,,37892,9,,,1,30,,37893,9,,,1,70,,37894,9,,,1,30,,37895,9,,,1,70,,37896,9,,,1,30,,37897,9,,,1,70,,37898,9,,,1,30,,37899,9,,,1,70,,37900,9,,,1,30,,37901,9,,,1,70,,37902,9,,,1,30,,37903,9,,,1,70,,37904,9,,,1,30,,37905,9,,,1,70,,37906,9,,,1,30,,37907,9,,,1,70,,37908,9,,,1,30,,37909,9,,,1,70,,37910,9,,,1,30,,37911,9,,,1,70,,37912,9,,,1,30,,37913,9,,,1
3301,'33-Weekday-11111100',547,,37914,9,,,1,70,,37915,9,,,1,30,,37916,9,,,1,73,,37917,9,,,1,34,,37918,9,,,1,70,,37919,9,,,1,30,,37920,9,,,1,70,,37921,9,,,1,28,,37922,9,,,1,69,,37923,9,,,1,30,,37924,9,,,1,70,,37925,9,,,1,30,,37926,9,,,1,70,,37927,9,,,1,30,,37928,9,,,1,70,,37929,9,,,1,30,,37930,9,,,1,70,,37931,9,,,1,32,,37932,9,,,1,71,,37933,9,,,1,30,,37934,9,,,1,70,,37935,9,,,1,30,,37936,9,,,1,70,,37937,9,,,1,30,,37938,9,,,1,66,,37939,9,,,1,28,,37940,9,,,1,70,,37946,9,,,1,30,,37941,9,,,1,70,,37942,9,,,1,30,,37947,9,,,1,70,,37943,9,,,1,30,,37948,9,,,1,70,,37944,9,,,1,28,,37945,9,,,1,70,,37949,9,,,1
