100,'1-Saturday-10000010',628,,21749,30,,,1,30,,21750,30,,,1,70,,21751,30,,,1,30,,21752,30,,,1,70,,21753,30,,,1,30,,21754,30,,,1,71,,21755,30,,,1,30,,21756,30,,,1,70,,21757,30,,,1,30,,21758,30,,,1,70,,21759,30,,,1,30,,21760,30,,,1,70,,21761,30,,,1,30,,21762,30,,,1,70,,21763,30,,,1,30,,21764,30,,,1,70,,21765,30,,,1,30,,21766,30,,,1,70,,21767,30,,,1,30,,21768,30,,,1,70,,21769,30,,,1,30,,21770,30,,,1,70,,21771,30,,,1,30,,21772,30,,,1,69,,21773,30,,,1,30,,21774,30,,,1,70,,21775,30,,,1,30,,21776,30,,,1,70,,21777,30,,,1,30,,21778,30,,,1,70,,21779,30,,,1,30,,21780,30,,,1,70,,21781,30,,,1,30,,21782,30,,,1,70,,21783,30,,,1,100,,21784,30,,,1
100,'1-Sunday-10000001',828,,21785,30,,,1,100,,21786,30,,,1,30,,21787,30,,,1,71,,21788,30,,,1,30,,21789,30,,,1,70,,21790,30,,,1,30,,21791,30,,,1,70,,21792,30,,,1,30,,21793,30,,,1,70,,21794,30,,,1,30,,21795,30,,,1,70,,21796,30,,,1,30,,21797,30,,,1,70,,21798,30,,,1,30,,21799,30,,,1,70,,21800,30,,,1,30,,21801,30,,,1,70,,21802,30,,,1,30,,21803,30,,,1,69,,21804,30,,,1,100,,21805,30,,,1,100,,21806,30,,,1,100,,21807,30,,,1,100,,21808,30,,,1,100,,21809,30,,,1,100,,21810,30,,,1
100,'1-Weekday-11111100',557,,21847,30,,,1,70,,21844,30,,,1,30,,21845,30,,,1,56,,21848,30,,,1,18,,21811,30,,,1,70,,21812,30,,,1,30,,21813,30,,,1,70,,21814,30,,,1,30,,21815,30,,,1,70,,21816,30,,,1,30,,21825,30,,,1,70,,21826,30,,,1,30,,21827,30,,,1,70,,21828,30,,,1,30,,21829,30,,,1,70,,21830,30,,,1,30,,21831,30,,,1,70,,21832,30,,,1,30,,21833,30,,,1,70,,21817,30,,,1,30,,21818,30,,,1,70,,21819,30,,,1,30,,21820,30,,,1,70,,21821,30,,,1,30,,21822,30,,,1,70,,21823,30,,,1,28,,21824,30,,,1,30,,21834,30,,,1,70,,21835,30,,,1,30,,21836,30,,,1,70,,21837,30,,,1,30,,21838,30,,,1,70,,21839,30,,,1,30,,21840,30,,,1,68,,21841,30,,,1,30,,21842,30,,,1,70,,21843,30,,,1,100,,21846,30,,,1
300,'3-Saturday-10000010',624,,21976,15,4,,1,30,,21977,25,4,,1,70,,21978,25,4,,1,30,,21979,25,4,,1,70,,21980,25,4,,1,30,,21981,25,4,,1,70,,21982,25,4,,1,30,,21983,25,4,,1,70,,21984,25,4,,1,30,,21985,25,4,,1,70,,21986,25,4,,1,30,,21987,25,4,,1,70,,21988,25,4,,1,30,,21989,25,4,,1,70,,21990,25,4,,1,30,,21991,25,4,,1,70,,21992,25,4,,1,30,,21993,25,4,,1,70,,21994,25,4,,1,30,,21995,25,4,,1,70,,21996,25,4,,1,30,,21997,25,4,,1,70,,21998,25,4,,1,30,,21999,25,4,,1,70,,22000,25,4,,1,30,,22001,25,4,,1,70,,22002,25,4,,1,30,,22003,25,4,,1,70,,22004,25,4,,1,30,,22005,25,4,,1,100,,22006,25,4,,1,100,,22007,25,4,,1
300,'3-Sunday-10000001',854,,22008,25,4,,1,100,,22009,25,4,,1,70,,22010,25,4,,1,30,,22011,25,4,,1,70,,22012,25,4,,1,30,,22013,25,4,,1,70,,22014,25,4,,1,30,,22015,25,4,,1,70,,22016,25,4,,1,30,,22017,25,4,,1,70,,22018,25,4,,1,30,,22019,25,4,,1,70,,22020,25,4,,1,30,,22021,25,4,,1,70,,22022,25,4,,1,30,,22023,25,4,,1,70,,22024,25,4,,1,30,,22025,25,4,,1,70,,22030,25,4,,1,30,,22026,25,4,,1,70,,22031,25,4,,1,30,,22027,25,4,,1,70,,22032,25,4,,1,30,,22028,25,4,,1,100,,22033,25,4,,1,100,,22029,25,4,,1
300,'3-Weekday-11111100',555,,22066,15,4,,1,69,,22053,25,4,,1,30,,22052,25,4,,1,73,,22051,25,4,,1,30,,22050,25,4,,1,70,,22049,25,4,,1,30,,22048,25,4,,1,70,,22047,25,4,,1,29,,22046,25,4,,1,70,,22045,25,4,,1,30,,22044,25,4,,1,70,,22043,25,4,,1,30,,22042,25,4,,1,70,,22041,25,4,,1,30,,22040,25,4,,1,70,,22039,25,4,,1,30,,22038,25,4,,1,70,,22037,25,4,,1,83,,22036,25,4,,1,30,,22035,25,4,,1,70,,22034,25,4,,1,30,,22063,25,4,,1,70,,22062,25,4,,1,30,,22061,25,4,,1,68,,22060,25,4,,1,28,,22059,25,4,,1,20,,22058,25,4,,1,70,,22057,25,4,,1,30,,22056,25,4,,1,70,,22067,25,4,,1,30,,22055,25,4,,1,70,,22068,25,4,,1,30,,22054,25,4,,1,67,,22069,25,4,,1,30,,22065,25,4,,1,70,,22070,25,4,,1,30,,22064,25,4,,1
401,'4-Saturday-10000010',624,,22259,1,,,1,30,,22260,1,,,1,70,,22261,1,,,1,30,,22262,1,,,1,70,,22263,1,,,1,30,,22264,1,,,1,70,,22265,1,,,1,30,,22266,1,,,1,70,,22267,1,,,1,30,,22268,1,,,1,70,,22269,1,,,1,30,,22270,1,,,1,70,,22271,1,,,1,30,,22272,1,,,1,70,,22273,1,,,1,30,,22274,1,,,1,70,,22275,1,,,1,30,,22276,1,,,1,70,,22277,1,,,1,30,,22278,1,,,1,70,,22279,1,,,1,30,,22280,1,,,1,70,,22281,1,,,1,30,,22282,1,,,1,70,,22283,1,,,1,30,,22284,1,,,1,70,,22285,1,,,1,30,,22286,1,,,1,70,,22287,1,,,1,30,,22288,1,,,1,100,,22289,1,,,1,100,,22290,1,,,1
401,'4-Sunday-10000001',854,,22291,1,,,1,100,,22292,1,,,1,70,,22293,1,,,1,30,,22294,1,,,1,70,,22295,1,,,1,30,,22296,1,,,1,70,,22297,1,,,1,30,,22298,1,,,1,70,,22299,1,,,1,30,,22300,1,,,1,70,,22301,1,,,1,30,,22302,1,,,1,70,,22303,1,,,1,30,,22304,1,,,1,70,,22305,1,,,1,30,,22306,1,,,1,70,,22307,1,,,1,30,,22308,1,,,1,70,,22316,1,,,1,30,,22309,1,,,1,70,,22314,1,,,1,30,,22310,1,,,1,70,,22315,1,,,1,30,,22311,1,,,1,100,,22312,1,,,1,100,,22313,1,,,1
401,'4-Weekday-11111100',555,,22349,1,,,1,69,,22332,1,,,1,30,,22333,1,,,1,73,,22334,1,,,1,30,,22335,1,,,1,70,,22336,1,,,1,30,,22337,1,,,1,70,,22338,1,,,1,29,,22339,1,,,1,70,,22340,1,,,1,30,,22341,1,,,1,70,,22343,1,,,1,30,,22342,1,,,1,70,,22344,1,,,1,30,,22345,1,,,1,70,,22346,1,,,1,30,,22347,1,,,1,70,,22348,1,,,1,83,,22324,1,,,1,30,,22325,1,,,1,70,,22326,1,,,1,30,,22327,1,,,1,70,,22328,1,,,1,30,,22329,1,,,1,68,,22330,1,,,1,28,,22331,1,,,1,20,,22318,1,,,1,70,,22319,1,,,1,30,,22320,1,,,1,70,,22350,1,,,1,30,,22321,1,,,1,70,,22351,1,,,1,30,,22322,1,,,1,67,,22352,1,,,1,30,,22323,1,,,1,70,,22353,1,,,1,30,,22317,1,,,1
700,'7-Saturday-10000010',546,,22803,7,,,1,70,,22805,18,,,1,30,,22804,18,,,1,70,,22806,18,,,1,15,,22807,18,,,1,15,,22808,18,,,1,55,,22809,18,,,1,15,,22810,18,,,1,15,,22811,18,,,1,15,,22812,18,,,1,56,,22813,18,,,1,18,,22814,18,,,1,15,,22815,18,,,1,15,,22816,18,,,1,55,,22817,18,,,1,15,,22818,18,,,1,15,,22819,18,,,1,15,,22820,18,,,1,55,,22821,18,,,1,15,,22822,18,,,1,15,,22823,18,,,1,15,,22824,18,,,1,55,,22825,18,,,1,15,,22826,18,,,1,15,,22827,18,,,1,15,,22828,18,,,1,55,,22829,18,,,1,15,,22830,18,,,1,15,,22831,18,,,1,15,,22832,18,,,1,55,,22833,18,,,1,15,,22834,18,,,1,15,,22835,18,,,1,15,,22836,18,,,1,55,,22837,18,,,1,15,,22838,18,,,1,15,,22839,18,,,1,15,,22840,18,,,1,55,,22841,18,,,1,15,,22842,18,,,1,15,,22843,18,,,1,15,,22844,18,,,1,55,,22845,18,,,1,15,,22846,18,,,1,15,,22847,18,,,1,15,,22848,18,,,1,53,,22849,18,,,1,13,,22850,18,,,1,15,,22851,18,,,1,15,,22852,18,,,1,55,,22853,18,,,1,15,,22854,18,,,1,15,,22855,18,,,1,15,,22856,18,,,1,55,,22857,18,,,1,15,,22858,18,,,1,15,,22859,18,,,1,15,,22860,18,,,1,55,,22861,18,,,1,15,,22862,18,,,1,15,,22863,18,,,1,15,,22864,18,,,1,55,,22865,18,,,1,15,,22866,18,,,1,15,,22867,18,,,1,15,,22868,18,,,1,55,,22869,18,,,1,15,,22870,18,,,1,15,,22871,18,,,1,15,,22872,18,,,1,70,,22873,18,,,1
700,'7-Sunday-10000001',817,,22874,18,,,1,30,,22875,18,,,1,70,,22876,18,,,1,15,,22877,18,,,1,15,,22878,18,,,1,56,,22879,18,,,1,16,,22880,18,,,1,15,,22881,18,,,1,15,,22882,18,,,1,55,,22883,18,,,1,15,,22884,18,,,1,15,,22885,18,,,1,15,,22886,18,,,1,55,,22887,18,,,1,15,,22888,18,,,1,15,,22889,18,,,1,15,,22890,18,,,1,55,,22891,18,,,1,15,,22892,18,,,1,15,,22893,18,,,1,15,,22894,18,,,1,55,,22895,18,,,1,15,,22896,18,,,1,15,,22897,18,,,1,15,,22898,18,,,1,55,,22899,18,,,1,15,,22900,18,,,1,15,,22901,18,,,1,15,,22902,18,,,1,55,,22903,18,,,1,15,,22904,18,,,1,15,,22905,18,,,1,15,,22906,18,,,1,55,,22907,18,,,1,15,,22908,18,,,1,15,,22909,18,,,1,15,,22910,18,,,1,54,,22911,18,,,1,13,,22912,18,,,1,15,,22913,18,,,1,15,,22914,18,,,1,55,,22915,18,,,1,15,,22916,18,,,1,15,,22917,18,,,1,15,,22918,18,,,1,55,,22919,18,,,1,15,,22920,18,,,1,15,,22921,18,,,1,15,,22922,18,,,1,55,,22923,18,,,1,15,,22924,18,,,1,15,,22925,18,,,1,15,,22926,18,,,1,55,,22932,18,,,1,15,,22928,18,,,1,15,,22933,18,,,1,15,,22930,18,,,1,55,,22934,18,,,1,15,,22931,18,,,1,15,,22935,18,,,1,15,,22929,18,,,1,70,,22927,18,,,1
700,'7-Weekday-11111100',532,,23009,7,,,1,15,,23010,18,,,1,55,,22936,18,,,1,15,,22937,18,,,1,15,,22938,18,,,1,15,,22939,18,,,1,56,,22940,18,,,1,17,,22941,18,,,1,15,,22942,18,,,1,15,,22943,18,,,1,55,,22944,18,,,1,15,,22945,18,,,1,15,,22946,18,,,1,15,,22947,18,,,1,55,,22948,18,,,1,15,,22949,18,,,1,15,,22950,18,,,1,15,,22951,18,,,1,55,,22952,18,,,1,15,,22953,18,,,1,15,,22954,18,,,1,15,,22955,18,,,1,55,,22956,18,,,1,15,,22957,18,,,1,15,,22958,18,,,1,15,,22959,18,,,1,55,,22960,18,,,1,15,,22961,18,,,1,15,,22962,18,,,1,15,,22963,18,,,1,55,,22964,18,,,1,15,,22965,18,,,1,15,,22966,18,,,1,15,,22967,18,,,1,55,,22968,18,,,1,15,,22969,18,,,1,16,,22970,18,,,1,16,,22971,18,,,1,55,,22972,18,,,1,15,,22973,18,,,1,15,,22974,18,,,1,15,,22975,18,,,1,55,,22976,18,,,1,15,,22977,18,,,1,15,,22978,18,,,1,15,,22979,18,,,1,55,,22980,18,,,1,15,,22981,18,,,1,15,,22982,18,,,1,15,,22983,18,,,1,54,,22984,18,,,1,13,,22985,18,,,1,15,,22986,18,,,1,15,,22987,18,,,1,55,,22988,18,,,1,15,,22989,18,,,1,15,,22990,18,,,1,15,,22991,18,,,1,55,,22992,18,,,1,15,,22993,18,,,1,15,,22994,18,,,1,15,,22995,18,,,1,55,,22996,18,,,1,15,,22997,18,,,1,15,,22998,18,,,1,15,,22999,18,,,1,54,,23000,18,,,1,13,,23001,18,,,1,15,,23002,18,,,1,15,,23003,18,,,1,55,,23004,18,,,1,15,,23005,18,,,1,15,,23006,18,,,1,15,,23007,18,,,1,70,,23008,18,,,1
20400,'204-Saturday-10000010',634,,30894,15,,,1,70,,30895,15,,,1,30,,30896,15,,,1,70,,30897,15,,,1,30,,30898,15,,,1,70,,30899,15,,,1,30,,30900,15,,,1,70,,30901,15,,,1,30,,30902,15,,,1,70,,30903,15,,,1,30,,30904,15,,,1,70,,30905,15,,,1,30,,30906,15,,,1,70,,30907,15,,,1,30,,30908,15,,,1,70,,30909,15,,,1,30,,30910,15,,,1,70,,30911,15,,,1,30,,30912,15,,,1,70,,30913,15,,,1,30,,30914,15,,,1,70,,30915,15,,,1,30,,30916,15,,,1,70,,30917,15,,,1,30,,30918,15,,,1,70,,30919,15,,,1,30,,30920,15,,,1,70,,30921,15,,,1,30,,30922,15,,,1,70,,30923,15,,,1,30,,30924,15,,,1,70,,30925,15,,,1,30,,30926,15,,,1,70,,30927,15,,,1,30,,30928,15,,,1,70,,30929,15,,,1
20400,'204-Sunday-10000001',734,,30931,15,,,1,70,,30932,15,,,1,30,,30933,15,,,1,70,,30934,15,,,1,30,,30935,15,,,1,70,,30936,15,,,1,30,,30937,15,,,1,70,,30938,15,,,1,30,,30939,15,,,1,70,,30930,15,,,1,30,,30940,15,,,1,70,,30941,15,,,1,30,,30942,15,,,1,70,,30943,15,,,1,30,,30944,15,,,1,70,,30945,15,,,1,30,,30946,15,,,1,70,,30947,15,,,1,30,,30948,15,,,1,70,,30949,15,,,1,30,,30950,15,,,1,70,,30951,15,,,1,30,,30952,15,,,1,70,,30953,15,,,1,30,,30954,15,,,1,70,,30955,15,,,1,30,,30956,15,,,1,70,,30957,15,,,1,30,,30958,15,,,1,70,,30959,15,,,1,30,,30960,15,,,1,70,,30961,15,,,1,30,,30962,15,,,1,70,,30963,15,,,1
20400,'204-Weekday-11111100',605,,31022,15,,,1,30,,30964,15,,,1,71,,30965,15,,,1,18,,30966,15,,,1,15,,30967,15,,,1,15,,30968,15,,,1,55,,30969,15,,,1,15,,30970,15,,,1,15,,30971,15,,,1,15,,30972,15,,,1,55,,30973,15,,,1,15,,30974,15,,,1,14,,30975,15,,,1,14,,30976,15,,,1,55,,30977,15,,,1,15,,30978,15,,,1,15,,30979,15,,,1,15,,30980,15,,,1,55,,30981,15,,,1,15,,30982,15,,,1,15,,30983,15,,,1,15,,30984,15,,,1,55,,30985,15,,,1,15,,30986,15,,,1,15,,30987,15,,,1,15,,30988,15,,,1,55,,30989,15,,,1,15,,30990,15,,,1,15,,30991,15,,,1,15,,30992,15,,,1,55,,30993,15,,,1,15,,30994,15,,,1,16,,30995,15,,,1,16,,30996,15,,,1,55,,30997,15,,,1,15,,30998,15,,,1,15,,30999,15,,,1,15,,31000,15,,,1,55,,31001,15,,,1,15,,31002,15,,,1,15,,31003,15,,,1,15,,31004,15,,,1,55,,31005,15,,,1,15,,31006,15,,,1,15,,31007,15,,,1,15,,31008,15,,,1,54,,31009,15,,,1,14,,31023,15,,,1,15,,31010,15,,,1,70,,31011,15,,,1,30,,31012,15,,,1,70,,31013,15,,,1,30,,31014,15,,,1,70,,31015,15,,,1,30,,31016,15,,,1,70,,31017,15,,,1,28,,31018,15,,,1,70,,31019,15,,,1,30,,31020,15,,,1,70,,31021,15,,,1
