1300,'13-Holiday1-10000001',823,,35198,30,,,1,100,,35199,30,,,1,102,,35200,30,,,1,100,,35201,30,,,1,100,,35202,30,,,1,100,,35203,30,,,1,100,,35204,30,,,1,100,,35205,30,,,1,100,,35206,30,,,1,100,,35207,30,,,1,98,,35208,30,,,1,100,,35209,30,,,1,100,,35210,30,,,1,100,,35211,30,,,1,100,,35212,30,,,1,100,,35213,30,,,1
1300,'13-Saturday-10000010',725,,35215,30,,,1,30,,35216,30,,,1,70,,35217,30,,,1,30,,35218,30,,,1,70,,35219,30,,,1,30,,35220,30,,,1,70,,35221,30,,,1,30,,35222,30,,,1,70,,35223,30,,,1,30,,35224,30,,,1,70,,35225,30,,,1,30,,35226,30,,,1,70,,35227,30,,,1,30,,35228,30,,,1,70,,35214,30,,,1,30,,35229,30,,,1,70,,35230,30,,,1,30,,35231,30,,,1,70,,35232,30,,,1,30,,35233,30,,,1,70,,35234,30,,,1,30,,35235,30,,,1,70,,35236,30,,,1,30,,35237,30,,,1,70,,35238,30,,,1,30,,35239,30,,,1,70,,35240,30,,,1,30,,35241,30,,,1,70,,35242,30,,,1,30,,35243,30,,,1,70,,35244,30,,,1,30,,35245,30,,,1,70,,35246,30,,,1,30,,35247,30,,,1,70,,35248,30,,,1
1300,'13-Sunday-10000001',823,,35250,30,,,1,30,,35249,30,,,1,70,,35251,30,,,1,30,,35252,30,,,1,72,,35253,30,,,1,30,,35254,30,,,1,70,,35255,30,,,1,30,,35256,30,,,1,70,,35257,30,,,1,30,,35258,30,,,1,70,,35259,30,,,1,30,,35260,30,,,1,70,,35261,30,,,1,30,,35262,30,,,1,70,,35263,30,,,1,30,,35264,30,,,1,70,,35265,30,,,1,30,,35266,30,,,1,70,,35267,30,,,1,30,,35268,30,,,1,68,,35269,30,,,1,30,,35270,30,,,1,70,,35271,30,,,1,30,,35272,30,,,1,70,,35273,30,,,1,30,,35274,30,,,1,70,,35275,30,,,1,30,,35276,30,,,1,70,,35277,30,,,1,30,,35278,30,,,1,70,,35279,30,,,1
1300,'13-Weekday-21111100',552,,35305,30,,,1,70,,35280,30,,,1,30,,35281,30,,,1,76,,35282,30,,,1,30,,35283,30,,,1,55,,35318,30,,,1,15,,35284,30,,,1,30,,35285,30,,,1,70,,35286,30,,,1,13,,35319,14,,,1,15,,35287,30,,,1,70,,35288,30,,,1,30,,35289,30,,,1,70,,35290,30,,,1,30,,35291,30,,,1,70,,35292,30,,,1,30,,35293,30,,,1,70,,35294,30,,,1,30,,35295,30,,,1,70,,35296,30,,,1,31,,35297,30,,,1,70,,35298,30,,,1,30,,35299,30,,,1,70,,35300,30,,,1,30,,35301,30,,,1,70,,35302,30,,,1,30,,35303,30,,,1,67,,35304,30,,,1,30,,35310,30,,,1,70,,35311,30,,,1,30,,35312,30,,,1,70,,35313,30,,,1,30,,35314,30,,,1,70,,35315,30,,,1,30,,35316,30,,,1,67,,35317,30,,,1,30,,35306,30,,,1,70,,35308,30,,,1,30,,35307,30,,,1,70,,35309,30,,,1
3100,'31-Saturday-10000010',650,,37617,14,,,1,70,,37618,14,,,1,30,,37619,14,,,1,70,,37620,14,,,1,30,,37621,14,,,1,69,,37622,14,,,1,34,,37623,14,,,1,70,,37624,14,,,1,30,,37625,14,,,1,70,,37626,14,,,1,30,,37627,14,,,1,70,,37628,14,,,1,30,,37616,14,,,1,70,,37629,14,,,1,30,,37630,14,,,1,70,,37631,14,,,1,30,,37632,14,,,1,70,,37633,14,,,1,30,,37634,14,,,1,70,,37635,14,,,1,30,,37636,14,,,1,70,,37637,14,,,1,30,,37638,14,,,1,69,,37639,14,,,1,28,,37640,14,,,1
3100,'31-Sunday-10000001',819,,37641,14,,,1,30,,37642,14,,,1,70,,37643,14,,,1,30,,37644,14,,,1,70,,37645,14,,,1,32,,37646,14,,,1,70,,37647,14,,,1,30,,37648,14,,,1,70,,37649,14,,,1,30,,37650,14,,,1,70,,37651,14,,,1,30,,37652,14,,,1,70,,37653,14,,,1,30,,37654,14,,,1,70,,37655,14,,,1,30,,37656,14,,,1,70,,37657,14,,,1,30,,37658,14,,,1,70,,37659,14,,,1,30,,37660,14,,,1,70,,37661,14,,,1,30,,37662,14,,,1
3100,'31-Weekday-11111100',622,,37664,14,,,1,30,,37663,14,,,1,72,,37696,14,,,1,35,,37665,14,,,1,70,,37666,14,,,1,30,,37667,14,,,1,70,,37668,14,,,1,29,,37669,14,,,1,67,,37670,14,,,1,30,,37671,14,,,1,70,,37672,14,,,1,30,,37673,14,,,1,70,,37674,14,,,1,30,,37675,14,,,1,70,,37676,14,,,1,30,,37677,14,,,1,70,,37678,14,,,1,33,,37679,14,,,1,73,,37680,14,,,1,70,,37681,14,,,1,30,,37682,14,,,1,70,,37683,14,,,1,30,,37684,14,,,1,69,,37685,14,,,1,28,,37686,14,,,1,26,,37687,14,,,1,70,,37697,14,,,1,30,,37688,14,,,1,70,,37689,14,,,1,30,,37690,14,,,1,70,,37691,14,,,1,30,,37692,14,,,1,67,,37693,14,,,1,25,,37694,14,,,1,70,,37695,14,,,1
20100,'201-Holiday1-10000001',729,,40709,28,,,1,30,,40710,28,,,1,70,,40711,28,,,1,30,,40712,28,,,1,70,,40713,28,,,1,30,,40714,28,,,1,71,,40715,28,,,1,71,,40716,28,,,1,30,,40708,28,,,1,70,,40717,28,,,1,30,,40718,28,,,1,70,,40719,28,,,1,30,,40720,28,,,1,70,,40721,28,,,1,30,,40722,28,,,1,70,,40723,28,,,1,30,,40724,28,,,1,70,,40725,28,,,1,30,,40726,28,,,1,70,,40727,28,,,1,30,,40728,28,,,1,70,,40729,28,,,1,29,,40730,28,,,1,29,,40731,28,,,1,70,,40732,28,,,1,30,,40733,28,,,1,70,,40734,28,,,1,30,,40735,28,,,1,70,,40736,28,,,1,30,,40737,28,,,1,70,,40738,28,,,1,30,,40739,28,,,1,70,,40740,28,,,1,30,,40741,28,,,1,70,,40742,28,,,1
20100,'201-Saturday-10000010',705,,40778,21,,,1,25,,40743,28,,,1,70,,40744,28,,,1,30,,40745,28,,,1,70,,40746,28,,,1,32,,40747,28,,,1,71,,40748,28,,,1,30,,40749,28,,,1,70,,40750,28,,,1,30,,40751,28,,,1,70,,40752,28,,,1,30,,40753,28,,,1,70,,40754,28,,,1,30,,40755,28,,,1,70,,40756,28,,,1,30,,40757,28,,,1,70,,40758,28,,,1,30,,40759,28,,,1,70,,40760,28,,,1,30,,40761,28,,,1,70,,40762,28,,,1,30,,40763,28,,,1,70,,40764,28,,,1,28,,40765,28,,,1,69,,40766,28,,,1,30,,40767,28,,,1,70,,40768,28,,,1,30,,40769,28,,,1,70,,40770,28,,,1,30,,40771,28,,,1,70,,40772,28,,,1,30,,40773,28,,,1,70,,40774,28,,,1,30,,40775,28,,,1,70,,40776,28,,,1,30,,40777,28,,,1
20100,'201-Sunday-10000001',728,,40780,28,,,1,30,,40781,28,,,1,70,,40782,28,,,1,30,,40783,28,,,1,70,,40784,28,,,1,30,,40785,28,,,1,71,,40786,28,,,1,72,,40787,28,,,1,30,,40779,28,,,1,70,,40788,28,,,1,30,,40789,28,,,1,70,,40790,28,,,1,30,,40791,28,,,1,70,,40792,28,,,1,30,,40793,28,,,1,70,,40794,28,,,1,30,,40795,28,,,1,70,,40796,28,,,1,30,,40797,28,,,1,70,,40798,28,,,1,30,,40799,28,,,1,70,,40800,28,,,1,28,,40801,28,,,1,29,,40802,28,,,1,70,,40803,28,,,1,30,,40804,28,,,1,70,,40805,28,,,1,30,,40806,28,,,1,70,,40807,28,,,1,30,,40808,28,,,1,70,,40809,28,,,1,30,,40810,28,,,1,70,,40811,28,,,1,30,,40812,28,,,1,70,,40813,28,,,1
20100,'201-Weekday-11111100',545,,40848,21,,,1,60,,40889,21,,,1,16,,40849,28,,,1,15,,40850,28,,,1,15,,40847,28,,,1,56,,40851,28,,,1,19,,40846,28,,,1,17,,40852,28,,,1,15,,40845,28,,,1,50,,40877,28,,,1,10,,40853,28,,,1,10,,40841,28,,,1,10,,40878,28,,,1,10,,40854,28,,,1,10,,40842,28,,,1,50,,40879,28,,,1,10,,40855,28,,,1,10,,40839,28,,,1,10,,40880,28,,,1,9,,40856,28,,,1,9,,40838,28,,,1,48,,40881,28,,,1,11,,40857,28,,,1,10,,40814,28,,,1,10,,40893,28,,,1,10,,40858,28,,,1,10,,40815,28,,,1,50,,40894,28,,,1,10,,40859,28,,,1,10,,40816,28,,,1,10,,40895,28,,,1,10,,40860,28,,,1,10,,40817,28,,,1,50,,40896,28,,,1,10,,40861,28,,,1,10,,40818,28,,,1,10,,40897,28,,,1,10,,40862,28,,,1,10,,40819,28,,,1,50,,40898,28,,,1,10,,40863,28,,,1,10,,40820,28,,,1,10,,40899,28,,,1,10,,40864,28,,,1,10,,40821,28,,,1,50,,40900,28,,,1,10,,40865,28,,,1,10,,40822,28,,,1,10,,40901,28,,,1,11,,40866,28,,,1,11,,40823,28,,,1,52,,40902,28,,,1,11,,40867,28,,,1,11,,40908,28,,,1,10,,40840,28,,,1,10,,40882,28,,,1,50,,40876,28,,,1,10,,40868,28,,,1,10,,40883,28,,,1,10,,40844,28,,,1,10,,40824,28,,,1,10,,40884,28,,,1,50,,40869,28,,,1,10,,40870,28,,,1,10,,40885,28,,,1,10,,40825,28,,,1,10,,40871,28,,,1,10,,40886,28,,,1,50,,40843,28,,,1,8,,40872,28,,,1,9,,40887,28,,,1,8,,40826,28,,,1,9,,40873,28,,,1,10,,40888,28,,,1,9,,40827,28,,,1,50,,40874,28,,,1,15,,40907,28,,,1,15,,40875,28,,,1,15,,40890,28,,,1,55,,40828,28,,,1,15,,40891,28,,,1,15,,40829,28,,,1,15,,40892,28,,,1,55,,40830,28,,,1,15,,40903,28,,,1,15,,40831,28,,,1,15,,40904,28,,,1,54,,40832,28,,,1,13,,40905,28,0,15 16,1,14,,40833,28,,,1,13,,40906,28,,,1,70,,40834,28,,,1,30,,40835,28,,,1,75,,40836,28,,,1,30,,40837,28,,,1
