1200,'12-Holiday1-10000001',747,,34880,17,,,1,70,,34847,17,,,1,30,,34848,17,,,1,70,,34849,17,,,1,30,,34850,17,,,1,70,,34851,17,,,1,30,,34852,17,,,1,70,,34853,17,,,1,30,,34854,17,,,1,70,,34855,17,,,1,30,,34856,17,,,1,70,,34857,17,,,1,30,,34858,17,,,1,70,,34859,17,,,1,30,,34860,17,,,1,70,,34861,17,,,1,30,,34862,17,,,1,70,,34863,17,,,1,30,,34864,17,,,1,70,,34865,17,,,1,30,,34866,17,,,1,70,,34867,17,,,1,30,,34868,17,,,1,70,,34869,17,,,1,30,,34870,17,,,1,70,,34871,17,,,1,30,,34872,17,,,1,70,,34873,17,,,1,30,,34874,17,,,1,70,,34875,17,,,1,30,,34876,17,,,1,70,,34877,17,,,1,30,,34878,17,,,1
1200,'12-Saturday-10000010',647,,34917,17,,,1,70,,34881,17,,,1,30,,34882,17,,,1,70,,34883,17,,,1,30,,34884,17,,,1,70,,34885,17,,,1,30,,34886,17,,,1,70,,34887,17,,,1,30,,34888,17,,,1,70,,34889,17,,,1,30,,34890,17,,,1,70,,34891,17,,,1,30,,34892,17,,,1,70,,34893,17,,,1,30,,34894,17,,,1,70,,34895,17,,,1,30,,34896,17,,,1,70,,34897,17,,,1,30,,34898,17,,,1,70,,34899,17,,,1,30,,34900,17,,,1,70,,34901,17,,,1,30,,34902,17,,,1,70,,34903,17,,,1,30,,34904,17,,,1,70,,34905,17,,,1,30,,34906,17,,,1,70,,34907,17,,,1,30,,34908,17,,,1,70,,34909,17,,,1,30,,34910,17,,,1,70,,34911,17,,,1,30,,34912,17,,,1,70,,34913,17,,,1,30,,34914,17,,,1,70,,34915,17,,,1
1200,'12-Sunday-10000001',747,,34951,17,,,1,70,,34918,17,,,1,30,,34919,17,,,1,70,,34920,17,,,1,30,,34921,17,,,1,70,,34922,17,,,1,30,,34923,17,,,1,70,,34924,17,,,1,30,,34925,17,,,1,70,,34926,17,,,1,30,,34927,17,,,1,70,,34928,17,,,1,30,,34929,17,,,1,70,,34930,17,,,1,30,,34931,17,,,1,70,,34932,17,,,1,30,,34933,17,,,1,70,,34934,17,,,1,30,,34935,17,,,1,70,,34936,17,,,1,30,,34937,17,,,1,70,,34938,17,,,1,30,,34939,17,,,1,70,,34940,17,,,1,30,,34941,17,,,1,70,,34942,17,,,1,30,,34943,17,,,1,70,,34944,17,,,1,30,,34945,17,,,1,70,,34946,17,,,1,30,,34947,17,,,1,70,,34948,17,,,1,30,,34949,17,,,1
1200,'12-Weekday-11111100',615,,34953,17,,,1,30,,34954,17,,,1,71,,34955,17,,,1,15,,34956,17,,,1,15,,34957,17,,,1,55,,34958,17,,,1,15,,34959,17,,,1,15,,34960,17,,,1,15,,34961,17,,,1,55,,34962,17,,,1,15,,34963,17,,,1,15,,35004,17,,,1,14,,34964,17,,,1,55,,35009,17,,,1,15,,34965,17,,,1,15,,35008,17,,,1,15,,34966,17,,,1,55,,35015,17,,,1,15,,34967,17,,,1,15,,35014,17,,,1,15,,34968,17,,,1,55,,35013,17,,,1,15,,34969,17,,,1,15,,35012,17,,,1,15,,34970,17,,,1,55,,35011,17,,,1,15,,34971,17,,,1,15,,35010,17,,,1,15,,34972,17,,,1,55,,35007,17,,,1,15,,34973,17,,,1,15,,35006,17,,,1,17,,35003,17,,,1,55,,34974,17,,,1,15,,34975,17,,,1,15,,34976,17,,,1,15,,34977,17,,,1,55,,34978,17,,,1,15,,34979,17,,,1,15,,34980,17,,,1,15,,34981,17,,,1,55,,34982,17,,,1,15,,34983,17,,,1,15,,34984,17,,,1,15,,34985,17,,,1,55,,34999,17,,,1,14,,34986,17,,,1,15,,35016,17,,,1,15,,34987,17,,,1,55,,35017,17,,,1,15,,34988,17,,,1,15,,35018,17,,,1,15,,34989,17,,,1,55,,35019,17,,,1,15,,34990,17,,,1,15,,35020,17,,,1,15,,34991,17,,,1,55,,35021,17,,,1,15,,34992,17,,,1,15,,35022,17,,,1,15,,34993,17,,,1,55,,35023,17,,,1,14,,34994,17,,,1,30,,34995,17,,,1,70,,34996,17,,,1,30,,34997,17,,,1,70,,34998,17,,,1
2200,'22-Saturday-10000010',639,,36481,14,,,1,70,,36482,14,,,1,30,,36483,14,,,1,70,,36484,14,,,1,30,,36485,14,,,1,71,,36486,14,,,1,30,,36487,14,,,1,70,,36488,14,,,1,30,,36489,14,,,1,70,,36490,14,,,1,30,,36491,14,,,1,70,,36492,14,,,1,30,,36493,14,,,1,70,,36494,14,,,1,30,,36495,14,,,1,70,,36496,14,,,1,30,,36497,14,,,1,70,,36498,14,,,1,30,,36499,14,,,1,70,,36500,14,,,1,30,,36501,14,,,1,70,,36502,14,,,1,30,,36503,14,,,1,69,,36504,14,,,1,30,,36505,14,,,1,70,,36506,14,,,1,30,,36507,14,,,1,70,,36508,14,,,1,30,,36509,14,,,1,70,,36510,14,,,1,30,,36511,14,,,1,100,,36512,14,,,1,100,,36513,14,,,1
2200,'22-Sunday-10000001',839,,36524,14,,,1,100,,36514,14,,,1,100,,36515,14,,,1,100,,36516,14,,,1,100,,36517,14,,,1,100,,36518,14,,,1,100,,36519,14,,,1,100,,36520,14,,,1,100,,36521,14,,,1,100,,36522,14,,,1,100,,36523,14,,,1
2200,'22-Weekday-11111100',611,,36525,14,,,1,30,,36526,14,,,1,72,,36527,14,,,1,30,,36528,14,,,1,70,,36529,14,,,1,30,,36530,14,,,1,70,,36531,14,,,1,29,,36532,14,,,1,70,,36533,14,,,1,30,,36534,14,,,1,70,,36535,14,,,1,30,,36536,14,,,1,70,,36537,14,,,1,30,,36538,14,,,1,70,,36539,14,,,1,30,,36540,14,,,1,70,,36541,14,,,1,31,,36542,14,,,1,70,,36543,14,,,1,30,,36544,14,,,1,70,,36545,14,,,1,30,,36546,14,,,1,70,,36547,14,,,1,30,,36548,14,,,1,68,,36549,14,,,1,30,,36550,14,,,1,70,,36551,14,,,1,30,,36552,14,,,1,70,,36553,14,,,1,30,,36554,14,,,1,70,,36558,14,,,1,30,,36555,14,,,1,69,,36559,14,,,1,30,,36556,14,,,1,100,,36557,14,,,1
20101,'201-Holiday1-10000001',737,,40910,22,,,1,70,,40911,22,,,1,30,,40912,22,,,1,70,,40913,22,,,1,30,,40914,22,,,1,71,,40915,22,,,1,31,,40916,22,,,1,70,,40917,22,,,1,30,,40918,22,,,1,70,,40919,22,,,1,30,,40909,22,,,1,70,,40920,22,,,1,30,,40921,22,,,1,70,,40922,22,,,1,30,,40923,22,,,1,70,,40924,22,,,1,30,,40925,22,,,1,70,,40926,22,,,1,30,,40927,22,,,1,70,,40928,22,,,1,30,,40929,22,,,1,69,,40930,22,,,1,29,,40931,22,,,1,70,,40932,22,,,1,30,,40933,22,,,1,70,,40934,22,,,1,30,,40935,22,,,1,70,,40936,22,,,1,30,,40937,22,,,1,70,,40938,22,,,1,30,,40939,22,,,1,70,,40940,22,,,1,30,,40941,22,,,1,70,,40942,22,,,1,30,,40943,22,,,1
20101,'201-Saturday-10000010',707,,40979,22,,,1,30,,40944,22,,,1,70,,40945,22,,,1,30,,40946,22,,,1,71,,40947,22,,,1,32,,40948,22,,,1,70,,40949,22,,,1,30,,40950,22,,,1,70,,40951,22,,,1,30,,40952,22,,,1,70,,40953,22,,,1,30,,40954,22,,,1,70,,40955,22,,,1,30,,40956,22,,,1,70,,40957,22,,,1,30,,40958,22,,,1,70,,40959,22,,,1,30,,40960,22,,,1,70,,40961,22,,,1,30,,40962,22,,,1,70,,40963,22,,,1,30,,40964,22,,,1,69,,40965,22,,,1,28,,40966,22,,,1,70,,40967,22,,,1,30,,40968,22,,,1,70,,40969,22,,,1,30,,40970,22,,,1,70,,40971,22,,,1,30,,40972,22,,,1,70,,40973,22,,,1,30,,40974,22,,,1,70,,40975,22,,,1,30,,40976,22,,,1,70,,40977,22,,,1,30,,40978,22,0,13 14 7,1
20101,'201-Sunday-10000001',736,,40981,22,,,1,70,,40982,22,,,1,30,,40983,22,,,1,70,,40984,22,,,1,30,,40985,22,,,1,71,,40986,22,,,1,32,,40987,22,,,1,70,,40988,22,,,1,30,,40989,22,,,1,70,,40990,22,,,1,30,,40980,22,,,1,70,,40991,22,,,1,30,,40992,22,,,1,70,,40993,22,,,1,30,,40994,22,,,1,70,,40995,22,,,1,30,,40996,22,,,1,70,,40997,22,,,1,30,,40998,22,,,1,70,,40999,22,,,1,30,,41000,22,,,1,69,,41001,22,,,1,29,,41002,22,,,1,70,,41003,22,,,1,30,,41004,22,,,1,70,,41005,22,,,1,30,,41006,22,,,1,70,,41007,22,,,1,30,,41008,22,,,1,70,,41009,22,,,1,30,,41010,22,,,1,70,,41011,22,,,1,30,,41012,22,,,1,70,,41013,22,,,1,30,,41014,22,,,1
20101,'201-Weekday-11111100',551,,41089,22,,,1,70,,41090,22,,,1,15,,41048,22,,,1,15,,41051,22,,,1,57,,41049,22,,,1,7,,41088,6,,,1,11,,41052,22,,,1,7,,41087,6,,,1,10,,41046,22,,,1,10,,41053,22,,,1,50,,41075,22,,,1,10,,41045,22,,,1,10,,41054,22,,,1,10,,41076,22,,,1,10,,41015,22,,,1,10,,41055,22,,,1,50,,41077,22,,,1,10,,41050,22,,,1,10,,41056,22,,,1,10,,41078,22,,,1,9,,41047,22,,,1,10,,41057,22,,,1,50,,41079,22,,,1,12,,41016,22,,,1,10,,41058,22,,,1,10,,41092,22,,,1,10,,41017,22,,,1,10,,41059,22,,,1,50,,41093,22,,,1,10,,41018,22,,,1,10,,41060,22,,,1,10,,41094,22,,,1,10,,41019,22,,,1,10,,41061,22,,,1,50,,41095,22,,,1,10,,41020,22,,,1,10,,41062,22,,,1,10,,41096,22,,,1,10,,41021,22,,,1,10,,41063,22,,,1,50,,41097,22,,,1,10,,41022,22,,,1,10,,41064,22,,,1,10,,41098,22,,,1,10,,41023,22,,,1,10,,41065,22,,,1,50,,41099,22,,,1,10,,41024,22,,,1,10,,41066,22,,,1,10,,41100,22,,,1,11,,41109,11,,,1,3,,41025,22,,,1,11,,41101,22,,,1,50,,41067,22,,,1,10,,41026,22,,,1,10,,41068,22,,,1,10,,41080,22,,,1,10,,41027,22,,,1,10,,41069,22,,,1,50,,41081,22,,,1,10,,41028,22,,,1,10,,41070,22,,,1,10,,41082,22,,,1,10,,41033,22,,,1,10,,41071,22,,,1,50,,41084,22,,,1,10,,41029,22,,,1,10,,41072,22,,,1,10,,41083,22,,,1,10,,41030,22,,,1,10,,41073,22,,,1,48,,41085,22,,,1,8,,41031,22,,,1,10,,41074,22,,,1,9,,41086,22,,,1,9,,41032,22,,,1,15,,41034,22,,,1,55,,41102,22,,,1,15,,41035,22,,,1,15,,41103,22,,,1,15,,41036,22,,,1,55,,41104,22,,,1,15,,41037,22,,,1,15,,41105,22,,,1,15,,41038,22,,,1,55,,41106,22,,,1,15,,41039,22,,,1,15,,41107,22,,,1,15,,41040,22,,,1,53,,41108,22,,,1,13,,41041,22,,,1,83,,41042,22,,,1,30,,41043,22,,,1,75,,41044,22,,,1,30,,41091,22,,,1
