1300,'13-Holiday1-10000001',802,,35198,4,,,1,100,,35199,4,,,1,101,,35200,4,,,1,100,,35201,4,,,1,100,,35202,4,,,1,100,,35203,4,,,1,100,,35204,4,,,1,100,,35205,4,,,1,100,,35206,4,,,1,100,,35207,4,,,1,99,,35208,4,,,1,100,,35209,4,,,1,100,,35210,4,,,1,100,,35211,4,,,1,100,,35212,4,,,1,100,,35213,4,,,1
1300,'13-Saturday-10000010',703,,35215,4,,,1,30,,35216,4,,,1,70,,35217,4,,,1,30,,35218,4,,,1,70,,35219,4,,,1,30,,35220,4,,,1,70,,35221,4,,,1,30,,35222,4,,,1,70,,35223,4,,,1,30,,35224,4,,,1,70,,35225,4,,,1,30,,35226,4,,,1,70,,35227,4,,,1,30,,35228,4,,,1,70,,35214,4,,,1,30,,35229,4,,,1,70,,35230,4,,,1,30,,35231,4,,,1,70,,35232,4,,,1,30,,35233,4,,,1,70,,35234,4,,,1,30,,35235,4,,,1,70,,35236,4,,,1,30,,35237,4,,,1,70,,35238,4,,,1,30,,35239,4,,,1,70,,35240,4,,,1,30,,35241,4,,,1,70,,35242,4,,,1,30,,35243,4,,,1,70,,35244,4,,,1,30,,35245,4,,,1,70,,35246,4,,,1,30,,35247,4,,,1,70,,35248,4,,,1
1300,'13-Sunday-10000001',802,,35250,4,,,1,30,,35249,4,,,1,70,,35251,4,,,1,30,,35252,4,,,1,71,,35253,4,,,1,30,,35254,4,,,1,70,,35255,4,,,1,30,,35256,4,,,1,70,,35257,4,,,1,30,,35258,4,,,1,70,,35259,4,,,1,30,,35260,4,,,1,70,,35261,4,,,1,30,,35262,4,,,1,70,,35263,4,,,1,30,,35264,4,,,1,70,,35265,4,,,1,30,,35266,4,,,1,70,,35267,4,,,1,30,,35268,4,,,1,69,,35269,4,,,1,30,,35270,4,,,1,70,,35271,4,,,1,30,,35272,4,,,1,70,,35273,4,,,1,30,,35274,4,,,1,70,,35275,4,,,1,30,,35276,4,,,1,70,,35277,4,,,1,30,,35278,4,,,1,70,,35279,4,,,1
1300,'13-Weekday-21111100',532,,35305,4,,,1,70,,35280,4,,,1,30,,35281,4,,,1,71,,35282,4,,,1,30,,35283,4,,,1,15,,35318,4,,,1,55,,35284,4,,,1,30,,35285,4,,,1,70,,35286,4,,,1,30,,35287,4,,,1,70,,35288,4,,,1,30,,35289,4,,,1,70,,35290,4,,,1,30,,35291,4,,,1,70,,35292,4,,,1,30,,35293,4,,,1,70,,35294,4,,,1,30,,35295,4,,,1,70,,35296,4,,,1,30,,35297,4,,,1,70,,35298,4,,,1,30,,35299,4,,,1,70,,35300,4,,,1,30,,35301,4,,,1,70,,35302,4,,,1,30,,35303,4,,,1,70,,35304,4,,,1,30,,35310,4,,,1,70,,35311,4,,,1,30,,35312,4,,,1,70,,35313,4,,,1,30,,35314,4,,,1,70,,35315,4,,,1,30,,35316,4,,,1,69,,35317,4,,,1,30,,35306,4,,,1,70,,35308,4,,,1,30,,35307,4,,,1,70,,35309,4,,,1
2900,'29-Saturday-10000010',658,,37289,4,,,1,70,,37290,4,,,1,30,,37291,4,,,1,70,,37292,4,,,1,30,,37293,4,,,1,70,,37294,4,,,1,30,,37295,4,,,1,70,,37296,4,,,1,30,,37297,4,,,1,70,,37298,4,,,1,30,,37299,4,,,1,70,,37300,4,,,1,30,,37301,4,,,1,70,,37302,4,,,1,30,,37303,4,,,1,70,,37304,4,,,1,30,,37305,4,,,1,70,,37306,4,,,1,30,,37307,4,,,1,70,,37308,4,,,1,30,,37309,4,,,1,70,,37310,4,,,1,30,,37311,4,,,1,70,,37312,4,,,1,30,,37313,4,,,1,70,,37314,4,,,1,30,,37315,4,,,1,70,,37316,4,,,1,30,,37317,4,,,1,70,,37318,4,,,1,30,,37319,4,,,1,70,,37320,4,,,1,30,,37321,4,,,1,70,,37322,4,,,1,100,,37323,4,,,1
2900,'29-Sunday-20000001',858,,37324,4,,,1,70,,37325,4,,,1,30,,37326,4,,,1,70,,37327,4,,,1,30,,37328,4,,,1,70,,37329,4,,,1,30,,37330,4,,,1,70,,37331,4,,,1,30,,37332,4,,,1,70,,37333,4,,,1,30,,37334,4,,,1,70,,37335,4,,,1,30,,37336,4,,,1,70,,37337,4,,,1,30,,37338,4,,,1,70,,37339,4,,,1,30,,37340,4,,,1,70,,37341,4,,,1,30,,37342,4,,,1,70,,37343,4,,,1,30,,37344,4,,,1,70,,37345,4,,,1,30,,37346,4,,,1,70,,37347,4,,,1,30,,37348,4,,,1,70,,37349,4,,,1,30,,37350,4,,,1,70,,37351,4,,,1,30,,37352,4,,,1,70,,37353,4,,,1,100,,37354,4,,,1
2900,'29-Weekday-11111100',547,,37391,4,,,1,80,,37388,4,,,1,25,,37390,4,,,1,81,,37389,4,,,1,70,,37364,4,,,1,30,,37365,4,,,1,70,,37366,4,,,1,30,,37367,4,,,1,70,,37368,4,,,1,30,,37369,4,,,1,70,,37370,4,,,1,30,,37371,4,,,1,70,,37372,4,,,1,30,,37373,4,,,1,70,,37374,4,,,1,30,,37375,4,,,1,70,,37376,4,,,1,30,,37377,4,,,1,70,,37378,4,,,1,30,,37379,4,,,1,70,,37380,4,,,1,30,,37381,4,,,1,70,,37382,4,,,1,30,,37383,4,,,1,70,,37384,4,,,1,30,,37385,4,,,1,70,,37386,4,,,1,30,,37387,4,,,1,70,,37363,4,,,1,30,,37362,4,,,1,70,,37361,4,,,1,30,,37355,4,,,1,70,,37360,4,,,1,25,,37358,4,,,1,25,,37359,4,,,1,70,,37357,4,,,1,30,,37356,4,,,1
20200,'202-Holiday1-10000001',717,,41111,2,,,1,30,,41112,2,,,1,70,,41113,2,,,1,30,,41114,2,,,1,70,,41115,2,,,1,30,,41116,2,,,1,71,,41117,2,,,1,30,,41118,2,,,1,70,,41119,2,,,1,30,,41120,2,,,1,70,,41110,2,,,1,30,,41121,2,,,1,70,,41122,2,,,1,30,,41123,2,,,1,70,,41124,2,,,1,30,,41125,2,,,1,70,,41126,2,,,1,30,,41127,2,,,1,70,,41128,2,,,1,30,,41129,2,,,1,70,,41130,2,,,1,30,,41131,2,,,1,69,,41132,2,,,1,30,,41133,2,,,1,70,,41134,2,,,1,30,,41135,2,,,1,70,,41136,2,,,1,30,,41137,2,,,1,70,,41138,2,,,1,30,,41139,2,,,1,70,,41140,2,,,1,30,,41141,2,,,1,70,,41142,2,,,1,30,,41143,2,,,1
20200,'202-Saturday-10000010',617,,41179,2,,,1,30,,41144,2,,,1,70,,41145,2,,,1,30,,41146,2,,,1,70,,41147,2,,,1,30,,41148,2,,,1,70,,41149,2,,,1,30,,41150,2,,,1,70,,41151,2,,,1,30,,41152,2,,,1,70,,41153,2,,,1,30,,41154,2,,,1,70,,41155,2,,,1,30,,41156,2,,,1,70,,41157,2,,,1,30,,41158,2,,,1,70,,41159,2,,,1,30,,41160,2,,,1,70,,41161,2,,,1,30,,41162,2,,,1,70,,41163,2,,,1,30,,41164,2,,,1,70,,41165,2,,,1,30,,41166,2,,,1,70,,41167,2,,,1,30,,41168,2,,,1,70,,41169,2,,,1,30,,41170,2,,,1,70,,41171,2,,,1,30,,41172,2,,,1,70,,41173,2,,,1,30,,41174,2,,,1,70,,41175,2,,,1,30,,41176,2,,,1,70,,41177,2,,,1,30,,41178,2,,,1
20200,'202-Sunday-10000001',717,,41181,2,,,1,30,,41182,2,,,1,70,,41183,2,,,1,30,,41184,2,,,1,70,,41185,2,,,1,30,,41186,2,,,1,70,,41187,2,,,1,30,,41188,2,,,1,70,,41189,2,,,1,30,,41190,2,,,1,70,,41180,2,,,1,30,,41191,2,,,1,70,,41192,2,,,1,30,,41193,2,,,1,70,,41194,2,,,1,30,,41195,2,,,1,70,,41196,2,,,1,30,,41197,2,,,1,70,,41198,2,,,1,30,,41199,2,,,1,70,,41200,2,,,1,30,,41201,2,,,1,70,,41202,2,,,1,30,,41203,2,,,1,70,,41204,2,,,1,30,,41205,2,,,1,70,,41206,2,,,1,30,,41207,2,,,1,70,,41208,2,,,1,30,,41209,2,,,1,70,,41210,2,,,1,30,,41211,2,,,1,70,,41212,2,,,1,30,,41213,2,,,1
20200,'202-Weekday-21111100',552,,41248,2,,,1,70,,41249,2,,,1,30,,41250,2,,,1,60,,41215,2,,,1,10,,41251,2,,,1,10,,41273,2,,,1,10,,41216,2,,,1,10,,41252,2,,,1,50,,41274,2,,,1,10,,41214,2,,,1,10,,41253,2,,,1,10,,41275,2,,,1,10,,41217,2,,,1,10,,41254,2,,,1,50,,41276,2,,,1,10,,41218,2,,,1,10,,41255,2,,,1,10,,41277,2,,,1,10,,41219,2,,,1,65,,41256,2,,,1,15,,41220,2,,,1,15,,41257,2,,,1,15,,41221,2,,,1,55,,41258,2,,,1,15,,41222,2,,,1,15,,41259,2,,,1,15,,41223,2,,,1,55,,41260,2,,,1,15,,41224,2,,,1,15,,41261,2,,,1,15,,41225,2,,,1,55,,41262,2,,,1,15,,41226,2,,,1,15,,41263,2,,,1,15,,41227,2,,,1,55,,41264,2,,,1,15,,41228,2,,,1,15,,41265,2,,,1,10,,41229,2,,,1,10,,41266,2,,,1,50,,41278,2,,,1,10,,41230,2,,,1,10,,41267,2,,,1,10,,41279,2,,,1,10,,41231,2,,,1,10,,41268,2,,,1,50,,41280,2,,,1,10,,41232,2,,,1,10,,41269,2,,,1,10,,41281,2,,,1,10,,41233,2,,,1,10,,41270,2,,,1,50,,41282,2,,,1,10,,41234,2,,,1,10,,41271,2,,,1,10,,41283,2,,,1,10,,41235,2,,,1,10,,41272,2,,,1,50,,41284,2,,,1,10,,41236,2,,,1,30,,41237,2,,,1,70,,41238,2,,,1,30,,41239,2,,,1,70,,41240,2,,,1,30,,41241,2,,,1,70,,41242,2,,,1,30,,41243,2,,,1,70,,41244,2,,,1,30,,41245,2,,,1,70,,41246,2,,,1,30,,41247,2,,,1
