6201,'62-Weekday-11111100',600,,29352,1,,,1,23,,29352,19,4,,1,7,,29353,1,,,1,23,,29353,20,4,,1,47,,29354,1,,,1,22,,29354,19,4,,1,8,,29355,1,,,1,22,,29355,19,4,,1,48,,29356,1,,,1,22,,29356,19,4,,1,8,,29357,1,,,1,22,,29357,19,4,,1,48,,29358,1,,,1,22,,29358,19,4,,1,8,,29359,1,,,1,21,,29359,19,4,,1,49,,29360,1,,,1,21,,29360,19,4,,1,9,,29361,1,,,1,21,,29361,19,4,,1,49,,29362,1,,,1,21,,29362,19,4,,1,9,,29363,1,,,1,21,,29363,19,4,,1,49,,29364,1,,,1,21,,29364,19,4,,1,9,,29365,1,,,1,21,,29365,19,4,,1,49,,29366,1,,,1,21,,29366,19,4,,1,9,,29367,1,,,1,21,,29367,19,4,,1,49,,29368,1,,,1,21,,29368,19,4,,1,9,,29369,1,,,1,25,,29369,19,4,,1,45,,29370,1,,,1,25,,29370,19,4,,1,5,,29371,1,,,1,25,,29371,19,4,,1,45,,29372,1,,,1,25,,29372,19,4,,1,5,,29373,1,,,1,25,,29373,19,4,,1,45,,29374,1,,,1,25,,29374,19,4,,1,5,,29375,1,,,1,25,,29375,19,4,,1,45,,29376,1,,,1,20,,29376,19,4,,1,10,,29377,1,,,1,20,,29377,19,4,,1,50,,29378,1,,,1,20,,29378,19,4,,1,10,,29379,1,,,1,20,,29379,19,4,,1,50,,29380,1,,,1,20,,29380,19,4,,1,10,,29381,1,,,1,20,,29381,19,4,,1,50,,29382,1,,,1,20,,29382,19,4,,1,10,,29383,1,,,1,20,,29383,19,4,,1,50,,29384,1,,,1,19,,29384,19,4,,1,11,,29385,1,,,1,19,,29385,19,4,,1,51,,29386,1,,,1,19,,29386,19,4,,1,11,,29387,1,,,1,19,,29387,19,4,,1,66,,29388,1,,,1,19,,29388,19,4,,1
6700,'67-Weekday-11111100',610,,29841,17,4,,1,30,,29828,41,4,,1,70,,29829,41,4,,1,30,,29830,41,4,,1,70,,29831,41,4,,1,30,,29836,41,4,,1,70,,29834,41,4,,1,531,,29839,41,4,,1,70,,29835,41,4,,1,30,,29840,41,4,,1,70,,29824,41,4,,1,30,,29838,41,4,,1,70,,29825,41,4,,1,30,,29826,41,4,,1,70,,29827,41,4,,1,429,,29833,41,4,,1,70,,29837,41,4,,1,30,,29832,41,4,,1
6701,'67-Weekday-11111100',615,,29854,1,,,1,30,,29845,1,,,1,70,,29844,1,,,1,30,,29842,1,,,1,70,,29857,1,,,1,30,,29843,1,,,1,570,,29850,1,,,1,30,,29849,1,,,1,70,,29848,1,,,1,30,,29847,1,,,1,70,,29846,1,,,1,30,,29855,1,,,1,70,,29851,1,,,1,30,,29858,1,,,1,475,,29853,1,,,1,30,,29856,1,,,1,70,,29852,1,,,1
7800,'78-Weekday-11111100',552,,29927,1,,,1,78,,29928,1,,,1,70,,29929,1,,,1,30,,29930,1,,,1,70,,29931,1,,,1,30,,29932,1,,,1,70,,29933,1,,,1,30,,29934,1,,,1,470,,29935,1,,,1,30,,29936,1,,,1,70,,29937,1,,,1,30,,29938,1,,,1,70,,29939,1,,,1,30,,29940,1,,,1,70,,29941,1,,,1,30,,29942,1,,,1,70,,29943,1,,,1,430,,29944,1,,,1,70,,29945,1,,,1,30,,29946,1,,,1
7801,'78-Weekday-11111100',629,,29947,7,4,,1,81,,29948,7,4,,1,31,,29949,7,4,,1,70,,29950,7,4,,1,30,,29951,7,4,,1,70,,29952,7,4,,1,29,,29953,7,4,,1,69,,29954,7,4,,1,431,,29955,7,4,,1,71,,29956,7,4,,1,30,,29957,7,4,,1,70,,29958,7,4,,1,30,,29959,7,4,,1,70,,29960,7,4,,1,30,,29961,7,4,,1,69,,29962,7,4,,1,29,,29963,7,4,,1,420,,29964,7,4,,1,70,,29965,7,4,,1,30,,29966,7,4,,1
20300,'203-Saturday-10000010',701,,30705,23,4,,1,100,,30706,23,4,,1,100,,30707,23,4,,1,104,,30708,23,4,,1,30,,30709,23,4,,1,70,,30710,23,4,,1,30,,30711,23,4,,1,70,,30712,23,4,,1,30,,30713,23,4,,1,70,,30714,23,4,,1,30,,30715,23,4,,1,70,,30716,23,4,,1,30,,30717,23,4,,1,70,,30718,23,4,,1,30,,30719,23,4,,1,70,,30720,23,4,,1,30,,30721,23,4,,1,70,,30722,23,4,,1,30,,30723,23,4,,1,69,,30724,23,4,,1,27,,30725,23,4,,1,100,,30726,23,4,,1,100,,30727,23,4,,1,100,,30728,23,4,,1
20300,'203-Sunday-10000001',930,,30729,23,4,,1,101,,30730,23,4,,1,100,,30731,23,4,,1,100,,30732,23,4,,1,100,,30733,23,4,,1,100,,30734,23,4,,1,100,,30735,23,4,,1,100,,30736,23,4,,1,100,,30737,23,4,,1,99,,30738,23,4,,1,100,,30739,23,4,,1,100,,30740,23,4,,1,100,,30741,23,4,,1
20300,'203-Weekday-11111100',1005,,30769,23,4,,1,30,,30774,23,4,,1,70,,30768,23,4,,1,30,,30767,23,4,,1,70,,30766,23,4,,1,30,,30775,23,4,,1,70,,30765,23,4,,1,30,,30764,23,4,,1,70,,30763,23,4,,1,30,,30762,23,4,,1,395,,30753,23,4,,1,70,,30754,23,4,,1,30,,30755,23,4,,1,70,,30756,23,4,,1,30,,30757,23,4,,1,70,,30758,23,4,,1,30,,30759,23,4,,1,70,,30760,23,4,,1,30,,30761,23,4,,1,70,,30772,23,4,,1
20301,'203-Saturday-10000010',710,,30792,1,,,1,100,,30793,1,,,1,100,,30794,1,,,1,100,,30795,1,,,1,30,,30796,1,,,1,70,,30797,1,,,1,30,,30798,1,,,1,70,,30799,1,,,1,30,,30800,1,,,1,70,,30801,1,,,1,30,,30802,1,,,1,70,,30803,1,,,1,30,,30804,1,,,1,70,,30805,1,,,1,30,,30806,1,,,1,70,,30807,1,,,1,30,,30808,1,,,1,70,,30789,1,,,1,30,,30791,1,,,1,70,,30790,1,,,1,30,,30809,1,,,1,95,,30810,1,,,1,100,,30811,1,,,1,100,,30812,1,,,1
20301,'203-Sunday-10000001',940,,30814,1,,,1,100,,30822,1,,,1,100,,30821,1,,,1,100,,30820,1,,,1,100,,30819,1,,,1,100,,30818,1,,,1,100,,30817,1,,,1,100,,30816,1,,,1,100,,30815,1,,,1,90,,30813,1,,,1,100,,30825,1,,,1,100,,30824,1,,,1,100,,30823,1,,,1
20301,'203-Weekday-11111100',640,,30826,6,,,1,69,,30827,6,,,1,38,,30828,6,,,1,70,,30829,6,,,1,30,,30830,6,,,1,70,,30831,6,,,1,36,,30832,6,,,1,57,,30841,1,,,1,30,,30842,1,,,1,70,,30843,1,,,1,30,,30844,1,,,1,70,,30845,1,,,1,30,,30846,1,,,1,70,,30847,1,,,1,30,,30848,1,,,1,70,,30849,1,,,1,30,,30850,1,,,1,79,,30851,6,,,1,30,,30852,6,,,1,70,,30853,6,,,1,30,,30854,6,,,1,70,,30855,6,,,1,30,,30856,6,,,1,71,,30857,6,,,1,20,,30858,1,,,1,70,,30840,1,,,1,30,,30833,1,,,1,70,,30834,1,,,1,30,,30835,1,,,1,70,,30836,1,,,1,30,,30837,1,,,1,70,,30838,1,,,1,30,,30839,1,,,1,72,,30859,1,,,1
