5301,'53-Holiday1-10000001',849,,28112,6,,,1,100,,28113,6,,,1,101,,28114,6,,,1,100,,28115,6,,,1,100,,28116,6,,,1,100,,28117,6,,,1,100,,28118,6,,,1,100,,28119,6,,,1,100,,28120,6,,,1,100,,28121,6,,,1,99,,28122,6,,,1,100,,28123,6,,,1,100,,28124,6,,,1,100,,28125,6,,,1,100,,28126,6,,,1
5301,'53-Saturday-10000010',649,,28155,6,,,1,70,,28128,6,,,1,30,,28129,6,,,1,70,,28130,6,,,1,30,,28131,6,,,1,72,,28132,6,,,1,30,,28133,6,,,1,70,,28134,6,,,1,30,,28135,6,,,1,70,,28136,6,,,1,30,,28137,6,,,1,70,,28138,6,,,1,30,,28139,6,,,1,70,,28140,6,,,1,30,,28141,6,,,1,70,,28142,6,,,1,30,,28143,6,,,1,70,,28144,6,,,1,30,,28145,6,,,1,70,,28146,6,,,1,30,,28147,6,,,1,70,,28148,6,,,1,30,,28149,6,,,1,69,,28150,6,,,1,30,,28151,6,,,1,100,,28152,6,,,1,100,,28153,6,,,1,100,,28154,6,,,1,100,,28127,6,,,1,155,,28156,6,,,1
5301,'53-Sunday-10000001',819,,28157,6,,,1,100,,28158,6,,,1,101,,28159,6,,,1,30,,28160,6,,,1,70,,28161,6,,,1,30,,28162,6,,,1,70,,28163,6,,,1,30,,28164,6,,,1,70,,28165,6,,,1,30,,28166,6,,,1,70,,28167,6,,,1,30,,28168,6,,,1,70,,28169,6,,,1,30,,28170,6,,,1,70,,28171,6,,,1,30,,28172,6,,,1,70,,28173,6,,,1,30,,28174,6,,,1,99,,28175,6,,,1,100,,28176,6,,,1,100,,28177,6,,,1,100,,28178,6,,,1,100,,28179,6,,,1
5301,'53-Weekday-11111100',535,,28201,6,,,1,70,,28202,6,,,1,30,,28203,6,,,1,70,,28204,6,,,1,30,,28205,6,,,1,70,,28206,6,,,1,30,,28180,6,,,1,70,,28181,6,,,1,30,,28182,6,,,1,70,,28183,6,,,1,30,,28184,6,,,1,70,,28185,6,,,1,30,,28186,6,,,1,70,,28187,6,,,1,30,,28188,6,,,1,70,,28189,6,,,1,31,,28216,6,,,1,70,,28211,6,,,1,25,,28210,6,,,1,26,,28209,6,,,1,70,,28208,6,,,1,30,,28207,6,,,1,70,,28214,6,,,1,30,,28215,6,,,1,70,,28190,6,,,1,30,,28191,6,,,1,78,,28192,6,,,1,70,,28193,6,,,1,30,,28194,6,,,1,70,,28195,6,,,1,30,,28196,6,,,1,70,,28197,6,,,1,30,,28213,6,,,1,69,,28212,6,,,1,30,,28198,6,,,1,70,,28199,6,,,1,30,,28200,6,,,1
5801,'58-Holiday1-11111111',804,,28852,6,,,1,100,,28851,6,,,1,101,,28850,6,,,1,100,,28853,6,,,1,100,,28854,6,,,1,100,,28855,6,,,1,100,,28856,6,,,1,100,,28857,6,,,1,100,,28858,6,,,1,100,,28859,6,,,1,100,,28860,6,,,1,100,,28865,6,,,1,100,,28864,6,,,1,100,,28863,6,,,1,100,,28862,6,,,1,100,,28861,6,,,1
5801,'58-Saturday-10000010',634,,28873,6,,,1,70,,28872,6,,,1,30,,28871,6,,,1,70,,28870,6,,,1,30,,28869,6,,,1,71,,28868,6,,,1,30,,28867,6,,,1,70,,28866,6,,,1,30,,28889,6,,,1,70,,28888,6,,,1,30,,28887,6,,,1,70,,28886,6,,,1,30,,28885,6,,,1,70,,28884,6,,,1,30,,28883,6,,,1,70,,28882,6,,,1,30,,28881,6,,,1,70,,28880,6,,,1,30,,28879,6,,,1,70,,28878,6,,,1,30,,28877,6,,,1,70,,28876,6,,,1,30,,28875,6,,,1,70,,28874,6,,,1,100,,28891,6,,,1,100,,28893,6,,,1,100,,28894,6,,,1,100,,28892,6,,,1,100,,28890,6,,,1
5801,'58-Sunday-10000001',834,,28897,6,,,1,100,,28896,6,,,1,101,,28895,6,,,1,70,,28898,6,,,1,30,,28912,6,,,1,70,,28911,6,,,1,30,,28910,6,,,1,70,,28909,6,,,1,30,,28908,6,,,1,70,,28907,6,,,1,30,,28906,6,,,1,70,,28905,6,,,1,30,,28904,6,,,1,70,,28903,6,,,1,30,,28902,6,,,1,70,,28901,6,,,1,30,,28900,6,,,1,70,,28899,6,,,1,100,,28917,6,,,1,100,,28916,6,,,1,100,,28915,6,,,1,100,,28914,6,,,1,100,,28913,6,,,1
5801,'58-Weekday-11111100',539,,28921,6,,,1,70,,28920,6,,,1,30,,28919,6,,,1,71,,28918,6,,,1,30,,28934,6,,,1,70,,28933,6,,,1,30,,28932,6,,,1,70,,28931,6,,,1,30,,28930,6,,,1,70,,28929,6,,,1,30,,28928,6,,,1,70,,28927,6,,,1,30,,28926,6,,,1,70,,28925,6,,,1,30,,28924,6,,,1,70,,28923,6,,,1,30,,28922,6,,,1,70,,28940,6,,,1,36,,28939,6,,,1,70,,28952,6,,,1,30,,28938,6,,,1,70,,28937,6,,,1,30,,28936,6,,,1,70,,28951,6,,,1,30,,28953,6,,,1,69,,28935,6,,,1,20,,28950,6,,,1,70,,28949,6,,,1,30,,28948,6,,,1,70,,28947,6,,,1,30,,28946,6,,,1,70,,28945,6,,,1,30,,28944,6,,,1,65,,28943,6,,,1,29,,28942,6,,,1,30,,28941,6,,,1
6000,'60-Saturday-10000010',705,,28954,5,,,1,30,,28955,5,,,1,70,,28956,5,,,1,30,,28957,5,,,1,70,,28958,5,,,1,30,,28959,5,,,1,70,,28960,5,,,1,30,,28961,5,,,1,70,,28962,5,,,1,30,,28963,5,,,1,70,,28964,5,,,1,30,,28965,5,,,1,70,,28966,5,,,1,30,,28967,5,,,1,70,,28968,5,,,1,30,,28969,5,,,1,70,,28970,5,,,1,30,,28971,5,,,1,70,,28972,5,,,1,30,,28973,5,,,1,70,,28974,5,,,1,30,,28975,5,,,1,70,,28976,5,,,1,30,,28977,5,,,1
6000,'60-Weekday-11111100',606,,29009,5,,,1,30,,29008,5,,,1,70,,29007,5,,,1,30,,29006,5,,,1,70,,29005,5,,,1,30,,29004,5,,,1,70,,29003,5,,,1,30,,29002,5,,,1,70,,29001,5,,,1,30,,29000,5,,,1,70,,28999,5,,,1,30,,28998,5,,,1,70,,28997,5,,,1,30,,28996,5,,,1,70,,28995,5,,,1,30,,28994,5,,,1,70,,28978,5,,,1,31,,28993,5,,,1,20,,28991,5,,,1,70,,28992,5,,,1,30,,28990,5,,,1,70,,28989,5,,,1,30,,28988,5,,,1,70,,28987,5,,,1,30,,28986,5,,,1,79,,28985,5,,,1,70,,28984,5,,,1,30,,28983,5,,,1,70,,28982,5,,,1,30,,28981,5,,,1,70,,28980,5,,,1,30,,28979,5,,,1
6500,'65-Holiday1-10000001',850,,29587,5,,,1,85,,29588,5,,,1,85,,29589,5,,,1,85,,29590,5,,,1,45,,29591,5,,,1,85,,29592,5,,,1,85,,29593,5,,,1,85,,29594,5,,,1,45,,29595,5,,,1,85,,29596,5,,,1,85,,29597,5,,,1,85,,29598,5,,,1,45,,29599,5,,,1,85,,29600,5,,,1,85,,29601,5,,,1,85,,29602,5,,,1,45,,29603,5,,,1,85,,29604,5,,,1
6500,'65-Saturday-10000010',720,,29605,5,,,1,30,,29606,5,,,1,70,,29607,5,,,1,30,,29608,5,,,1,71,,29609,5,,,1,30,,29610,5,,,1,70,,29611,5,,,1,30,,29612,5,,,1,70,,29613,5,,,1,30,,29614,5,,,1,70,,29615,5,,,1,30,,29616,5,,,1,70,,29617,5,,,1,30,,29618,5,,,1,70,,29619,5,,,1,30,,29620,5,,,1,70,,29621,5,,,1,30,,29622,5,,,1,70,,29623,5,,,1,30,,29624,5,,,1,70,,29625,5,,,1,30,,29626,5,,,1,69,,29627,5,,,1,85,,29628,5,,,1,45,,29629,5,,,1,85,,29630,5,,,1,85,,29631,5,,,1,85,,29632,5,,,1,45,,29633,5,,,1,85,,29634,5,,,1
6500,'65-Sunday-10000001',850,,29635,5,,,1,70,,29667,5,,,1,30,,29636,5,,,1,70,,29659,3,,,1,30,,29638,5,,,1,70,,29660,3,,,1,30,,29640,5,,,1,70,,29661,3,,,1,30,,29642,5,,,1,70,,29662,3,,,1,30,,29644,5,,,1,70,,29663,3,,,1,30,,29646,5,,,1,70,,29664,3,,,1,30,,29648,5,,,1,70,,29665,3,,,1,30,,29650,5,,,1,70,,29666,3,,,1,30,,29652,5,,,1,70,,29653,5,,,1,85,,29654,5,,,1,45,,29655,5,,,1,85,,29656,5,,,1,85,,29657,5,,,1,85,,29658,5,,,1
6500,'65-Weekday-11111100',620,,29668,5,,,1,30,,29669,5,,,1,71,,29670,5,,,1,30,,29671,5,,,1,70,,29672,5,,,1,30,,29673,5,,,1,70,,29674,5,,,1,30,,29675,5,,,1,70,,29676,5,,,1,30,,29677,5,,,1,70,,29678,5,,,1,30,,29679,5,,,1,70,,29680,5,,,1,30,,29681,5,,,1,70,,29682,5,,,1,30,,29683,5,,,1,75,,29684,5,,,1,32,,29685,5,,,1,70,,29686,5,,,1,30,,29687,5,,,1,70,,29688,5,,,1,30,,29689,5,,,1,70,,29690,5,,,1,30,,29691,5,,,1,62,,29692,5,,,1,30,,29693,5,,,1,70,,29694,5,,,1,30,,29695,5,,,1,70,,29696,5,,,1,30,,29697,5,,,1,70,,29698,5,,,1,30,,29699,5,,,1,70,,29700,5,,,1,30,,29701,5,,,1,70,,29702,5,,,1,30,,29703,5,,,1
