101,'1-Holiday1-10000001',824,,32554,24,,,1,100,,32555,24,,,1,30,,32556,24,,,1,72,,32557,24,,,1,30,,32558,24,,,1,70,,32559,24,,,1,30,,32560,24,,,1,70,,32561,24,,,1,30,,32562,24,,,1,70,,32563,24,,,1,30,,32564,24,,,1,70,,32565,24,,,1,30,,32566,24,,,1,70,,32567,24,,,1,30,,32568,24,,,1,70,,32569,24,,,1,30,,32570,24,,,1,70,,32571,24,,,1,30,,32572,24,,,1,68,,32573,24,,,1,100,,32574,24,,,1,100,,32575,24,,,1,100,,32576,24,,,1,100,,32577,24,,,1,100,,32578,24,,,1,100,,32579,24,,,1
101,'1-Saturday-10000010',624,,32580,24,,,1,30,,32581,24,,,1,70,,32582,24,,,1,30,,32583,24,,,1,70,,32584,24,,,1,30,,32585,24,,,1,72,,32586,24,,,1,30,,32587,24,,,1,70,,32588,24,,,1,30,,32589,24,,,1,70,,32590,24,,,1,30,,32591,24,,,1,70,,32592,24,,,1,30,,32593,24,,,1,70,,32594,24,,,1,30,,32595,24,,,1,70,,32596,24,,,1,30,,32597,24,,,1,70,,32598,24,,,1,30,,32599,24,,,1,70,,32600,24,,,1,30,,32601,24,,,1,70,,32602,24,,,1,30,,32603,24,,,1,68,,32604,24,,,1,30,,32605,24,,,1,70,,32606,24,,,1,30,,32607,24,,,1,70,,32608,24,,,1,30,,32609,24,,,1,70,,32610,24,,,1,30,,32611,24,,,1,70,,32612,24,,,1,30,,32613,24,,,1,70,,32614,24,,,1,100,,32615,24,,,1
101,'1-Sunday-10000001',824,,32616,24,,,1,100,,32617,24,,,1,30,,32618,24,,,1,72,,32619,24,,,1,30,,32620,24,,,1,70,,32621,24,,,1,30,,32622,24,,,1,70,,32623,24,,,1,30,,32624,24,,,1,70,,32625,24,,,1,30,,32626,24,,,1,70,,32627,24,,,1,30,,32628,24,,,1,70,,32629,24,,,1,30,,32630,24,,,1,70,,32631,24,,,1,30,,32632,24,,,1,70,,32633,24,,,1,30,,32634,24,,,1,68,,32635,24,,,1,100,,32636,24,,,1,100,,32637,24,,,1,100,,32638,24,,,1,100,,32639,24,,,1,100,,32640,24,,,1,100,,32641,24,,,1
101,'1-Weekday-11111100',609,,32678,24,,,1,15,,32676,24,,,1,15,,32680,14,,,1,15,,32677,24,,,1,56,,32679,14,,,1,16,,32642,24,,,1,30,,32643,24,,,1,70,,32644,24,,,1,30,,32645,24,,,1,70,,32646,24,,,1,30,,32647,24,,,1,70,,32656,24,,,1,30,,32657,24,,,1,70,,32658,24,,,1,30,,32659,24,,,1,70,,32660,24,,,1,30,,32661,24,,,1,70,,32662,24,,,1,30,,32663,24,,,1,70,,32664,24,,,1,31,,32648,24,,,1,70,,32649,24,,,1,30,,32650,24,,,1,70,,32651,24,,,1,30,,32652,24,,,1,70,,32653,24,,,1,30,,32654,24,,,1,69,,32655,24,,,1,30,,32665,24,,,1,70,,32666,24,,,1,30,,32667,24,,,1,70,,32668,24,,,1,30,,32669,24,,,1,70,,32670,24,,,1,30,,32671,24,,,1,68,,32672,24,,,1,30,,32673,24,,,1,70,,32674,24,,,1,100,,32675,24,,,1
9100,'91-Saturday-10000010',2400,,40692,1,0,21 22 23,1,30,,40693,1,0,21 22 23,1,70,,40694,1,0,21 22 23,1,30,,40695,1,0,21 22 23,1,70,,40696,1,0,21 22 23,1
9100,'91-Weekday-10001100',2400,,40697,1,0,21 22 23,1,30,,40698,1,0,21 22 23,1,70,,40699,1,0,21 22 23,1,30,,40700,1,0,21 22 23,1,70,,40701,1,0,21 22 23,1
9101,'91-Saturday-10000010',2500,,40702,22,4,,1,30,,40703,22,4,,1,70,,40704,22,4,,1
9101,'91-Weekday-10001100',2500,,40705,22,4,,1,30,,40706,22,4,,1,70,,40707,22,4,,1
20401,'204-Holiday1-10000001',746,,41791,15,,,1,70,,41792,15,,,1,30,,41793,15,,,1,70,,41794,15,,,1,30,,41795,15,,,1,70,,41790,15,,,1,30,,41796,15,,,1,70,,41797,15,,,1,30,,41798,15,,,1,70,,41799,15,,,1,30,,41800,15,,,1,70,,41801,15,,,1,30,,41802,15,,,1,70,,41803,15,,,1,30,,41804,15,,,1,70,,41805,15,,,1,30,,41806,15,,,1,70,,41807,15,,,1,30,,41808,15,,,1,70,,41809,15,,,1,30,,41810,15,,,1,70,,41811,15,,,1,30,,41812,15,,,1,70,,41813,15,,,1,30,,41814,15,,,1,70,,41815,15,,,1,30,,41816,15,,,1,70,,41817,15,,,1,30,,41818,15,,,1,70,,41819,15,,,1,30,,41820,15,,,1,70,,41821,15,,,1,30,,41822,15,,,1
20401,'204-Saturday-10000010',644,,41857,15,,,1,70,,41823,15,,,1,30,,41824,15,,,1,70,,41825,15,,,1,30,,41826,15,,,1,70,,41827,15,,,1,33,,41828,15,,,1,70,,41856,15,,,1,30,,41829,15,,,1,70,,41830,15,,,1,30,,41831,15,,,1,70,,41832,15,,,1,30,,41833,15,,,1,70,,41834,15,,,1,30,,41835,15,,,1,70,,41836,15,,,1,30,,41837,15,,,1,70,,41838,15,,,1,30,,41839,15,,,1,70,,41840,15,,,1,30,,41841,15,,,1,70,,41842,15,,,1,30,,41843,15,,,1,69,,41844,15,,,1,28,,41845,15,,,1,70,,41846,15,,,1,30,,41847,15,,,1,70,,41848,15,,,1,30,,41849,15,,,1,70,,41850,15,,,1,30,,41851,15,,,1,70,,41852,15,,,1,30,,41853,15,,,1,70,,41854,15,,,1,30,,41855,15,,,1
20401,'204-Sunday-10000001',743,,41859,15,,,1,70,,41860,15,,,1,30,,41861,15,,,1,70,,41862,15,,,1,30,,41863,15,,,1,70,,41858,15,,,1,33,,41864,15,,,1,70,,41865,15,,,1,30,,41866,15,,,1,70,,41867,15,,,1,30,,41868,15,,,1,70,,41869,15,,,1,30,,41870,15,,,1,70,,41871,15,,,1,30,,41872,15,,,1,70,,41873,15,,,1,30,,41874,15,,,1,70,,41875,15,,,1,30,,41876,15,,,1,70,,41877,15,,,1,30,,41878,15,,,1,70,,41879,15,,,1,27,,41880,15,,,1,70,,41881,15,,,1,30,,41882,15,,,1,70,,41883,15,,,1,30,,41884,15,,,1,70,,41885,15,,,1,30,,41886,15,,,1,70,,41887,15,,,1,30,,41888,15,,,1,70,,41889,15,,,1,30,,41890,15,,,1
20401,'204-Weekday-11111100',611,,41948,15,,,1,31,,41942,15,,,1,71,,41891,15,,,1,16,,41949,15,,,1,15,,41943,15,,,1,15,,41892,15,,,1,55,,41944,15,,,1,15,,41893,15,,,1,15,,41894,15,,,1,15,,41895,15,,,1,55,,41896,15,,,1,15,,41897,15,,,1,15,,41898,15,,,1,15,,41899,15,,,1,59,,41900,15,,,1,15,,41901,15,,,1,15,,41902,15,,,1,55,,41903,15,,,1,15,,41904,15,,,1,15,,41905,15,,,1,15,,41906,15,,,1,55,,41907,15,,,1,15,,41908,15,,,1,15,,41909,15,,,1,15,,41910,15,,,1,55,,41911,15,,,1,15,,41912,15,,,1,15,,41913,15,,,1,15,,41914,15,,,1,55,,41915,15,,,1,15,,41916,15,,,1,15,,41917,15,,,1,16,,41918,15,,,1,56,,41919,15,,,1,10,,41947,15,,,1,13,,41920,15,,,1,20,,41921,15,,,1,55,,41922,15,,,1,15,,41923,15,,,1,15,,41924,15,,,1,15,,41925,15,,,1,55,,41926,15,,,1,15,,41927,15,,,1,15,,41928,15,,,1,15,,41946,15,,,1,55,,41929,15,,,1,13,,41930,15,,,1,14,,41931,15,,,1,27,,41945,15,,,1,50,,41932,15,,,1,40,,41933,15,,,1,70,,41934,15,,,1,30,,41935,15,,,1,70,,41936,15,,,1,30,,41937,15,,,1,69,,41938,15,,,1,28,,41939,15,,,1,70,,41940,15,,,1,30,,41941,15,,,1
